1 # bones
root
-1
0 0 0
1 # meshes
10_Pavement-D-D_0_0_0_root_root
1 # uv layers
1 # textures
atlas.jpg
0 # uv layer index
24 # vertices
-0.350205 0.004864 0.28176
0 1 0
255 255 255 255
0.50034 0.999196
0 0 0 0
1 0 0 0
-0.111612 0.004864 0.210567
0 1 0
255 255 255 255
0.547773 0.985043
0 0 0 0
1 0 0 0
-0.350205 0.004864 -0.028027
0 1 0
255 255 255 255
0.50034 0.937609
0 0 0 0
1 0 0 0
0.269368 0.004864 -0.337814
0 1 0
255 255 255 255
0.623514 0.876022
0 0 0 0
1 0 0 0
-0.040418 0.004864 -0.337814
0 1 0
255 255 255 255
0.561927 0.876022
0 0 0 0
1 0 0 0
0.198175 0.004864 -0.099221
0 1 0
255 255 255 255
0.609361 0.923455
0 0 0 0
1 0 0 0
0.070473 0.004864 0.082865
0 1 0
255 255 255 255
0.583973 0.959655
0 0 0 0
1 0 0 0
-0.350205 0.004864 -0.337814
0 1 0
255 255 255 255
0.50034 0.876022
0 0 0 0
1 0 0 0
-0.111612 0.004864 0.210567
0.2858889 0 0.9582627
255 255 255 255
0.531156 0.997179
0 0 0 0
1 0 0 0
-0.350205 0.004864 0.28176
0.2858889 0 0.9582627
255 255 255 255
0.50037 0.997179
0 0 0 0
1 0 0 0
-0.350205 -0.008646 0.28176
0.2858889 0 0.9582627
255 255 255 255
0.50037 0.99924
0 0 0 0
1 0 0 0
-0.111612 -0.008646 0.210567
0.2858889 0 0.9582627
255 255 255 255
0.531156 0.99924
0 0 0 0
1 0 0 0
0.198175 0.004864 -0.099221
0.8187101 0 0.5742071
255 255 255 255
0.592728 0.997179
0 0 0 0
1 0 0 0
0.070473 0.004864 0.082865
0.8187101 0 0.5742071
255 255 255 255
0.561942 0.997179
0 0 0 0
1 0 0 0
0.070473 -0.008646 0.082865
0.8187101 0 0.5742071
255 255 255 255
0.561942 0.99924
0 0 0 0
1 0 0 0
0.198175 -0.008646 -0.099221
0.8187101 0 0.5742071
255 255 255 255
0.592728 0.99924
0 0 0 0
1 0 0 0
0.070473 0.004864 0.082865
0.5742071 0 0.8187101
255 255 255 255
0.561942 0.997179
0 0 0 0
1 0 0 0
-0.111612 0.004864 0.210567
0.5742071 0 0.8187101
255 255 255 255
0.531156 0.997179
0 0 0 0
1 0 0 0
-0.111612 -0.008646 0.210567
0.5742071 0 0.8187101
255 255 255 255
0.531156 0.99924
0 0 0 0
1 0 0 0
0.070473 -0.008646 0.082865
0.5742071 0 0.8187101
255 255 255 255
0.561942 0.99924
0 0 0 0
1 0 0 0
0.269368 0.004864 -0.337814
0.9582627 0 0.2858889
255 255 255 255
0.623514 0.997179
0 0 0 0
1 0 0 0
0.198175 0.004864 -0.099221
0.9582627 0 0.2858889
255 255 255 255
0.592728 0.997179
0 0 0 0
1 0 0 0
0.198175 -0.008646 -0.099221
0.9582627 0 0.2858889
255 255 255 255
0.592728 0.99924
0 0 0 0
1 0 0 0
0.269368 -0.008646 -0.337814
0.9582627 0 0.2858889
255 255 255 255
0.623514 0.99924
0 0 0 0
1 0 0 0
14 # faces
0 2 1
3 5 4
2 6 1
6 4 5
6 2 7
4 6 7
8 10 9
10 8 11
12 14 13
14 12 15
16 18 17
18 16 19
20 22 21
22 20 23
