1 # bones
root
-1
0 0 0
1 # meshes
10_Pavement-D-A_0_0_0_root_root
1 # uv layers
1 # textures
atlas.jpg
0 # uv layer index
20 # vertices
0.309789 0.005404 0.309787
0 1 0
255 255 255 255
0.623514 0.999196
0 0 0 0
1 0 0 0
0.309789 0.005404 -0.309788
0 1 0
255 255 255 255
0.623514 0.876022
0 0 0 0
1 0 0 0
-0.309786 0.005404 -0.309788
0 1 0
255 255 255 255
0.50034 0.876022
0 0 0 0
1 0 0 0
-0.309786 0.005404 0.309787
0 1 0
255 255 255 255
0.50034 0.999196
0 0 0 0
1 0 0 0
0.309789 0.005404 -0.309788
1 0 0
255 255 255 255
0.623514 0.997259
0 0 0 0
1 0 0 0
0.309789 0.005404 0.309787
1 0 0
255 255 255 255
0.50037 0.997259
0 0 0 0
1 0 0 0
0.309789 -0.008106 0.309787
1 0 0
255 255 255 255
0.50037 0.999197
0 0 0 0
1 0 0 0
0.309789 -0.008106 -0.309788
1 0 0
255 255 255 255
0.623514 0.999197
0 0 0 0
1 0 0 0
0.309789 0.005404 0.309787
0 0 1
255 255 255 255
0.623513 0.997259
0 0 0 0
1 0 0 0
-0.309786 0.005404 0.309787
0 0 1
255 255 255 255
0.50037 0.997259
0 0 0 0
1 0 0 0
-0.309786 -0.008106 0.309787
0 0 1
255 255 255 255
0.50037 0.999197
0 0 0 0
1 0 0 0
0.309789 -0.008106 0.309787
0 0 1
255 255 255 255
0.623513 0.999197
0 0 0 0
1 0 0 0
-0.309786 0.005404 -0.309788
0 0 -1
255 255 255 255
0.623514 0.997259
0 0 0 0
1 0 0 0
0.309789 0.005404 -0.309788
0 0 -1
255 255 255 255
0.50037 0.997259
0 0 0 0
1 0 0 0
0.309789 -0.008106 -0.309788
0 0 -1
255 255 255 255
0.50037 0.999197
0 0 0 0
1 0 0 0
-0.309786 -0.008106 -0.309788
0 0 -1
255 255 255 255
0.623514 0.999197
0 0 0 0
1 0 0 0
-0.309786 0.005404 0.309787
-1 0 0
255 255 255 255
0.623514 0.997259
0 0 0 0
1 0 0 0
-0.309786 0.005404 -0.309788
-1 0 0
255 255 255 255
0.50037 0.997259
0 0 0 0
1 0 0 0
-0.309786 -0.008106 -0.309788
-1 0 0
255 255 255 255
0.50037 0.999197
0 0 0 0
1 0 0 0
-0.309786 -0.008106 0.309787
-1 0 0
255 255 255 255
0.623514 0.999197
0 0 0 0
1 0 0 0
10 # faces
0 2 1
2 0 3
4 6 5
6 4 7
8 10 9
10 8 11
12 14 13
14 12 15
16 18 17
18 16 19
