1 # bones
root
-1
0 0 0
1 # meshes
10_Pavement-D-B_0_0_0_root_root
1 # uv layers
1 # textures
atlas.jpg
0 # uv layer index
40 # vertices
0.121402 0.004323 -0.20605
0 1 0
255 255 255 255
0.608543 0.876231
0 0 0 0
1 0 0 0
-0.413525 0.004323 -0.20605
0 1 0
255 255 255 255
0.50036 0.876231
0 0 0 0
1 0 0 0
-0.413525 0.004323 0.413525
0 1 0
255 255 255 255
0.50036 0.999194
0 0 0 0
1 0 0 0
0.20605 0.004324 0.413525
0 1 0
255 255 255 255
0.623323 0.999194
0 0 0 0
1 0 0 0
0.20605 0.004324 -0.121401
0 1 0
255 255 255 255
0.623323 0.891011
0 0 0 0
1 0 0 0
0.153794 0.004323 -0.199604
0 1 0
255 255 255 255
0.614199 0.877356
0 0 0 0
1 0 0 0
0.199605 0.004323 -0.153794
0 1 0
255 255 255 255
0.622198 0.885355
0 0 0 0
1 0 0 0
0.181255 0.004323 -0.181255
0 1 0
255 255 255 255
0.618994 0.88056
0 0 0 0
1 0 0 0
-0.413525 0.004323 -0.20605
0 0 -1
255 255 255 255
0.613936 0.996733
0 0 0 0
1 0 0 0
0.121402 0.004323 -0.20605
0 0 -1
255 255 255 255
0.512973 0.996733
0 0 0 0
1 0 0 0
0.121402 -0.009186 -0.20605
0 0 -1
255 255 255 255
0.512973 0.999372
0 0 0 0
1 0 0 0
-0.413525 -0.009186 -0.20605
0 0 -1
255 255 255 255
0.613936 0.999372
0 0 0 0
1 0 0 0
0.121402 0.004323 -0.20605
0.195193 0 -0.9807649
255 255 255 255
0.512973 0.996733
0 0 0 0
1 0 0 0
0.153794 0.004323 -0.199604
0.195193 0 -0.9807649
255 255 255 255
0.506535 0.996733
0 0 0 0
1 0 0 0
0.153794 -0.009186 -0.199604
0.195193 0 -0.9807649
255 255 255 255
0.506535 0.999372
0 0 0 0
1 0 0 0
0.121402 -0.009186 -0.20605
0.195193 0 -0.9807649
255 255 255 255
0.512973 0.999372
0 0 0 0
1 0 0 0
0.181255 0.004323 -0.181255
0.8314652 0 -0.5555767
255 255 255 255
0.613936 0.996733
0 0 0 0
1 0 0 0
0.199605 0.004323 -0.153794
0.8314652 0 -0.5555767
255 255 255 255
0.607828 0.996733
0 0 0 0
1 0 0 0
0.199605 -0.009186 -0.153794
0.8314652 0 -0.5555767
255 255 255 255
0.607828 0.999372
0 0 0 0
1 0 0 0
0.181255 -0.009186 -0.181255
0.8314652 0 -0.5555767
255 255 255 255
0.613936 0.999372
0 0 0 0
1 0 0 0
0.153794 0.004323 -0.199604
0.5555767 0 -0.8314652
255 255 255 255
0.506535 0.996733
0 0 0 0
1 0 0 0
0.181255 0.004323 -0.181255
0.5555767 0 -0.8314652
255 255 255 255
0.500427 0.996733
0 0 0 0
1 0 0 0
0.181255 -0.009186 -0.181255
0.5555767 0 -0.8314652
255 255 255 255
0.500427 0.999372
0 0 0 0
1 0 0 0
0.153794 -0.009186 -0.199604
0.5555767 0 -0.8314652
255 255 255 255
0.506535 0.999372
0 0 0 0
1 0 0 0
0.199605 0.004323 -0.153794
0.9807649 0 -0.195193
255 255 255 255
0.607828 0.996733
0 0 0 0
1 0 0 0
0.20605 0.004324 -0.121401
0.9807649 0 -0.195193
255 255 255 255
0.60139 0.996733
0 0 0 0
1 0 0 0
0.20605 -0.009186 -0.121401
0.9807649 0 -0.195193
255 255 255 255
0.60139 0.999372
0 0 0 0
1 0 0 0
0.199605 -0.009186 -0.153794
0.9807649 0 -0.195193
255 255 255 255
0.607828 0.999372
0 0 0 0
1 0 0 0
0.20605 0.004324 -0.121401
1 0 0
255 255 255 255
0.60139 0.996733
0 0 0 0
1 0 0 0
0.20605 0.004324 0.413525
1 0 0
255 255 255 255
0.500427 0.996733
0 0 0 0
1 0 0 0
0.20605 -0.009186 0.413525
1 0 0
255 255 255 255
0.500427 0.999372
0 0 0 0
1 0 0 0
0.20605 -0.009186 -0.121401
1 0 0
255 255 255 255
0.60139 0.999372
0 0 0 0
1 0 0 0
-0.413525 0.004323 0.413525
-1 0 0
255 255 255 255
0.613936 0.996815
0 0 0 0
1 0 0 0
-0.413525 0.004323 -0.20605
-1 0 0
255 255 255 255
0.500427 0.996815
0 0 0 0
1 0 0 0
-0.413525 -0.009186 -0.20605
-1 0 0
255 255 255 255
0.500427 0.99929
0 0 0 0
1 0 0 0
-0.413525 -0.009186 0.413525
-1 0 0
255 255 255 255
0.613936 0.99929
0 0 0 0
1 0 0 0
0.20605 0.004324 0.413525
0 0 1
255 255 255 255
0.613936 0.996815
0 0 0 0
1 0 0 0
-0.413525 0.004323 0.413525
0 0 1
255 255 255 255
0.500427 0.996815
0 0 0 0
1 0 0 0
-0.413525 -0.009186 0.413525
0 0 1
255 255 255 255
0.500427 0.99929
0 0 0 0
1 0 0 0
0.20605 -0.009186 0.413525
0 0 1
255 255 255 255
0.613936 0.99929
0 0 0 0
1 0 0 0
22 # faces
0 2 1
3 2 4
5 2 0
6 2 7
7 2 5
4 2 6
8 10 9
11 10 8
12 14 13
15 14 12
16 18 17
19 18 16
20 22 21
23 22 20
24 26 25
27 26 24
28 30 29
31 30 28
32 34 33
35 34 32
36 38 37
39 38 36
