1 # bones
root
-1
0 0 0
1 # meshes
10_Pavement-D-C_0_0_0_root_root
1 # uv layers
1 # textures
atlas.jpg
0 # uv layer index
48 # vertices
-6.019777 0.598875 1.852244
0 1 0
255 255 255 255
0.500339 0.999195
0 0 0 0
1 0 0 0
-5.351442 0.598875 1.852244
0 1 0
255 255 255 255
0.623513 0.999195
0 0 0 0
1 0 0 0
-5.351442 0.598875 1.183908
0 1 0
255 255 255 255
0.623513 0.876021
0 0 0 0
1 0 0 0
-6.019777 0.598875 1.183908
0 1 0
255 255 255 255
0.500339 0.876021
0 0 0 0
1 0 0 0
-6.019777 0.598875 2.423058
0 1 0
255 255 255 255
0.500339 0.999196
0 0 0 0
1 0 0 0
-5.351442 0.598875 2.423058
0 1 0
255 255 255 255
0.623513 0.999196
0 0 0 0
1 0 0 0
-5.351442 0.598875 1.852244
0 1 0
255 255 255 255
0.623513 0.876022
0 0 0 0
1 0 0 0
-6.019777 0.598875 1.852244
0 1 0
255 255 255 255
0.500339 0.876022
0 0 0 0
1 0 0 0
-4.780628 0.598875 1.852244
0 1 0
255 255 255 255
0.623514 0.999195
0 0 0 0
1 0 0 0
-4.780628 0.598875 1.183908
0 1 0
255 255 255 255
0.623514 0.876021
0 0 0 0
1 0 0 0
-5.351442 0.598875 1.183908
0 1 0
255 255 255 255
0.50034 0.876021
0 0 0 0
1 0 0 0
-5.351442 0.598875 1.852244
0 1 0
255 255 255 255
0.50034 0.999195
0 0 0 0
1 0 0 0
-4.780628 0.598875 2.423058
0 1 0
255 255 255 255
0.623514 0.999196
0 0 0 0
1 0 0 0
-4.780628 0.598875 1.852244
0 1 0
255 255 255 255
0.623514 0.876022
0 0 0 0
1 0 0 0
-5.351442 0.598875 1.852244
0 1 0
255 255 255 255
0.50034 0.876022
0 0 0 0
1 0 0 0
-5.351442 0.598875 2.423058
0 1 0
255 255 255 255
0.50034 0.999196
0 0 0 0
1 0 0 0
-6.019777 0.598875 1.852244
-1 0 0
255 255 255 255
0.623514 0.997259
0 0 0 0
1 0 0 0
-6.019777 0.598875 1.183908
-1 0 0
255 255 255 255
0.50037 0.997259
0 0 0 0
1 0 0 0
-6.019777 0.585365 1.183908
-1 0 0
255 255 255 255
0.50037 0.999197
0 0 0 0
1 0 0 0
-6.019777 0.585365 1.852244
-1 0 0
255 255 255 255
0.623514 0.999197
0 0 0 0
1 0 0 0
-5.351442 0.598875 2.423058
0 0 1
255 255 255 255
0.623514 0.997259
0 0 0 0
1 0 0 0
-6.019777 0.598875 2.423058
0 0 1
255 255 255 255
0.50037 0.997259
0 0 0 0
1 0 0 0
-6.019777 0.585365 2.423058
0 0 1
255 255 255 255
0.50037 0.999197
0 0 0 0
1 0 0 0
-5.351442 0.585365 2.423058
0 0 1
255 255 255 255
0.623514 0.999197
0 0 0 0
1 0 0 0
-5.351442 0.598875 1.183908
0 0 -1
255 255 255 255
0.623514 0.997259
0 0 0 0
1 0 0 0
-4.780628 0.598875 1.183908
0 0 -1
255 255 255 255
0.50037 0.997259
0 0 0 0
1 0 0 0
-4.780628 0.585365 1.183908
0 0 -1
255 255 255 255
0.50037 0.999197
0 0 0 0
1 0 0 0
-5.351442 0.585365 1.183908
0 0 -1
255 255 255 255
0.623514 0.999197
0 0 0 0
1 0 0 0
-4.780628 0.598875 1.852244
1 0 0
255 255 255 255
0.623514 0.997259
0 0 0 0
1 0 0 0
-4.780628 0.598875 2.423058
1 0 0
255 255 255 255
0.50037 0.997259
0 0 0 0
1 0 0 0
-4.780628 0.585365 2.423058
1 0 0
255 255 255 255
0.50037 0.999197
0 0 0 0
1 0 0 0
-4.780628 0.585365 1.852244
1 0 0
255 255 255 255
0.623514 0.999197
0 0 0 0
1 0 0 0
-6.019777 0.598875 2.423058
-1 0 0
255 255 255 255
0.623514 0.997259
0 0 0 0
1 0 0 0
-6.019777 0.598875 1.852244
-1 0 0
255 255 255 255
0.50037 0.997259
0 0 0 0
1 0 0 0
-6.019777 0.585365 1.852244
-1 0 0
255 255 255 255
0.50037 0.999197
0 0 0 0
1 0 0 0
-6.019777 0.585365 2.423058
-1 0 0
255 255 255 255
0.623514 0.999197
0 0 0 0
1 0 0 0
-4.780628 0.598875 1.183908
1 0 0
255 255 255 255
0.623514 0.997259
0 0 0 0
1 0 0 0
-4.780628 0.598875 1.852244
1 0 0
255 255 255 255
0.50037 0.997259
0 0 0 0
1 0 0 0
-4.780628 0.585365 1.852244
1 0 0
255 255 255 255
0.50037 0.999197
0 0 0 0
1 0 0 0
-4.780628 0.585365 1.183908
1 0 0
255 255 255 255
0.623514 0.999197
0 0 0 0
1 0 0 0
-4.780628 0.598875 2.423058
0 0 1
255 255 255 255
0.623513 0.997259
0 0 0 0
1 0 0 0
-5.351442 0.598875 2.423058
0 0 1
255 255 255 255
0.50037 0.997259
0 0 0 0
1 0 0 0
-5.351442 0.585365 2.423058
0 0 1
255 255 255 255
0.50037 0.999197
0 0 0 0
1 0 0 0
-4.780628 0.585365 2.423058
0 0 1
255 255 255 255
0.623513 0.999197
0 0 0 0
1 0 0 0
-6.019777 0.598875 1.183908
0 0 -1
255 255 255 255
0.623514 0.997259
0 0 0 0
1 0 0 0
-5.351442 0.598875 1.183908
0 0 -1
255 255 255 255
0.50037 0.997259
0 0 0 0
1 0 0 0
-5.351442 0.585365 1.183908
0 0 -1
255 255 255 255
0.50037 0.999197
0 0 0 0
1 0 0 0
-6.019777 0.585365 1.183908
0 0 -1
255 255 255 255
0.623514 0.999197
0 0 0 0
1 0 0 0
24 # faces
0 2 1
2 0 3
4 6 5
6 4 7
8 10 9
10 8 11
12 14 13
14 12 15
16 18 17
18 16 19
20 22 21
22 20 23
24 26 25
26 24 27
28 30 29
30 28 31
32 34 33
34 32 35
36 38 37
38 36 39
40 42 41
42 40 43
44 46 45
46 44 47
