1 # bones
root
-1
0 0 0
1 # meshes
10_Pavement-A-E_0_0_0_root_root
1 # uv layers
1 # textures
atlas.jpg
0 # uv layer index
40 # vertices
-0.427758 0.005975 0.203732
0 1 0
255 255 255 255
0.250141 0.874862
0 0 0 0
1 0 0 0
-0.117971 0.005975 0.203732
0 1 0
255 255 255 255
0.312537 0.874862
0 0 0 0
1 0 0 0
-0.189164 0.005975 0.132539
0 1 0
255 255 255 255
0.298197 0.860522
0 0 0 0
1 0 0 0
-0.007079 0.005975 0.004837
0 1 0
255 255 255 255
0.334872 0.834801
0 0 0 0
1 0 0 0
0.191816 0.005975 0.203732
0 1 0
255 255 255 255
0.374933 0.874862
0 0 0 0
1 0 0 0
0.191816 0.005975 -0.106055
0 1 0
255 255 255 255
0.374933 0.812465
0 0 0 0
1 0 0 0
0.120623 0.005975 -0.177249
0 1 0
255 255 255 255
0.360594 0.798126
0 0 0 0
1 0 0 0
0.191816 0.005975 -0.415843
0 1 0
255 255 255 255
0.374933 0.750069
0 0 0 0
1 0 0 0
-0.427758 0.005975 0.203732
-0.2858889 0 -0.9582627
255 255 255 255
0.374933 0.872818
0 0 0 0
1 0 0 0
-0.189164 0.005975 0.132539
-0.2858889 0 -0.9582627
255 255 255 255
0.343742 0.872818
0 0 0 0
1 0 0 0
-0.189164 -0.007535 0.132539
-0.2858889 0 -0.9582627
255 255 255 255
0.343742 0.874906
0 0 0 0
1 0 0 0
-0.427758 -0.007535 0.203732
-0.2858889 0 -0.9582627
255 255 255 255
0.374933 0.874906
0 0 0 0
1 0 0 0
-0.007079 0.005975 0.004837
-0.8187101 0 -0.5742071
255 255 255 255
0.312552 0.872818
0 0 0 0
1 0 0 0
0.120623 0.005975 -0.177249
-0.8187101 0 -0.5742071
255 255 255 255
0.281361 0.872818
0 0 0 0
1 0 0 0
0.120623 -0.007535 -0.177249
-0.8187101 0 -0.5742071
255 255 255 255
0.281361 0.874906
0 0 0 0
1 0 0 0
-0.007079 -0.007535 0.004837
-0.8187101 0 -0.5742071
255 255 255 255
0.312552 0.874906
0 0 0 0
1 0 0 0
-0.189164 0.005975 0.132539
-0.5742071 0 -0.8187101
255 255 255 255
0.343742 0.872818
0 0 0 0
1 0 0 0
-0.007079 0.005975 0.004837
-0.5742071 0 -0.8187101
255 255 255 255
0.312552 0.872818
0 0 0 0
1 0 0 0
-0.007079 -0.007535 0.004837
-0.5742071 0 -0.8187101
255 255 255 255
0.312552 0.874906
0 0 0 0
1 0 0 0
-0.189164 -0.007535 0.132539
-0.5742071 0 -0.8187101
255 255 255 255
0.343742 0.874906
0 0 0 0
1 0 0 0
0.120623 0.005975 -0.177249
-0.9582627 0 -0.2858889
255 255 255 255
0.281361 0.872818
0 0 0 0
1 0 0 0
0.191816 0.005975 -0.415843
-0.9582627 0 -0.2858889
255 255 255 255
0.250171 0.872818
0 0 0 0
1 0 0 0
0.191816 -0.007534 -0.415843
-0.9582627 0 -0.2858889
255 255 255 255
0.250171 0.874906
0 0 0 0
1 0 0 0
0.120623 -0.007535 -0.177249
-0.9582627 0 -0.2858889
255 255 255 255
0.281361 0.874906
0 0 0 0
1 0 0 0
0.191816 0.005975 -0.106055
1 0.0001 0
255 255 255 255
0.312552 0.872899
0 0 0 0
1 0 0 0
0.191817 -0.007535 -0.106055
1 0.0001 0
255 255 255 255
0.312552 0.874863
0 0 0 0
1 0 0 0
0.191816 -0.007534 -0.415843
1 0.0001 0
255 255 255 255
0.374933 0.874863
0 0 0 0
1 0 0 0
0.191816 -0.007534 -0.415843
1 0 0
255 255 255 255
0.374933 0.874863
0 0 0 0
1 0 0 0
0.191816 0.005975 -0.415843
1 0 0
255 255 255 255
0.374933 0.872899
0 0 0 0
1 0 0 0
0.191816 0.005975 -0.106055
1 0 0
255 255 255 255
0.312552 0.872899
0 0 0 0
1 0 0 0
-0.117971 0.005975 0.203732
0 0.0001 1
255 255 255 255
0.312552 0.872899
0 0 0 0
1 0 0 0
-0.117971 -0.007535 0.203733
0 0.0001 1
255 255 255 255
0.312552 0.874863
0 0 0 0
1 0 0 0
0.191817 -0.007535 0.203733
0 0.0001 1
255 255 255 255
0.374933 0.874863
0 0 0 0
1 0 0 0
0.191816 0.005975 0.203732
0 0.0001 1
255 255 255 255
0.374933 0.872899
0 0 0 0
1 0 0 0
-0.427758 0.005975 0.203732
0 0 1
255 255 255 255
0.250171 0.872899
0 0 0 0
1 0 0 0
-0.427758 -0.007535 0.203732
0 0 1
255 255 255 255
0.250171 0.874863
0 0 0 0
1 0 0 0
-0.117971 -0.007535 0.203733
0 0 1
255 255 255 255
0.312552 0.874863
0 0 0 0
1 0 0 0
-0.427758 0.005975 0.203732
0 0.0001 1
255 255 255 255
0.250171 0.872899
0 0 0 0
1 0 0 0
0.191816 0.005975 0.203732
1 0.0001 0
255 255 255 255
0.250171 0.872899
0 0 0 0
1 0 0 0
0.191817 -0.007535 0.203733
1 0.0001 0
255 255 255 255
0.250171 0.874863
0 0 0 0
1 0 0 0
22 # faces
0 2 1
3 1 2
1 3 4
3 5 4
5 3 6
5 6 7
8 10 9
10 8 11
12 14 13
14 12 15
16 18 17
18 16 19
20 22 21
22 20 23
24 26 25
27 29 28
30 32 31
32 30 33
34 36 35
31 37 30
38 25 39
25 38 24
