1 # bones
root
-1
0 0 0
1 # meshes
10_Pavement-C-C_0_0_0_root_root
1 # uv layers
1 # textures
atlas.jpg
0 # uv layer index
48 # vertices
-0.629919 0.004913 0.038418
0 1 0
255 255 255 255
3.8E-05 0.374839
0 0 0 0
1 0 0 0
0.038416 0.004913 0.038418
0 1 0
255 255 255 255
0.124831 0.374839
0 0 0 0
1 0 0 0
0.038416 0.004913 -0.629918
0 1 0
255 255 255 255
0.124831 0.250047
0 0 0 0
1 0 0 0
-0.629919 0.004913 -0.629918
0 1 0
255 255 255 255
3.8E-05 0.250047
0 0 0 0
1 0 0 0
-0.629919 0.004913 0.609232
0 1 0
255 255 255 255
3.8E-05 0.374841
0 0 0 0
1 0 0 0
0.038416 0.004913 0.609232
0 1 0
255 255 255 255
0.124831 0.374841
0 0 0 0
1 0 0 0
0.038416 0.004913 0.038418
0 1 0
255 255 255 255
0.124831 0.250048
0 0 0 0
1 0 0 0
-0.629919 0.004913 0.038418
0 1 0
255 255 255 255
3.8E-05 0.250048
0 0 0 0
1 0 0 0
0.60923 0.004913 0.038418
0 1 0
255 255 255 255
0.124832 0.374839
0 0 0 0
1 0 0 0
0.60923 0.004913 -0.629918
0 1 0
255 255 255 255
0.124832 0.250047
0 0 0 0
1 0 0 0
0.038416 0.004913 -0.629918
0 1 0
255 255 255 255
3.9E-05 0.250047
0 0 0 0
1 0 0 0
0.038416 0.004913 0.038418
0 1 0
255 255 255 255
3.9E-05 0.374839
0 0 0 0
1 0 0 0
0.60923 0.004913 0.609232
0 1 0
255 255 255 255
0.124832 0.374841
0 0 0 0
1 0 0 0
0.60923 0.004913 0.038418
0 1 0
255 255 255 255
0.124832 0.250048
0 0 0 0
1 0 0 0
0.038416 0.004913 0.038418
0 1 0
255 255 255 255
3.9E-05 0.250048
0 0 0 0
1 0 0 0
0.038416 0.004913 0.609232
0 1 0
255 255 255 255
3.9E-05 0.374841
0 0 0 0
1 0 0 0
-0.629919 0.004913 0.038418
-1 0 0
255 255 255 255
0.124831 0.372878
0 0 0 0
1 0 0 0
-0.629919 0.004913 -0.629918
-1 0 0
255 255 255 255
6.9E-05 0.372878
0 0 0 0
1 0 0 0
-0.629919 -0.008597 -0.629918
-1 0 0
255 255 255 255
6.9E-05 0.374842
0 0 0 0
1 0 0 0
-0.629919 -0.008597 0.038418
-1 0 0
255 255 255 255
0.124831 0.374842
0 0 0 0
1 0 0 0
0.038416 0.004913 0.609232
0 0 1
255 255 255 255
0.124831 0.372878
0 0 0 0
1 0 0 0
-0.629919 0.004913 0.609232
0 0 1
255 255 255 255
6.9E-05 0.372878
0 0 0 0
1 0 0 0
-0.629919 -0.008597 0.609232
0 0 1
255 255 255 255
6.9E-05 0.374842
0 0 0 0
1 0 0 0
0.038416 -0.008597 0.609232
0 0 1
255 255 255 255
0.124831 0.374842
0 0 0 0
1 0 0 0
0.038416 0.004913 -0.629918
0 0 -1
255 255 255 255
0.124831 0.372878
0 0 0 0
1 0 0 0
0.60923 0.004913 -0.629918
0 0 -1
255 255 255 255
6.9E-05 0.372878
0 0 0 0
1 0 0 0
0.60923 -0.008597 -0.629918
0 0 -1
255 255 255 255
6.9E-05 0.374842
0 0 0 0
1 0 0 0
0.038416 -0.008597 -0.629918
0 0 -1
255 255 255 255
0.124831 0.374842
0 0 0 0
1 0 0 0
0.60923 0.004913 0.038418
1 0 0
255 255 255 255
0.124831 0.372878
0 0 0 0
1 0 0 0
0.60923 0.004913 0.609232
1 0 0
255 255 255 255
6.9E-05 0.372878
0 0 0 0
1 0 0 0
0.60923 -0.008597 0.609232
1 0 0
255 255 255 255
6.9E-05 0.374842
0 0 0 0
1 0 0 0
0.60923 -0.008597 0.038418
1 0 0
255 255 255 255
0.124831 0.374842
0 0 0 0
1 0 0 0
-0.629919 0.004913 0.609232
-1 0 0
255 255 255 255
0.124831 0.372878
0 0 0 0
1 0 0 0
-0.629919 0.004913 0.038418
-1 0 0
255 255 255 255
6.9E-05 0.372878
0 0 0 0
1 0 0 0
-0.629919 -0.008597 0.038418
-1 0 0
255 255 255 255
6.9E-05 0.374842
0 0 0 0
1 0 0 0
-0.629919 -0.008597 0.609232
-1 0 0
255 255 255 255
0.124831 0.374842
0 0 0 0
1 0 0 0
0.60923 0.004913 -0.629918
1 0 0
255 255 255 255
0.124831 0.372878
0 0 0 0
1 0 0 0
0.60923 0.004913 0.038418
1 0 0
255 255 255 255
6.9E-05 0.372878
0 0 0 0
1 0 0 0
0.60923 -0.008597 0.038418
1 0 0
255 255 255 255
6.9E-05 0.374842
0 0 0 0
1 0 0 0
0.60923 -0.008597 -0.629918
1 0 0
255 255 255 255
0.124831 0.374842
0 0 0 0
1 0 0 0
0.60923 0.004913 0.609232
0 0 1
255 255 255 255
0.124831 0.372878
0 0 0 0
1 0 0 0
0.038416 0.004913 0.609232
0 0 1
255 255 255 255
6.9E-05 0.372878
0 0 0 0
1 0 0 0
0.038416 -0.008597 0.609232
0 0 1
255 255 255 255
6.9E-05 0.374842
0 0 0 0
1 0 0 0
0.60923 -0.008597 0.609232
0 0 1
255 255 255 255
0.124831 0.374842
0 0 0 0
1 0 0 0
-0.629919 0.004913 -0.629918
0 0 -1
255 255 255 255
0.124831 0.372878
0 0 0 0
1 0 0 0
0.038416 0.004913 -0.629918
0 0 -1
255 255 255 255
6.9E-05 0.372878
0 0 0 0
1 0 0 0
0.038416 -0.008597 -0.629918
0 0 -1
255 255 255 255
6.9E-05 0.374842
0 0 0 0
1 0 0 0
-0.629919 -0.008597 -0.629918
0 0 -1
255 255 255 255
0.124831 0.374842
0 0 0 0
1 0 0 0
24 # faces
0 2 1
2 0 3
4 6 5
6 4 7
8 10 9
10 8 11
12 14 13
14 12 15
16 18 17
18 16 19
20 22 21
22 20 23
24 26 25
26 24 27
28 30 29
30 28 31
32 34 33
34 32 35
36 38 37
38 36 39
40 42 41
42 40 43
44 46 45
46 44 47
