1 # bones
root
-1
0 0 0
1 # meshes
10_Pavement-A-B_0_0_0_root_root
1 # uv layers
1 # textures
atlas.jpg
0 # uv layer index
40 # vertices
0.121401 0.004323 -0.20605
0 1 0
255 255 255 255
0.359766 0.75028
0 0 0 0
1 0 0 0
-0.413526 0.004323 -0.20605
0 1 0
255 255 255 255
0.250161 0.75028
0 0 0 0
1 0 0 0
-0.413526 0.004323 0.413525
0 1 0
255 255 255 255
0.250161 0.87486
0 0 0 0
1 0 0 0
0.206049 0.004324 0.413525
0 1 0
255 255 255 255
0.37474 0.87486
0 0 0 0
1 0 0 0
0.206049 0.004324 -0.121401
0 1 0
255 255 255 255
0.37474 0.765255
0 0 0 0
1 0 0 0
0.153793 0.004323 -0.199603
0 1 0
255 255 255 255
0.365496 0.75142
0 0 0 0
1 0 0 0
0.199603 0.004323 -0.153794
0 1 0
255 255 255 255
0.3736 0.759524
0 0 0 0
1 0 0 0
0.181254 0.004323 -0.181255
0 1 0
255 255 255 255
0.370354 0.754666
0 0 0 0
1 0 0 0
-0.413526 0.004323 -0.20605
0 0 -1
255 255 255 255
0.365229 0.872366
0 0 0 0
1 0 0 0
0.121401 0.004323 -0.20605
0 0 -1
255 255 255 255
0.26294 0.872366
0 0 0 0
1 0 0 0
0.121401 -0.009186 -0.20605
0 0 -1
255 255 255 255
0.26294 0.87504
0 0 0 0
1 0 0 0
-0.413526 -0.009186 -0.20605
0 0 -1
255 255 255 255
0.365229 0.87504
0 0 0 0
1 0 0 0
0.121401 0.004323 -0.20605
0.195193 0 -0.9807649
255 255 255 255
0.26294 0.872366
0 0 0 0
1 0 0 0
0.153793 0.004323 -0.199603
0.195193 0 -0.9807649
255 255 255 255
0.256417 0.872366
0 0 0 0
1 0 0 0
0.153793 -0.009186 -0.199603
0.195193 0 -0.9807649
255 255 255 255
0.256417 0.87504
0 0 0 0
1 0 0 0
0.121401 -0.009186 -0.20605
0.195193 0 -0.9807649
255 255 255 255
0.26294 0.87504
0 0 0 0
1 0 0 0
0.181254 0.004323 -0.181255
0.8314652 0 -0.5555767
255 255 255 255
0.365229 0.872366
0 0 0 0
1 0 0 0
0.199603 0.004323 -0.153794
0.8314652 0 -0.5555767
255 255 255 255
0.359041 0.872366
0 0 0 0
1 0 0 0
0.199603 -0.009186 -0.153794
0.8314652 0 -0.5555767
255 255 255 255
0.359041 0.87504
0 0 0 0
1 0 0 0
0.181254 -0.009186 -0.181255
0.8314652 0 -0.5555767
255 255 255 255
0.365229 0.87504
0 0 0 0
1 0 0 0
0.153793 0.004323 -0.199603
0.5555076 0 -0.8315114
255 255 255 255
0.256417 0.872366
0 0 0 0
1 0 0 0
0.181254 0.004323 -0.181255
0.5555076 0 -0.8315114
255 255 255 255
0.250229 0.872366
0 0 0 0
1 0 0 0
0.181254 -0.009186 -0.181255
0.5555076 0 -0.8315114
255 255 255 255
0.250229 0.87504
0 0 0 0
1 0 0 0
0.153793 -0.009186 -0.199603
0.5555076 0 -0.8315114
255 255 255 255
0.256417 0.87504
0 0 0 0
1 0 0 0
0.199603 0.004323 -0.153794
0.9807649 0 -0.195193
255 255 255 255
0.359041 0.872366
0 0 0 0
1 0 0 0
0.206049 0.004324 -0.121401
0.9807649 0 -0.195193
255 255 255 255
0.352518 0.872366
0 0 0 0
1 0 0 0
0.206049 -0.009186 -0.121401
0.9807649 0 -0.195193
255 255 255 255
0.352518 0.87504
0 0 0 0
1 0 0 0
0.199603 -0.009186 -0.153794
0.9807649 0 -0.195193
255 255 255 255
0.359041 0.87504
0 0 0 0
1 0 0 0
0.206049 0.004324 -0.121401
1 0 0
255 255 255 255
0.352518 0.872366
0 0 0 0
1 0 0 0
0.206049 0.004324 0.413525
1 0 0
255 255 255 255
0.250229 0.872366
0 0 0 0
1 0 0 0
0.206049 -0.009186 0.413525
1 0 0
255 255 255 255
0.250229 0.87504
0 0 0 0
1 0 0 0
0.206049 -0.009186 -0.121401
1 0 0
255 255 255 255
0.352518 0.87504
0 0 0 0
1 0 0 0
-0.413526 0.004323 0.413525
-1 0 0
255 255 255 255
0.365229 0.872449
0 0 0 0
1 0 0 0
-0.413526 0.004323 -0.20605
-1 0 0
255 255 255 255
0.250229 0.872449
0 0 0 0
1 0 0 0
-0.413526 -0.009186 -0.20605
-1 0 0
255 255 255 255
0.250229 0.874957
0 0 0 0
1 0 0 0
-0.413526 -0.009186 0.413525
-1 0 0
255 255 255 255
0.365229 0.874957
0 0 0 0
1 0 0 0
0.206049 0.004324 0.413525
0 0 1
255 255 255 255
0.365229 0.872449
0 0 0 0
1 0 0 0
-0.413526 0.004323 0.413525
0 0 1
255 255 255 255
0.250229 0.872449
0 0 0 0
1 0 0 0
-0.413526 -0.009186 0.413525
0 0 1
255 255 255 255
0.250229 0.874957
0 0 0 0
1 0 0 0
0.206049 -0.009186 0.413525
0 0 1
255 255 255 255
0.365229 0.874957
0 0 0 0
1 0 0 0
22 # faces
0 2 1
3 2 4
5 2 0
6 2 7
7 2 5
4 2 6
8 10 9
11 10 8
12 14 13
15 14 12
16 18 17
19 18 16
20 22 21
23 22 20
24 26 25
27 26 24
28 30 29
31 30 28
32 34 33
35 34 32
36 38 37
39 38 36
