1 # bones
root
-1
0 0 0
1 # meshes
10_Pavement-B-B_0_0_0_root_root
1 # uv layers
1 # textures
atlas.jpg
0 # uv layer index
41 # vertices
0.121402 0.004323 -0.20605
0 1 0
255 255 255 255
0.484739 0.250405
0 0 0 0
1 0 0 0
-0.413525 0.004323 -0.20605
0 1 0
255 255 255 255
0.375376 0.250405
0 0 0 0
1 0 0 0
-0.413525 0.004323 0.413525
0 1 0
255 255 255 255
0.375376 0.374709
0 0 0 0
1 0 0 0
0.206049 0.004324 0.413525
0 1 0
255 255 255 255
0.49968 0.374709
0 0 0 0
1 0 0 0
0.20605 0.004324 -0.121401
0 1 0
255 255 255 255
0.49968 0.265347
0 0 0 0
1 0 0 0
0.153794 0.004323 -0.199603
0 1 0
255 255 255 255
0.490457 0.251543
0 0 0 0
1 0 0 0
0.121402 0.004323 -0.20605
0 1 0
255 255 255 255
0.484739 0.250406
0 0 0 0
1 0 0 0
0.199605 0.004323 -0.153794
0 1 0
255 255 255 255
0.498543 0.259629
0 0 0 0
1 0 0 0
0.181255 0.004323 -0.181255
0 1 0
255 255 255 255
0.495304 0.254782
0 0 0 0
1 0 0 0
-0.413525 0.004323 -0.20605
0 0 -1
255 255 255 255
0.49019 0.372221
0 0 0 0
1 0 0 0
0.121402 0.004323 -0.20605
0 0 -1
255 255 255 255
0.388128 0.372221
0 0 0 0
1 0 0 0
0.121402 -0.009186 -0.20605
0 0 -1
255 255 255 255
0.388128 0.374889
0 0 0 0
1 0 0 0
-0.413525 -0.009186 -0.20605
0 0 -1
255 255 255 255
0.49019 0.374889
0 0 0 0
1 0 0 0
0.121402 0.004323 -0.20605
0.195193 0 -0.9807649
255 255 255 255
0.388128 0.372221
0 0 0 0
1 0 0 0
0.153794 0.004323 -0.199603
0.195193 0 -0.9807649
255 255 255 255
0.381619 0.372221
0 0 0 0
1 0 0 0
0.153794 -0.009186 -0.199603
0.195193 0 -0.9807649
255 255 255 255
0.381619 0.374889
0 0 0 0
1 0 0 0
0.121402 -0.009186 -0.20605
0.195193 0 -0.9807649
255 255 255 255
0.388128 0.374889
0 0 0 0
1 0 0 0
0.181255 0.004323 -0.181255
0.8314652 0 -0.5555767
255 255 255 255
0.49019 0.372221
0 0 0 0
1 0 0 0
0.199605 0.004323 -0.153794
0.8314652 0 -0.5555767
255 255 255 255
0.484016 0.372221
0 0 0 0
1 0 0 0
0.199605 -0.009186 -0.153794
0.8314652 0 -0.5555767
255 255 255 255
0.484016 0.374889
0 0 0 0
1 0 0 0
0.181255 -0.009186 -0.181255
0.8314652 0 -0.5555767
255 255 255 255
0.49019 0.374889
0 0 0 0
1 0 0 0
0.153794 0.004323 -0.199603
0.5555076 0 -0.8315114
255 255 255 255
0.381619 0.372221
0 0 0 0
1 0 0 0
0.181255 0.004323 -0.181255
0.5555076 0 -0.8315114
255 255 255 255
0.375445 0.372221
0 0 0 0
1 0 0 0
0.181255 -0.009186 -0.181255
0.5555076 0 -0.8315114
255 255 255 255
0.375445 0.374889
0 0 0 0
1 0 0 0
0.153794 -0.009186 -0.199603
0.5555076 0 -0.8315114
255 255 255 255
0.381619 0.374889
0 0 0 0
1 0 0 0
0.199605 0.004323 -0.153794
0.9807649 0 -0.195193
255 255 255 255
0.484016 0.372221
0 0 0 0
1 0 0 0
0.20605 0.004324 -0.121401
0.9807649 0 -0.195193
255 255 255 255
0.477508 0.372221
0 0 0 0
1 0 0 0
0.20605 -0.009186 -0.121401
0.9807649 0 -0.195193
255 255 255 255
0.477508 0.374889
0 0 0 0
1 0 0 0
0.199605 -0.009186 -0.153794
0.9807649 0 -0.195193
255 255 255 255
0.484016 0.374889
0 0 0 0
1 0 0 0
0.20605 0.004324 -0.121401
1 0 0
255 255 255 255
0.477508 0.372221
0 0 0 0
1 0 0 0
0.206049 0.004324 0.413525
1 0 0
255 255 255 255
0.375445 0.372221
0 0 0 0
1 0 0 0
0.206049 -0.009186 0.413525
1 0 0
255 255 255 255
0.375445 0.374889
0 0 0 0
1 0 0 0
0.20605 -0.009186 -0.121401
1 0 0
255 255 255 255
0.477508 0.374889
0 0 0 0
1 0 0 0
-0.413525 0.004323 0.413525
-1 0 0
255 255 255 255
0.49019 0.372304
0 0 0 0
1 0 0 0
-0.413525 0.004323 -0.20605
-1 0 0
255 255 255 255
0.375445 0.372304
0 0 0 0
1 0 0 0
-0.413525 -0.009186 -0.20605
-1 0 0
255 255 255 255
0.375445 0.374806
0 0 0 0
1 0 0 0
-0.413525 -0.009186 0.413525
-1 0 0
255 255 255 255
0.49019 0.374806
0 0 0 0
1 0 0 0
0.206049 0.004324 0.413525
0 0 1
255 255 255 255
0.49019 0.372304
0 0 0 0
1 0 0 0
-0.413525 0.004323 0.413525
0 0 1
255 255 255 255
0.375445 0.372304
0 0 0 0
1 0 0 0
-0.413525 -0.009186 0.413525
0 0 1
255 255 255 255
0.375445 0.374806
0 0 0 0
1 0 0 0
0.206049 -0.009186 0.413525
0 0 1
255 255 255 255
0.49019 0.374806
0 0 0 0
1 0 0 0
22 # faces
0 2 1
3 2 4
5 2 6
7 2 8
8 2 5
4 2 7
9 11 10
12 11 9
13 15 14
16 15 13
17 19 18
20 19 17
21 23 22
24 23 21
25 27 26
28 27 25
29 31 30
32 31 29
33 35 34
36 35 33
37 39 38
40 39 37
