1 # bones
root
-1
0 0 0
1 # meshes
10_Pavement-A-D_0_0_0_root_root
1 # uv layers
1 # textures
atlas.jpg
0 # uv layer index
24 # vertices
-0.350206 0.004864 0.28176
0 1 0
255 255 255 255
0.250141 0.874862
0 0 0 0
1 0 0 0
-0.111612 0.004864 0.210567
0 1 0
255 255 255 255
0.298197 0.860522
0 0 0 0
1 0 0 0
-0.350206 0.004864 -0.028028
0 1 0
255 255 255 255
0.250141 0.812465
0 0 0 0
1 0 0 0
0.269368 0.004864 -0.337815
0 1 0
255 255 255 255
0.374933 0.750069
0 0 0 0
1 0 0 0
-0.040419 0.004864 -0.337815
0 1 0
255 255 255 255
0.312537 0.750069
0 0 0 0
1 0 0 0
0.198175 0.004864 -0.099221
0 1 0
255 255 255 255
0.360594 0.798126
0 0 0 0
1 0 0 0
0.070473 0.004864 0.082865
0 1 0
255 255 255 255
0.334872 0.834801
0 0 0 0
1 0 0 0
-0.350206 0.004864 -0.337815
0 1 0
255 255 255 255
0.250141 0.750069
0 0 0 0
1 0 0 0
-0.111612 0.004864 0.210567
0.2858889 0 0.9582627
255 255 255 255
0.281361 0.872818
0 0 0 0
1 0 0 0
-0.350206 0.004864 0.28176
0.2858889 0 0.9582627
255 255 255 255
0.250171 0.872818
0 0 0 0
1 0 0 0
-0.350206 -0.008646 0.28176
0.2858889 0 0.9582627
255 255 255 255
0.250171 0.874906
0 0 0 0
1 0 0 0
-0.111612 -0.008646 0.210567
0.2858889 0 0.9582627
255 255 255 255
0.281361 0.874906
0 0 0 0
1 0 0 0
0.198175 0.004864 -0.099221
0.8187101 0 0.5742071
255 255 255 255
0.343742 0.872818
0 0 0 0
1 0 0 0
0.070473 0.004864 0.082865
0.8187101 0 0.5742071
255 255 255 255
0.312552 0.872818
0 0 0 0
1 0 0 0
0.070473 -0.008646 0.082865
0.8187101 0 0.5742071
255 255 255 255
0.312552 0.874906
0 0 0 0
1 0 0 0
0.198175 -0.008646 -0.099221
0.8187101 0 0.5742071
255 255 255 255
0.343742 0.874906
0 0 0 0
1 0 0 0
0.070473 0.004864 0.082865
0.5742071 0 0.8187101
255 255 255 255
0.312552 0.872818
0 0 0 0
1 0 0 0
-0.111612 0.004864 0.210567
0.5742071 0 0.8187101
255 255 255 255
0.281361 0.872818
0 0 0 0
1 0 0 0
-0.111612 -0.008646 0.210567
0.5742071 0 0.8187101
255 255 255 255
0.281361 0.874906
0 0 0 0
1 0 0 0
0.070473 -0.008646 0.082865
0.5742071 0 0.8187101
255 255 255 255
0.312552 0.874906
0 0 0 0
1 0 0 0
0.269368 0.004864 -0.337815
0.9582627 0 0.2858889
255 255 255 255
0.374933 0.872818
0 0 0 0
1 0 0 0
0.198175 0.004864 -0.099221
0.9582627 0 0.2858889
255 255 255 255
0.343742 0.872818
0 0 0 0
1 0 0 0
0.198175 -0.008646 -0.099221
0.9582627 0 0.2858889
255 255 255 255
0.343742 0.874906
0 0 0 0
1 0 0 0
0.269368 -0.008646 -0.337815
0.9582627 0 0.2858889
255 255 255 255
0.374933 0.874906
0 0 0 0
1 0 0 0
14 # faces
0 2 1
3 5 4
2 6 1
6 4 5
6 2 7
4 6 7
8 10 9
10 8 11
12 14 13
14 12 15
16 18 17
18 16 19
20 22 21
22 20 23
