1 # bones
root
-1
0 0 0
1 # meshes
10_Pavement-A-C_0_0_0_root_root
1 # uv layers
1 # textures
atlas.jpg
0 # uv layer index
48 # vertices
-0.629918 0.004913 0.03842
0 1 0
255 255 255 255
0.250139 0.874861
0 0 0 0
1 0 0 0
0.038417 0.004913 0.03842
0 1 0
255 255 255 255
0.374932 0.874861
0 0 0 0
1 0 0 0
0.038417 0.004913 -0.629916
0 1 0
255 255 255 255
0.374932 0.750068
0 0 0 0
1 0 0 0
-0.629918 0.004913 -0.629916
0 1 0
255 255 255 255
0.250139 0.750068
0 0 0 0
1 0 0 0
-0.629918 0.004913 0.609233
0 1 0
255 255 255 255
0.250139 0.874862
0 0 0 0
1 0 0 0
0.038417 0.004913 0.609233
0 1 0
255 255 255 255
0.374932 0.874862
0 0 0 0
1 0 0 0
0.038417 0.004913 0.03842
0 1 0
255 255 255 255
0.374932 0.750069
0 0 0 0
1 0 0 0
-0.629918 0.004913 0.03842
0 1 0
255 255 255 255
0.250139 0.750069
0 0 0 0
1 0 0 0
0.609231 0.004913 0.03842
0 1 0
255 255 255 255
0.374933 0.874861
0 0 0 0
1 0 0 0
0.609231 0.004913 -0.629916
0 1 0
255 255 255 255
0.374933 0.750068
0 0 0 0
1 0 0 0
0.038417 0.004913 -0.629916
0 1 0
255 255 255 255
0.250141 0.750068
0 0 0 0
1 0 0 0
0.038417 0.004913 0.03842
0 1 0
255 255 255 255
0.250141 0.874861
0 0 0 0
1 0 0 0
0.609231 0.004913 0.609233
0 1 0
255 255 255 255
0.374933 0.874862
0 0 0 0
1 0 0 0
0.609231 0.004913 0.03842
0 1 0
255 255 255 255
0.374933 0.750069
0 0 0 0
1 0 0 0
0.038417 0.004913 0.03842
0 1 0
255 255 255 255
0.250141 0.750069
0 0 0 0
1 0 0 0
0.038417 0.004913 0.609233
0 1 0
255 255 255 255
0.250141 0.874862
0 0 0 0
1 0 0 0
-0.629918 0.004913 0.03842
-1 0 0
255 255 255 255
0.374933 0.872899
0 0 0 0
1 0 0 0
-0.629918 0.004913 -0.629916
-1 0 0
255 255 255 255
0.250171 0.872899
0 0 0 0
1 0 0 0
-0.629918 -0.008597 -0.629916
-1 0 0
255 255 255 255
0.250171 0.874863
0 0 0 0
1 0 0 0
-0.629918 -0.008597 0.03842
-1 0 0
255 255 255 255
0.374933 0.874863
0 0 0 0
1 0 0 0
0.038417 0.004913 0.609233
0 0 1
255 255 255 255
0.374933 0.872899
0 0 0 0
1 0 0 0
-0.629918 0.004913 0.609233
0 0 1
255 255 255 255
0.250171 0.872899
0 0 0 0
1 0 0 0
-0.629918 -0.008597 0.609233
0 0 1
255 255 255 255
0.250171 0.874863
0 0 0 0
1 0 0 0
0.038417 -0.008597 0.609233
0 0 1
255 255 255 255
0.374933 0.874863
0 0 0 0
1 0 0 0
0.038417 0.004913 -0.629916
0 0 -1
255 255 255 255
0.374933 0.872899
0 0 0 0
1 0 0 0
0.609231 0.004913 -0.629916
0 0 -1
255 255 255 255
0.250171 0.872899
0 0 0 0
1 0 0 0
0.609231 -0.008597 -0.629916
0 0 -1
255 255 255 255
0.250171 0.874863
0 0 0 0
1 0 0 0
0.038417 -0.008597 -0.629916
0 0 -1
255 255 255 255
0.374933 0.874863
0 0 0 0
1 0 0 0
0.609231 0.004913 0.03842
1 0 0
255 255 255 255
0.374933 0.872899
0 0 0 0
1 0 0 0
0.609231 0.004913 0.609233
1 0 0
255 255 255 255
0.250171 0.872899
0 0 0 0
1 0 0 0
0.609231 -0.008597 0.609233
1 0 0
255 255 255 255
0.250171 0.874863
0 0 0 0
1 0 0 0
0.609231 -0.008597 0.03842
1 0 0
255 255 255 255
0.374933 0.874863
0 0 0 0
1 0 0 0
-0.629918 0.004913 0.609233
-1 0 0
255 255 255 255
0.374933 0.872899
0 0 0 0
1 0 0 0
-0.629918 0.004913 0.03842
-1 0 0
255 255 255 255
0.250171 0.872899
0 0 0 0
1 0 0 0
-0.629918 -0.008597 0.03842
-1 0 0
255 255 255 255
0.250171 0.874863
0 0 0 0
1 0 0 0
-0.629918 -0.008597 0.609233
-1 0 0
255 255 255 255
0.374933 0.874863
0 0 0 0
1 0 0 0
0.609231 0.004913 -0.629916
1 0 0
255 255 255 255
0.374933 0.872899
0 0 0 0
1 0 0 0
0.609231 0.004913 0.03842
1 0 0
255 255 255 255
0.250171 0.872899
0 0 0 0
1 0 0 0
0.609231 -0.008597 0.03842
1 0 0
255 255 255 255
0.250171 0.874863
0 0 0 0
1 0 0 0
0.609231 -0.008597 -0.629916
1 0 0
255 255 255 255
0.374933 0.874863
0 0 0 0
1 0 0 0
0.609231 0.004913 0.609233
0 0 1
255 255 255 255
0.374933 0.872899
0 0 0 0
1 0 0 0
0.038417 0.004913 0.609233
0 0 1
255 255 255 255
0.250171 0.872899
0 0 0 0
1 0 0 0
0.038417 -0.008597 0.609233
0 0 1
255 255 255 255
0.250171 0.874863
0 0 0 0
1 0 0 0
0.609231 -0.008597 0.609233
0 0 1
255 255 255 255
0.374933 0.874863
0 0 0 0
1 0 0 0
-0.629918 0.004913 -0.629916
0 0 -1
255 255 255 255
0.374933 0.872899
0 0 0 0
1 0 0 0
0.038417 0.004913 -0.629916
0 0 -1
255 255 255 255
0.250171 0.872899
0 0 0 0
1 0 0 0
0.038417 -0.008597 -0.629916
0 0 -1
255 255 255 255
0.250171 0.874863
0 0 0 0
1 0 0 0
-0.629918 -0.008597 -0.629916
0 0 -1
255 255 255 255
0.374933 0.874863
0 0 0 0
1 0 0 0
24 # faces
0 2 1
2 0 3
4 6 5
6 4 7
8 10 9
10 8 11
12 14 13
14 12 15
16 18 17
18 16 19
20 22 21
22 20 23
24 26 25
26 24 27
28 30 29
30 28 31
32 34 33
34 32 35
36 38 37
38 36 39
40 42 41
42 40 43
44 46 45
46 44 47
