1 # bones
root
-1
0 0 0
1 # meshes
10_Pavement-B-D_0_0_0_root_root
1 # uv layers
1 # textures
atlas.jpg
0 # uv layer index
24 # vertices
-0.350205 0.004864 0.28176
0 1 0
255 255 255 255
0.375357 0.374712
0 0 0 0
1 0 0 0
-0.111612 0.004864 0.210567
0 1 0
255 255 255 255
0.423307 0.360404
0 0 0 0
1 0 0 0
-0.350205 0.004864 -0.028027
0 1 0
255 255 255 255
0.375357 0.312453
0 0 0 0
1 0 0 0
0.269368 0.004864 -0.337815
0 1 0
255 255 255 255
0.499873 0.250195
0 0 0 0
1 0 0 0
-0.040418 0.004864 -0.337815
0 1 0
255 255 255 255
0.437615 0.250195
0 0 0 0
1 0 0 0
0.198175 0.004864 -0.099221
0 1 0
255 255 255 255
0.485565 0.298145
0 0 0 0
1 0 0 0
0.070473 0.004864 0.082864
0 1 0
255 255 255 255
0.459901 0.334739
0 0 0 0
1 0 0 0
-0.350205 0.004864 -0.337815
0 1 0
255 255 255 255
0.375357 0.250195
0 0 0 0
1 0 0 0
-0.111612 0.004864 0.210567
0.2858889 0 0.9582627
255 255 255 255
0.406508 0.372672
0 0 0 0
1 0 0 0
-0.350205 0.004864 0.28176
0.2858889 0 0.9582627
255 255 255 255
0.375386 0.372672
0 0 0 0
1 0 0 0
-0.350205 -0.008646 0.28176
0.2858889 0 0.9582627
255 255 255 255
0.375386 0.374756
0 0 0 0
1 0 0 0
-0.111612 -0.008646 0.210567
0.2858889 0 0.9582627
255 255 255 255
0.406508 0.374756
0 0 0 0
1 0 0 0
0.198175 0.004864 -0.099221
0.8187101 0 0.5742071
255 255 255 255
0.468751 0.372672
0 0 0 0
1 0 0 0
0.070473 0.004864 0.082864
0.8187101 0 0.5742071
255 255 255 255
0.43763 0.372672
0 0 0 0
1 0 0 0
0.070473 -0.008646 0.082864
0.8187101 0 0.5742071
255 255 255 255
0.43763 0.374756
0 0 0 0
1 0 0 0
0.198175 -0.008646 -0.099221
0.8187101 0 0.5742071
255 255 255 255
0.468751 0.374756
0 0 0 0
1 0 0 0
0.070473 0.004864 0.082864
0.5742071 0 0.8187101
255 255 255 255
0.43763 0.372672
0 0 0 0
1 0 0 0
-0.111612 0.004864 0.210567
0.5742071 0 0.8187101
255 255 255 255
0.406508 0.372672
0 0 0 0
1 0 0 0
-0.111612 -0.008646 0.210567
0.5742071 0 0.8187101
255 255 255 255
0.406508 0.374756
0 0 0 0
1 0 0 0
0.070473 -0.008646 0.082864
0.5742071 0 0.8187101
255 255 255 255
0.43763 0.374756
0 0 0 0
1 0 0 0
0.269368 0.004864 -0.337815
0.9582627 0 0.2858889
255 255 255 255
0.499873 0.372672
0 0 0 0
1 0 0 0
0.198175 0.004864 -0.099221
0.9582627 0 0.2858889
255 255 255 255
0.468751 0.372672
0 0 0 0
1 0 0 0
0.198175 -0.008646 -0.099221
0.9582627 0 0.2858889
255 255 255 255
0.468751 0.374756
0 0 0 0
1 0 0 0
0.269368 -0.008646 -0.337815
0.9582627 0 0.2858889
255 255 255 255
0.499873 0.374756
0 0 0 0
1 0 0 0
14 # faces
0 2 1
3 5 4
6 4 5
2 6 1
4 6 7
6 2 7
8 10 9
10 8 11
12 14 13
14 12 15
16 18 17
18 16 19
20 22 21
22 20 23
