1 # bones
root
-1
0 0 0
1 # meshes
10_Pavement-C-A_0_0_0_root_root
1 # uv layers
1 # textures
atlas.jpg
0 # uv layer index
20 # vertices
0.309789 0.005404 0.309788
0 1 0
255 255 255 255
0.124832 0.374841
0 0 0 0
1 0 0 0
0.309789 0.005404 -0.309788
0 1 0
255 255 255 255
0.124832 0.250048
0 0 0 0
1 0 0 0
-0.309786 0.005404 -0.309788
0 1 0
255 255 255 255
3.9E-05 0.250048
0 0 0 0
1 0 0 0
-0.309786 0.005404 0.309788
0 1 0
255 255 255 255
3.9E-05 0.374841
0 0 0 0
1 0 0 0
0.309789 0.005404 -0.309788
1 0 0
255 255 255 255
0.124831 0.372878
0 0 0 0
1 0 0 0
0.309789 0.005404 0.309788
1 0 0
255 255 255 255
6.9E-05 0.372878
0 0 0 0
1 0 0 0
0.309789 -0.008106 0.309788
1 0 0
255 255 255 255
6.9E-05 0.374842
0 0 0 0
1 0 0 0
0.309789 -0.008106 -0.309788
1 0 0
255 255 255 255
0.124831 0.374842
0 0 0 0
1 0 0 0
0.309789 0.005404 0.309788
0 0 1
255 255 255 255
0.124831 0.372878
0 0 0 0
1 0 0 0
-0.309786 0.005404 0.309788
0 0 1
255 255 255 255
6.9E-05 0.372878
0 0 0 0
1 0 0 0
-0.309786 -0.008106 0.309788
0 0 1
255 255 255 255
6.9E-05 0.374842
0 0 0 0
1 0 0 0
0.309789 -0.008106 0.309788
0 0 1
255 255 255 255
0.124831 0.374842
0 0 0 0
1 0 0 0
-0.309786 0.005404 -0.309788
0 0 -1
255 255 255 255
0.124831 0.372878
0 0 0 0
1 0 0 0
0.309789 0.005404 -0.309788
0 0 -1
255 255 255 255
6.9E-05 0.372878
0 0 0 0
1 0 0 0
0.309789 -0.008106 -0.309788
0 0 -1
255 255 255 255
6.9E-05 0.374842
0 0 0 0
1 0 0 0
-0.309786 -0.008106 -0.309788
0 0 -1
255 255 255 255
0.124831 0.374842
0 0 0 0
1 0 0 0
-0.309786 0.005404 0.309788
-1 0 0
255 255 255 255
0.124831 0.372878
0 0 0 0
1 0 0 0
-0.309786 0.005404 -0.309788
-1 0 0
255 255 255 255
6.9E-05 0.372878
0 0 0 0
1 0 0 0
-0.309786 -0.008106 -0.309788
-1 0 0
255 255 255 255
6.9E-05 0.374842
0 0 0 0
1 0 0 0
-0.309786 -0.008106 0.309788
-1 0 0
255 255 255 255
0.124831 0.374842
0 0 0 0
1 0 0 0
10 # faces
0 2 1
2 0 3
4 6 5
6 4 7
8 10 9
10 8 11
12 14 13
14 12 15
16 18 17
18 16 19
