1 # bones
root
-1
0 0 0
1 # meshes
10_Pavement-B-E_0_0_0_root_root
1 # uv layers
1 # textures
atlas.jpg
0 # uv layer index
24 # vertices
-0.378995 0.005004 0.217632
0 1 0
255 255 255 255
0.375357 0.374712
0 0 0 0
1 0 0 0
-0.069208 0.005004 0.217632
0 1 0
255 255 255 255
0.437615 0.374712
0 0 0 0
1 0 0 0
-0.140402 0.005004 0.146439
0 1 0
255 255 255 255
0.423307 0.360404
0 0 0 0
1 0 0 0
0.041683 0.005004 0.018737
0 1 0
255 255 255 255
0.459901 0.334739
0 0 0 0
1 0 0 0
0.240579 0.005004 0.217632
0 1 0
255 255 255 255
0.499873 0.374712
0 0 0 0
1 0 0 0
0.240579 0.005004 -0.092155
0 1 0
255 255 255 255
0.499873 0.312453
0 0 0 0
1 0 0 0
0.169385 0.005004 -0.163349
0 1 0
255 255 255 255
0.485565 0.298145
0 0 0 0
1 0 0 0
0.240579 0.005004 -0.401943
0 1 0
255 255 255 255
0.499873 0.250195
0 0 0 0
1 0 0 0
-0.378995 0.005004 0.217632
-0.2858889 0 -0.9582627
255 255 255 255
0.499873 0.372672
0 0 0 0
1 0 0 0
-0.140402 0.005004 0.146439
-0.2858889 0 -0.9582627
255 255 255 255
0.468751 0.372672
0 0 0 0
1 0 0 0
-0.140402 -0.008506 0.146439
-0.2858889 0 -0.9582627
255 255 255 255
0.468751 0.374756
0 0 0 0
1 0 0 0
-0.378995 -0.008506 0.217632
-0.2858889 0 -0.9582627
255 255 255 255
0.499873 0.374756
0 0 0 0
1 0 0 0
0.041683 0.005004 0.018737
-0.8187101 0 -0.5742071
255 255 255 255
0.43763 0.372672
0 0 0 0
1 0 0 0
0.169385 0.005004 -0.163349
-0.8187101 0 -0.5742071
255 255 255 255
0.406508 0.372672
0 0 0 0
1 0 0 0
0.169385 -0.008506 -0.163349
-0.8187101 0 -0.5742071
255 255 255 255
0.406508 0.374756
0 0 0 0
1 0 0 0
0.041683 -0.008506 0.018737
-0.8187101 0 -0.5742071
255 255 255 255
0.43763 0.374756
0 0 0 0
1 0 0 0
-0.140402 0.005004 0.146439
-0.5742071 0 -0.8187101
255 255 255 255
0.468751 0.372672
0 0 0 0
1 0 0 0
0.041683 0.005004 0.018737
-0.5742071 0 -0.8187101
255 255 255 255
0.43763 0.372672
0 0 0 0
1 0 0 0
0.041683 -0.008506 0.018737
-0.5742071 0 -0.8187101
255 255 255 255
0.43763 0.374756
0 0 0 0
1 0 0 0
-0.140402 -0.008506 0.146439
-0.5742071 0 -0.8187101
255 255 255 255
0.468751 0.374756
0 0 0 0
1 0 0 0
0.169385 0.005004 -0.163349
-0.9582627 0 -0.2858889
255 255 255 255
0.406508 0.372672
0 0 0 0
1 0 0 0
0.240579 0.005004 -0.401943
-0.9582627 0 -0.2858889
255 255 255 255
0.375386 0.372672
0 0 0 0
1 0 0 0
0.240579 -0.008506 -0.401943
-0.9582627 0 -0.2858889
255 255 255 255
0.375386 0.374756
0 0 0 0
1 0 0 0
0.169385 -0.008506 -0.163349
-0.9582627 0 -0.2858889
255 255 255 255
0.406508 0.374756
0 0 0 0
1 0 0 0
14 # faces
0 2 1
3 1 2
1 3 4
3 5 4
5 3 6
5 6 7
8 10 9
10 8 11
12 14 13
14 12 15
16 18 17
18 16 19
20 22 21
22 20 23
