1 # bones
root
-1
0 0 0
1 # meshes
10_Road-Cross-A-B_0_0_0_root_root
1 # uv layers
1 # textures
atlas.jpg
0 # uv layer index
342 # vertices
0.303998 -0.019032 0.384952
0.9582272 0 0.2860081
255 255 255 255
0.130562 0.551536
0 0 0 0
1 0 0 0
0.303998 0.002819 0.384952
0.9582272 0 0.2860081
255 255 255 255
0.127663 0.551536
0 0 0 0
1 0 0 0
0.303985 0.002818 0.617279
1 0 0.0001
255 255 255 255
0.127663 0.582042
0 0 0 0
1 0 0 0
0.303985 -0.019033 0.617279
1 0 0.0001
255 255 255 255
0.130562 0.582042
0 0 0 0
1 0 0 0
0.294013 0.002818 0.617279
0 1 0
255 255 255 255
0.12634 0.582042
0 0 0 0
1 0 0 0
0.303985 0.002818 0.617279
0 1 0
255 255 255 255
0.127663 0.582042
0 0 0 0
1 0 0 0
0.303998 0.002819 0.384952
0 1 0
255 255 255 255
0.127663 0.551536
0 0 0 0
1 0 0 0
0.294025 0.002819 0.377473
0 1 0
255 255 255 255
0.12634 0.550554
0 0 0 0
1 0 0 0
0.220254 -0.00092 0.617279
0 1 0
255 255 255 255
0.189281 0.50172
0 0 0 0
1 0 0 0
0.294013 -0.00092 0.617279
0 1 0
255 255 255 255
0.173726 0.50172
0 0 0 0
1 0 0 0
0.294025 -0.000919 0.377473
0 1 0
255 255 255 255
0.173724 0.552185
0 0 0 0
1 0 0 0
0.220263 -0.000919 0.32215
0 1 0
255 255 255 255
0.189279 0.563851
0 0 0 0
1 0 0 0
0.220263 -0.000919 0.32215
0.9710416 0 0.2389102
255 255 255 255
0.128162 0.543289
0 0 0 0
1 0 0 0
0.220263 0.002819 0.32215
0.9710416 0 0.2389102
255 255 255 255
0.127666 0.543289
0 0 0 0
1 0 0 0
0.220254 0.002818 0.617279
1 0 0
255 255 255 255
0.127666 0.582042
0 0 0 0
1 0 0 0
0.220254 -0.00092 0.617279
1 0 0
255 255 255 255
0.128162 0.582042
0 0 0 0
1 0 0 0
0.210282 -0.00092 0.617279
0 1 0
255 255 255 255
0.49985 0.873263
0 0 0 0
1 0 0 0
0.21029 -0.000919 0.314671
0 1 0
255 255 255 255
0.49985 0.823449
0 0 0 0
1 0 0 0
-0.005801 -0.000919 -0.002293
0 1 0
255 255 255 255
0.437214 0.771269
0 0 0 0
1 0 0 0
-0.005801 -0.00092 0.617279
0 1 0
255 255 255 255
0.437214 0.873263
0 0 0 0
1 0 0 0
-0.315588 -0.019033 0.617279
-1 0 0.0001
255 255 255 255
0.125825 0.582042
0 0 0 0
1 0 0 0
-0.315588 0.002818 0.617279
-1 0 0.0001
255 255 255 255
0.128724 0.582042
0 0 0 0
1 0 0 0
-0.315601 0.002819 0.384952
-0.9581997 0 0.2860999
255 255 255 255
0.128724 0.551536
0 0 0 0
1 0 0 0
-0.315601 -0.019032 0.384952
-0.9581997 0 0.2860999
255 255 255 255
0.125825 0.551536
0 0 0 0
1 0 0 0
-0.305616 0.002818 0.617279
0 1 0
255 255 255 255
0.130047 0.582042
0 0 0 0
1 0 0 0
-0.305627 0.002819 0.377473
0 1 0
255 255 255 255
0.130047 0.550554
0 0 0 0
1 0 0 0
-0.315601 0.002819 0.384952
0 1 0
255 255 255 255
0.128724 0.551536
0 0 0 0
1 0 0 0
-0.315588 0.002818 0.617279
0 1 0
255 255 255 255
0.128724 0.582042
0 0 0 0
1 0 0 0
-0.231857 -0.00092 0.617279
0 1 0
255 255 255 255
0.15458 0.50172
0 0 0 0
1 0 0 0
-0.231866 -0.000919 0.32215
0 1 0
255 255 255 255
0.154582 0.563851
0 0 0 0
1 0 0 0
-0.305627 -0.000919 0.377473
0 1 0
255 255 255 255
0.170137 0.552185
0 0 0 0
1 0 0 0
-0.305616 -0.00092 0.617279
0 1 0
255 255 255 255
0.170135 0.50172
0 0 0 0
1 0 0 0
-0.231857 0.002818 0.617279
-1 0 0
255 255 255 255
0.126376 0.582042
0 0 0 0
1 0 0 0
-0.231866 0.002819 0.32215
-0.9710416 0 0.2389102
255 255 255 255
0.126376 0.543289
0 0 0 0
1 0 0 0
-0.231866 -0.000919 0.32215
-0.9710416 0 0.2389102
255 255 255 255
0.12588 0.543289
0 0 0 0
1 0 0 0
-0.231857 -0.00092 0.617279
-1 0 0
255 255 255 255
0.12588 0.582042
0 0 0 0
1 0 0 0
-0.005801 -0.000919 -0.002293
0 1 0
255 255 255 255
0.437144 0.873263
0 0 0 0
1 0 0 0
-0.221893 -0.000919 0.314671
0 1 0
255 255 255 255
0.375207 0.821083
0 0 0 0
1 0 0 0
-0.221885 -0.00092 0.617279
0 1 0
255 255 255 255
0.375207 0.771269
0 0 0 0
1 0 0 0
-0.005801 -0.00092 0.617279
0 1 0
255 255 255 255
0.437144 0.771269
0 0 0 0
1 0 0 0
-0.221893 0.002819 0.314671
0.9044899 0 -0.4264952
255 255 255 255
0.127699 0.542306
0 0 0 0
1 0 0 0
-0.221893 -0.000919 0.314671
0.9044899 0 -0.4264952
255 255 255 255
0.128194 0.542306
0 0 0 0
1 0 0 0
-0.254216 -0.000919 0.246119
0.9044899 0 -0.4264952
255 255 255 255
0.128194 0.529061
0 0 0 0
1 0 0 0
-0.254216 0.002819 0.246119
0.9044899 0 -0.4264952
255 255 255 255
0.127699 0.529061
0 0 0 0
1 0 0 0
-0.26568 0.002819 0.257584
0 1 0
255 255 255 255
0.126376 0.530371
0 0 0 0
1 0 0 0
-0.231866 0.002819 0.32215
0 1 0
255 255 255 255
0.126376 0.543289
0 0 0 0
1 0 0 0
-0.221893 0.002819 0.314671
0 1 0
255 255 255 255
0.127699 0.542306
0 0 0 0
1 0 0 0
-0.254216 0.002819 0.246119
0 1 0
255 255 255 255
0.127699 0.529061
0 0 0 0
1 0 0 0
-0.305627 0.002819 0.377473
0.9646553 0 -0.2635151
255 255 255 255
0.130047 0.550554
0 0 0 0
1 0 0 0
-0.305627 -0.000919 0.377473
0.9646553 0 -0.2635151
255 255 255 255
0.130543 0.550554
0 0 0 0
1 0 0 0
-0.335304 -0.000919 0.327208
0.7071068 0 -0.7071068
255 255 255 255
0.130543 0.540058
0 0 0 0
1 0 0 0
-0.335304 0.002819 0.327208
0.7071068 0 -0.7071068
255 255 255 255
0.130047 0.540058
0 0 0 0
1 0 0 0
-0.625373 -0.019032 -0.31208
0.0001 0 -1
255 255 255 255
0.130562 0.582042
0 0 0 0
1 0 0 0
-0.625373 0.002819 -0.31208
0.0001 0 -1
255 255 255 255
0.127663 0.582042
0 0 0 0
1 0 0 0
-0.393022 0.002819 -0.312068
-0.2858889 0 -0.9582627
255 255 255 255
0.127663 0.55153
0 0 0 0
1 0 0 0
-0.393022 -0.019032 -0.312068
-0.2858889 0 -0.9582627
255 255 255 255
0.130562 0.55153
0 0 0 0
1 0 0 0
-0.625373 0.002819 -0.302108
0 1 0
255 255 255 255
0.12634 0.582042
0 0 0 0
1 0 0 0
-0.385543 0.002819 -0.302096
0 1 0
255 255 255 255
0.12634 0.550548
0 0 0 0
1 0 0 0
-0.393022 0.002819 -0.312068
0 1 0
255 255 255 255
0.127663 0.55153
0 0 0 0
1 0 0 0
-0.625373 0.002819 -0.31208
0 1 0
255 255 255 255
0.127663 0.582042
0 0 0 0
1 0 0 0
-0.625373 -0.000919 -0.228348
0 1 0
255 255 255 255
0.175576 0.50172
0 0 0 0
1 0 0 0
-0.330227 -0.000919 -0.228339
0 1 0
255 255 255 255
0.168523 0.56268
0 0 0 0
1 0 0 0
-0.385543 -0.000919 -0.302096
0 1 0
255 255 255 255
0.185298 0.552852
0 0 0 0
1 0 0 0
-0.625373 -0.000919 -0.302108
0 1 0
255 255 255 255
0.19103 0.50172
0 0 0 0
1 0 0 0
-0.625373 0.002819 -0.228348
0 0 -1
255 255 255 255
0.127666 0.582042
0 0 0 0
1 0 0 0
-0.330227 0.002819 -0.22834
-0.2387928 -0.0001999939 -0.9710706
255 255 255 255
0.127666 0.543284
0 0 0 0
1 0 0 0
-0.330227 -0.000919 -0.228339
-0.2387928 -0.0001999939 -0.9710706
255 255 255 255
0.128162 0.543284
0 0 0 0
1 0 0 0
-0.625373 -0.000919 -0.228348
0 0 -1
255 255 255 255
0.128162 0.582042
0 0 0 0
1 0 0 0
-0.322748 -0.000919 -0.218367
0 1 0
255 255 255 255
0.49985 0.823444
0 0 0 0
1 0 0 0
-0.625373 -0.000919 -0.218376
0 1 0
255 255 255 255
0.49985 0.873263
0 0 0 0
1 0 0 0
-0.625373 -0.000919 -0.002293
0 1 0
255 255 255 255
0.437214 0.873263
0 0 0 0
1 0 0 0
-0.393047 -0.019032 0.307506
-0.2860999 0 0.9581997
255 255 255 255
0.125825 0.551536
0 0 0 0
1 0 0 0
-0.393047 0.002819 0.307506
-0.2860999 0 0.9581997
255 255 255 255
0.128724 0.551536
0 0 0 0
1 0 0 0
-0.625373 0.002819 0.307493
-0.0001 0 1
255 255 255 255
0.128724 0.582042
0 0 0 0
1 0 0 0
-0.625373 -0.019032 0.307493
-0.0001 0 1
255 255 255 255
0.125825 0.582042
0 0 0 0
1 0 0 0
-0.625373 0.002819 0.297521
0 1 0
255 255 255 255
0.130047 0.582042
0 0 0 0
1 0 0 0
-0.625373 0.002819 0.307493
0 1 0
255 255 255 255
0.128724 0.582042
0 0 0 0
1 0 0 0
-0.393047 0.002819 0.307506
0 1 0
255 255 255 255
0.128724 0.551536
0 0 0 0
1 0 0 0
-0.385567 0.002819 0.297533
0 1 0
255 255 255 255
0.130047 0.550554
0 0 0 0
1 0 0 0
-0.625373 -0.000919 0.223763
0 1 0
255 255 255 255
0.168285 0.50172
0 0 0 0
1 0 0 0
-0.625373 -0.000919 0.297521
0 1 0
255 255 255 255
0.152831 0.50172
0 0 0 0
1 0 0 0
-0.385567 -0.000919 0.297533
0 1 0
255 255 255 255
0.158562 0.552844
0 0 0 0
1 0 0 0
-0.330245 -0.000919 0.223772
0 1 0
255 255 255 255
0.175339 0.562672
0 0 0 0
1 0 0 0
-0.330245 -0.000919 0.223772
-0.2389102 0 0.9710416
255 255 255 255
0.12588 0.543289
0 0 0 0
1 0 0 0
-0.330245 0.002819 0.223772
-0.2389102 0 0.9710416
255 255 255 255
0.126376 0.543289
0 0 0 0
1 0 0 0
-0.625373 0.002819 0.223763
0 0 1
255 255 255 255
0.126376 0.582042
0 0 0 0
1 0 0 0
-0.625373 -0.000919 0.223763
0 0 1
255 255 255 255
0.12588 0.582042
0 0 0 0
1 0 0 0
-0.625373 -0.000919 0.21379
0 1 0
255 255 255 255
0.375207 0.771269
0 0 0 0
1 0 0 0
-0.322765 -0.000919 0.213799
0 1 0
255 255 255 255
0.375207 0.821083
0 0 0 0
1 0 0 0
-0.625373 -0.000919 -0.002293
0 1 0
255 255 255 255
0.437144 0.771269
0 0 0 0
1 0 0 0
-0.254216 -0.000919 0.246119
0.4264952 0 -0.9044899
255 255 255 255
0.128194 0.529061
0 0 0 0
1 0 0 0
-0.322765 -0.000919 0.213799
0.4264952 0 -0.9044899
255 255 255 255
0.128194 0.542306
0 0 0 0
1 0 0 0
-0.322765 0.002819 0.213799
0.4264952 0 -0.9044899
255 255 255 255
0.127699 0.542306
0 0 0 0
1 0 0 0
-0.254216 0.002819 0.246119
0.4264952 0 -0.9044899
255 255 255 255
0.127699 0.529061
0 0 0 0
1 0 0 0
-0.322765 0.002819 0.213799
0 1 0
255 255 255 255
0.127699 0.542306
0 0 0 0
1 0 0 0
-0.330245 0.002819 0.223772
0 1 0
255 255 255 255
0.126376 0.543289
0 0 0 0
1 0 0 0
-0.385567 0.002819 0.297533
0.2635151 0 -0.9646553
255 255 255 255
0.130047 0.550554
0 0 0 0
1 0 0 0
-0.385567 -0.000919 0.297533
0.2635151 0 -0.9646553
255 255 255 255
0.130543 0.550554
0 0 0 0
1 0 0 0
0.21029 -0.000919 0.314671
-0.9044899 0 -0.4264952
255 255 255 255
0.125847 0.542306
0 0 0 0
1 0 0 0
0.21029 0.002819 0.314671
-0.9044899 0 -0.4264952
255 255 255 255
0.126343 0.542306
0 0 0 0
1 0 0 0
0.242611 0.002819 0.246119
-0.9044899 0 -0.4264952
255 255 255 255
0.126343 0.529061
0 0 0 0
1 0 0 0
0.242611 -0.000919 0.246119
-0.9044899 0 -0.4264952
255 255 255 255
0.125847 0.529061
0 0 0 0
1 0 0 0
0.21029 0.002819 0.314671
0 1 0
255 255 255 255
0.126343 0.542306
0 0 0 0
1 0 0 0
0.220263 0.002819 0.32215
0 1 0
255 255 255 255
0.127666 0.543289
0 0 0 0
1 0 0 0
0.254075 0.002819 0.257584
0 1 0
255 255 255 255
0.127666 0.530371
0 0 0 0
1 0 0 0
0.242611 0.002819 0.246119
0 1 0
255 255 255 255
0.126343 0.529061
0 0 0 0
1 0 0 0
0.294025 -0.000919 0.377473
-0.9646623 0 -0.2634897
255 255 255 255
0.125844 0.550554
0 0 0 0
1 0 0 0
0.294025 0.002819 0.377473
-0.9646623 0 -0.2634897
255 255 255 255
0.12634 0.550554
0 0 0 0
1 0 0 0
0.323699 0.002819 0.327208
-0.7071068 0 -0.7071068
255 255 255 255
0.12634 0.540058
0 0 0 0
1 0 0 0
0.323699 -0.000919 0.327208
-0.7071068 0 -0.7071068
255 255 255 255
0.125844 0.540058
0 0 0 0
1 0 0 0
-0.322748 0.002819 -0.218367
0.4263748 0 0.9045466
255 255 255 255
0.126343 0.542302
0 0 0 0
1 0 0 0
-0.322748 -0.000919 -0.218367
0.4263748 0 0.9045466
255 255 255 255
0.125847 0.542302
0 0 0 0
1 0 0 0
-0.254189 -0.000919 -0.250681
0.4263748 0 0.9045466
255 255 255 255
0.125847 0.529055
0 0 0 0
1 0 0 0
-0.254189 0.002819 -0.250681
0.4263748 0 0.9045466
255 255 255 255
0.126343 0.529055
0 0 0 0
1 0 0 0
-0.265653 0.002819 -0.262144
0 1 0
255 255 255 255
0.127666 0.530365
0 0 0 0
1 0 0 0
-0.330227 0.002819 -0.22834
0 1 0
255 255 255 255
0.127666 0.543284
0 0 0 0
1 0 0 0
-0.322748 0.002819 -0.218367
0 1 0
255 255 255 255
0.126343 0.542302
0 0 0 0
1 0 0 0
-0.254189 0.002819 -0.250681
0 1 0
255 255 255 255
0.126343 0.529055
0 0 0 0
1 0 0 0
-0.385543 0.002819 -0.302096
0.2633966 0 0.9646877
255 255 255 255
0.12634 0.550548
0 0 0 0
1 0 0 0
-0.385543 -0.000919 -0.302096
0.2633966 0 0.9646877
255 255 255 255
0.125844 0.550548
0 0 0 0
1 0 0 0
-0.335269 -0.000919 -0.33176
0.7071068 0 0.7071068
255 255 255 255
0.125844 0.54005
0 0 0 0
1 0 0 0
-0.335269 0.002819 -0.33176
0.7071068 0 0.7071068
255 255 255 255
0.12634 0.54005
0 0 0 0
1 0 0 0
0.61377 -0.019032 0.307493
0.0001 0 1
255 255 255 255
0.130562 0.582042
0 0 0 0
1 0 0 0
0.61377 0.002819 0.307493
0.0001 0 1
255 255 255 255
0.127663 0.582042
0 0 0 0
1 0 0 0
0.381444 0.002819 0.307506
0.2860081 0 0.9582272
255 255 255 255
0.127663 0.551536
0 0 0 0
1 0 0 0
0.381444 -0.019032 0.307506
0.2860081 0 0.9582272
255 255 255 255
0.130562 0.551536
0 0 0 0
1 0 0 0
0.613771 0.002819 0.297521
0 1 0
255 255 255 255
0.12634 0.582042
0 0 0 0
1 0 0 0
0.373964 0.002819 0.297533
0 1 0
255 255 255 255
0.12634 0.550554
0 0 0 0
1 0 0 0
0.381444 0.002819 0.307506
0 1 0
255 255 255 255
0.127663 0.551536
0 0 0 0
1 0 0 0
0.61377 0.002819 0.307493
0 1 0
255 255 255 255
0.127663 0.582042
0 0 0 0
1 0 0 0
0.61377 -0.000919 0.223763
0 1 0
255 255 255 255
0.175577 0.50172
0 0 0 0
1 0 0 0
0.318642 -0.000919 0.223772
0 1 0
255 255 255 255
0.168523 0.562672
0 0 0 0
1 0 0 0
0.373964 -0.000919 0.297533
0 1 0
255 255 255 255
0.1853 0.552844
0 0 0 0
1 0 0 0
0.613771 -0.000919 0.297521
0 1 0
255 255 255 255
0.191031 0.50172
0 0 0 0
1 0 0 0
0.61377 -0.000919 0.223763
0 0 1
255 255 255 255
0.128162 0.582042
0 0 0 0
1 0 0 0
0.61377 0.002819 0.223763
0 0 1
255 255 255 255
0.127666 0.582042
0 0 0 0
1 0 0 0
0.318642 0.002819 0.223772
0.2389102 0 0.9710416
255 255 255 255
0.127666 0.543289
0 0 0 0
1 0 0 0
0.318642 -0.000919 0.223772
0.2389102 0 0.9710416
255 255 255 255
0.128162 0.543289
0 0 0 0
1 0 0 0
0.311163 -0.000919 0.213799
0 1 0
255 255 255 255
0.49985 0.823449
0 0 0 0
1 0 0 0
0.61377 -0.000919 0.21379
0 1 0
255 255 255 255
0.49985 0.873263
0 0 0 0
1 0 0 0
0.613771 -0.000919 -0.002293
0 1 0
255 255 255 255
0.437214 0.873263
0 0 0 0
1 0 0 0
0.381444 -0.019032 -0.312093
0.2860999 0 -0.9581997
255 255 255 255
0.125825 0.551536
0 0 0 0
1 0 0 0
0.381444 0.002819 -0.312093
0.2860999 0 -0.9581997
255 255 255 255
0.128724 0.551536
0 0 0 0
1 0 0 0
0.613771 0.002819 -0.31208
0.0001 0 -1
255 255 255 255
0.128724 0.582042
0 0 0 0
1 0 0 0
0.613771 -0.019032 -0.31208
0.0001 0 -1
255 255 255 255
0.125825 0.582042
0 0 0 0
1 0 0 0
0.613771 0.002819 -0.302108
0 1 0
255 255 255 255
0.130047 0.582042
0 0 0 0
1 0 0 0
0.613771 0.002819 -0.31208
0 1 0
255 255 255 255
0.128724 0.582042
0 0 0 0
1 0 0 0
0.381444 0.002819 -0.312093
0 1 0
255 255 255 255
0.128724 0.551536
0 0 0 0
1 0 0 0
0.373964 0.002819 -0.302119
0 1 0
255 255 255 255
0.130047 0.550554
0 0 0 0
1 0 0 0
0.613771 -0.000919 -0.228348
0 1 0
255 255 255 255
0.168286 0.50172
0 0 0 0
1 0 0 0
0.613771 -0.000919 -0.302108
0 1 0
255 255 255 255
0.152832 0.50172
0 0 0 0
1 0 0 0
0.373964 -0.000919 -0.302119
0 1 0
255 255 255 255
0.158562 0.552844
0 0 0 0
1 0 0 0
0.318642 -0.000919 -0.228358
0 1 0
255 255 255 255
0.175338 0.562672
0 0 0 0
1 0 0 0
0.318642 -0.000919 -0.228358
0.2389102 0 -0.9710416
255 255 255 255
0.12588 0.543289
0 0 0 0
1 0 0 0
0.318642 0.002819 -0.228358
0.2389102 0 -0.9710416
255 255 255 255
0.126376 0.543289
0 0 0 0
1 0 0 0
0.613771 0.002819 -0.228348
0 0 -1
255 255 255 255
0.126376 0.582042
0 0 0 0
1 0 0 0
0.613771 -0.000919 -0.228348
0 0 -1
255 255 255 255
0.12588 0.582042
0 0 0 0
1 0 0 0
0.613771 -0.000919 -0.218376
0 1 0
255 255 255 255
0.375207 0.771269
0 0 0 0
1 0 0 0
0.311163 -0.000919 -0.218385
0 1 0
255 255 255 255
0.375207 0.821083
0 0 0 0
1 0 0 0
0.613771 -0.000919 -0.002293
0 1 0
255 255 255 255
0.437144 0.771269
0 0 0 0
1 0 0 0
0.242611 -0.000919 -0.250707
-0.4264952 0 0.9044899
255 255 255 255
0.128194 0.529061
0 0 0 0
1 0 0 0
0.311163 -0.000919 -0.218385
-0.4264952 0 0.9044899
255 255 255 255
0.128194 0.542306
0 0 0 0
1 0 0 0
0.311163 0.002819 -0.218385
-0.4264952 0 0.9044899
255 255 255 255
0.127699 0.542306
0 0 0 0
1 0 0 0
0.242611 0.002819 -0.250707
-0.4264952 0 0.9044899
255 255 255 255
0.127699 0.529061
0 0 0 0
1 0 0 0
0.254075 0.002819 -0.262172
0 1 0
255 255 255 255
0.126376 0.530371
0 0 0 0
1 0 0 0
0.242611 0.002819 -0.250707
0 1 0
255 255 255 255
0.127699 0.529061
0 0 0 0
1 0 0 0
0.311163 0.002819 -0.218385
0 1 0
255 255 255 255
0.127699 0.542306
0 0 0 0
1 0 0 0
0.318642 0.002819 -0.228358
0 1 0
255 255 255 255
0.126376 0.543289
0 0 0 0
1 0 0 0
0.323699 -0.000919 -0.331795
-0.7071068 0 0.7071068
255 255 255 255
0.130543 0.540058
0 0 0 0
1 0 0 0
0.373964 -0.000919 -0.302119
-0.2635151 0 0.9646553
255 255 255 255
0.130543 0.550554
0 0 0 0
1 0 0 0
0.373964 0.002819 -0.302119
-0.2635151 0 0.9646553
255 255 255 255
0.130047 0.550554
0 0 0 0
1 0 0 0
0.323699 0.002819 -0.331795
-0.7071068 0 0.7071068
255 255 255 255
0.130047 0.540058
0 0 0 0
1 0 0 0
-0.315576 -0.019032 -0.389514
-0.9582627 0 -0.2858889
255 255 255 255
0.130562 0.55153
0 0 0 0
1 0 0 0
-0.315576 0.002819 -0.389514
-0.9582627 0 -0.2858889
255 255 255 255
0.127663 0.55153
0 0 0 0
1 0 0 0
-0.315588 0.002819 -0.621866
-1 0 0.0001
255 255 255 255
0.127663 0.582042
0 0 0 0
1 0 0 0
-0.315588 -0.019032 -0.621866
-1 0 0.0001
255 255 255 255
0.130562 0.582042
0 0 0 0
1 0 0 0
-0.305616 0.002819 -0.621866
0 1 0
255 255 255 255
0.12634 0.582042
0 0 0 0
1 0 0 0
-0.315588 0.002819 -0.621866
0 1 0
255 255 255 255
0.127663 0.582042
0 0 0 0
1 0 0 0
-0.315576 0.002819 -0.389514
0 1 0
255 255 255 255
0.127663 0.55153
0 0 0 0
1 0 0 0
-0.305604 0.002819 -0.382035
0 1 0
255 255 255 255
0.12634 0.550548
0 0 0 0
1 0 0 0
-0.231857 -0.000919 -0.621866
0 1 0
255 255 255 255
0.189277 0.50172
0 0 0 0
1 0 0 0
-0.305616 -0.000919 -0.621866
0 1 0
255 255 255 255
0.173723 0.50172
0 0 0 0
1 0 0 0
-0.305604 -0.000919 -0.382035
0 1 0
255 255 255 255
0.173725 0.552194
0 0 0 0
1 0 0 0
-0.231848 -0.000919 -0.326719
0 1 0
255 255 255 255
0.189279 0.563858
0 0 0 0
1 0 0 0
-0.231848 -0.000919 -0.326719
-0.9710706 0 -0.2387928
255 255 255 255
0.128162 0.543284
0 0 0 0
1 0 0 0
-0.231848 0.002819 -0.326719
-0.9710706 0 -0.2387928
255 255 255 255
0.127666 0.543284
0 0 0 0
1 0 0 0
-0.231857 0.002819 -0.621866
-1 0 0
255 255 255 255
0.127666 0.582042
0 0 0 0
1 0 0 0
-0.231857 -0.000919 -0.621866
-1 0 0
255 255 255 255
0.128162 0.582042
0 0 0 0
1 0 0 0
-0.221884 -0.000919 -0.621866
0 1 0
255 255 255 255
0.49985 0.873263
0 0 0 0
1 0 0 0
-0.221876 -0.000919 -0.31924
0 1 0
255 255 255 255
0.49985 0.823444
0 0 0 0
1 0 0 0
-0.005801 -0.000919 -0.621866
0 1 0
255 255 255 255
0.437214 0.873263
0 0 0 0
1 0 0 0
0.303985 -0.019032 -0.621865
1 0 -0.0001
255 255 255 255
0.125825 0.582042
0 0 0 0
1 0 0 0
0.303985 0.002819 -0.621865
1 0 -0.0001
255 255 255 255
0.128724 0.582042
0 0 0 0
1 0 0 0
0.303998 0.002819 -0.389539
0.9581997 0 -0.2860999
255 255 255 255
0.128724 0.551536
0 0 0 0
1 0 0 0
0.303998 -0.019032 -0.389539
0.9581997 0 -0.2860999
255 255 255 255
0.125825 0.551536
0 0 0 0
1 0 0 0
0.294013 0.002819 -0.621866
0 1 0
255 255 255 255
0.130047 0.582042
0 0 0 0
1 0 0 0
0.294025 0.002819 -0.382059
0 1 0
255 255 255 255
0.130047 0.550554
0 0 0 0
1 0 0 0
0.303998 0.002819 -0.389539
0 1 0
255 255 255 255
0.128724 0.551536
0 0 0 0
1 0 0 0
0.303985 0.002819 -0.621865
0 1 0
255 255 255 255
0.128724 0.582042
0 0 0 0
1 0 0 0
0.220254 -0.000919 -0.621866
0 1 0
255 255 255 255
0.154581 0.50172
0 0 0 0
1 0 0 0
0.220263 -0.000919 -0.326737
0 1 0
255 255 255 255
0.154582 0.563851
0 0 0 0
1 0 0 0
0.294025 -0.000919 -0.382059
0 1 0
255 255 255 255
0.170137 0.552185
0 0 0 0
1 0 0 0
0.294013 -0.000919 -0.621866
0 1 0
255 255 255 255
0.170135 0.50172
0 0 0 0
1 0 0 0
0.220254 0.002819 -0.621866
1 0 0
255 255 255 255
0.126376 0.582042
0 0 0 0
1 0 0 0
0.220263 0.002819 -0.326737
0.9710416 0 -0.2389102
255 255 255 255
0.126376 0.543289
0 0 0 0
1 0 0 0
0.220263 -0.000919 -0.326737
0.9710416 0 -0.2389102
255 255 255 255
0.12588 0.543289
0 0 0 0
1 0 0 0
0.220254 -0.000919 -0.621866
1 0 0
255 255 255 255
0.12588 0.582042
0 0 0 0
1 0 0 0
0.21029 -0.000919 -0.319257
0 1 0
255 255 255 255
0.375207 0.821083
0 0 0 0
1 0 0 0
0.210282 -0.000919 -0.621866
0 1 0
255 255 255 255
0.375207 0.771269
0 0 0 0
1 0 0 0
-0.005801 -0.000919 -0.621866
0 1 0
255 255 255 255
0.437144 0.771269
0 0 0 0
1 0 0 0
0.21029 0.002819 -0.319257
-0.9044899 0 0.4264952
255 255 255 255
0.127699 0.542306
0 0 0 0
1 0 0 0
0.21029 -0.000919 -0.319257
-0.9044899 0 0.4264952
255 255 255 255
0.128194 0.542306
0 0 0 0
1 0 0 0
0.242611 -0.000919 -0.250707
-0.9044899 0 0.4264952
255 255 255 255
0.128194 0.529061
0 0 0 0
1 0 0 0
0.242611 0.002819 -0.250707
-0.9044899 0 0.4264952
255 255 255 255
0.127699 0.529061
0 0 0 0
1 0 0 0
0.21029 0.002819 -0.319257
0 1 0
255 255 255 255
0.127699 0.542306
0 0 0 0
1 0 0 0
0.220263 0.002819 -0.326737
0 1 0
255 255 255 255
0.126376 0.543289
0 0 0 0
1 0 0 0
0.294025 0.002819 -0.382059
-0.9646623 0 0.2634897
255 255 255 255
0.130047 0.550554
0 0 0 0
1 0 0 0
0.294025 -0.000919 -0.382059
-0.9646623 0 0.2634897
255 255 255 255
0.130543 0.550554
0 0 0 0
1 0 0 0
0.242611 0.002819 0.246119
-0.4264134 0 -0.9045284
255 255 255 255
0.126343 0.529061
0 0 0 0
1 0 0 0
0.311163 0.002819 0.213799
-0.4264134 0 -0.9045284
255 255 255 255
0.126343 0.542306
0 0 0 0
1 0 0 0
0.311163 -0.000919 0.213799
-0.4264134 0 -0.9045284
255 255 255 255
0.125847 0.542306
0 0 0 0
1 0 0 0
0.242611 -0.000919 0.246119
-0.4264134 0 -0.9045284
255 255 255 255
0.125847 0.529061
0 0 0 0
1 0 0 0
0.311163 0.002819 0.213799
0 1 0
255 255 255 255
0.126343 0.542306
0 0 0 0
1 0 0 0
0.318642 0.002819 0.223772
0 1 0
255 255 255 255
0.127666 0.543289
0 0 0 0
1 0 0 0
0.373964 -0.000919 0.297533
-0.2634897 0 -0.9646623
255 255 255 255
0.125844 0.550554
0 0 0 0
1 0 0 0
0.373964 0.002819 0.297533
-0.2634897 0 -0.9646623
255 255 255 255
0.12634 0.550554
0 0 0 0
1 0 0 0
-0.254189 -0.000919 -0.250681
0.9045851 0 0.426293
255 255 255 255
0.125847 0.529055
0 0 0 0
1 0 0 0
-0.221876 -0.000919 -0.31924
0.9045851 0 0.426293
255 255 255 255
0.125847 0.542302
0 0 0 0
1 0 0 0
-0.221876 0.002819 -0.31924
0.9045851 0 0.426293
255 255 255 255
0.126343 0.542302
0 0 0 0
1 0 0 0
-0.254189 0.002819 -0.250681
0.9045851 0 0.426293
255 255 255 255
0.126343 0.529055
0 0 0 0
1 0 0 0
-0.221876 0.002819 -0.31924
0 1 0
255 255 255 255
0.126343 0.542302
0 0 0 0
1 0 0 0
-0.231848 0.002819 -0.326719
0 1 0
255 255 255 255
0.127666 0.543284
0 0 0 0
1 0 0 0
-0.305604 -0.000919 -0.382035
0.9646877 0 0.2633966
255 255 255 255
0.125844 0.550548
0 0 0 0
1 0 0 0
-0.305604 0.002819 -0.382035
0.9646877 0 0.2633966
255 255 255 255
0.12634 0.550548
0 0 0 0
1 0 0 0
-0.625373 0.002819 -0.218376
0 0 1
255 255 255 255
0.126343 0.582042
0 0 0 0
1 0 0 0
-0.625373 -0.000919 -0.218376
0 0 1
255 255 255 255
0.125847 0.582042
0 0 0 0
1 0 0 0
-0.322748 -0.000919 -0.218367
0 0 1
255 255 255 255
0.125847 0.542302
0 0 0 0
1 0 0 0
-0.322748 0.002819 -0.218367
0 0 1
255 255 255 255
0.126343 0.542302
0 0 0 0
1 0 0 0
-0.625373 0.002819 -0.218376
0 1 0
255 255 255 255
0.126343 0.582042
0 0 0 0
1 0 0 0
-0.625373 0.002819 -0.228348
0 1 0
255 255 255 255
0.127666 0.582042
0 0 0 0
1 0 0 0
-0.625373 0.002819 -0.302108
0 0 1
255 255 255 255
0.12634 0.582042
0 0 0 0
1 0 0 0
-0.625373 -0.000919 -0.302108
0 0 1
255 255 255 255
0.125844 0.582042
0 0 0 0
1 0 0 0
0.613771 -0.000919 -0.218376
0 0 1
255 255 255 255
0.128194 0.582042
0 0 0 0
1 0 0 0
0.613771 0.002819 -0.218376
0 0 1
255 255 255 255
0.127699 0.582042
0 0 0 0
1 0 0 0
0.311163 0.002819 -0.218385
0 0 1
255 255 255 255
0.127699 0.542306
0 0 0 0
1 0 0 0
0.311163 -0.000919 -0.218385
0 0 1
255 255 255 255
0.128194 0.542306
0 0 0 0
1 0 0 0
0.613771 0.002819 -0.218376
0 1 0
255 255 255 255
0.127699 0.582042
0 0 0 0
1 0 0 0
0.613771 0.002819 -0.228348
0 1 0
255 255 255 255
0.126376 0.582042
0 0 0 0
1 0 0 0
0.613771 -0.000919 -0.302108
0 0 1
255 255 255 255
0.130543 0.582042
0 0 0 0
1 0 0 0
0.613771 0.002819 -0.302108
0 0 1
255 255 255 255
0.130047 0.582042
0 0 0 0
1 0 0 0
0.210282 0.002819 -0.621866
-1 0 0
255 255 255 255
0.127699 0.582042
0 0 0 0
1 0 0 0
0.210282 -0.000919 -0.621866
-1 0 0
255 255 255 255
0.128194 0.582042
0 0 0 0
1 0 0 0
0.21029 -0.000919 -0.319257
-1 0 0
255 255 255 255
0.128194 0.542306
0 0 0 0
1 0 0 0
0.21029 0.002819 -0.319257
-1 0 0
255 255 255 255
0.127699 0.542306
0 0 0 0
1 0 0 0
0.210282 0.002819 -0.621866
0 1 0
255 255 255 255
0.127699 0.582042
0 0 0 0
1 0 0 0
0.220254 0.002819 -0.621866
0 1 0
255 255 255 255
0.126376 0.582042
0 0 0 0
1 0 0 0
0.294013 0.002819 -0.621866
-1 0 0
255 255 255 255
0.130047 0.582042
0 0 0 0
1 0 0 0
0.294013 -0.000919 -0.621866
-1 0 0
255 255 255 255
0.130543 0.582042
0 0 0 0
1 0 0 0
-0.221884 -0.000919 -0.621866
1 0 0
255 255 255 255
0.125847 0.582042
0 0 0 0
1 0 0 0
-0.221884 0.002819 -0.621866
1 0 0
255 255 255 255
0.126343 0.582042
0 0 0 0
1 0 0 0
-0.221876 0.002819 -0.31924
1 0 0
255 255 255 255
0.126343 0.542302
0 0 0 0
1 0 0 0
-0.221876 -0.000919 -0.31924
1 0 0
255 255 255 255
0.125847 0.542302
0 0 0 0
1 0 0 0
-0.221884 0.002819 -0.621866
0 1 0
255 255 255 255
0.126343 0.582042
0 0 0 0
1 0 0 0
-0.231857 0.002819 -0.621866
0 1 0
255 255 255 255
0.127666 0.582042
0 0 0 0
1 0 0 0
-0.305616 -0.000919 -0.621866
1 0 -0.0001
255 255 255 255
0.125844 0.582042
0 0 0 0
1 0 0 0
-0.305616 0.002819 -0.621866
1 0 -0.0001
255 255 255 255
0.12634 0.582042
0 0 0 0
1 0 0 0
-0.346228 0.002819 -0.342719
-0.7071068 0 -0.7071068
255 255 255 255
0.127663 0.541359
0 0 0 0
1 0 0 0
-0.346228 -0.019032 -0.342719
-0.7071068 0 -0.7071068
255 255 255 255
0.130562 0.541359
0 0 0 0
1 0 0 0
-0.346228 0.002819 -0.342719
0 1 0
255 255 255 255
0.127663 0.541359
0 0 0 0
1 0 0 0
-0.335269 0.002819 -0.33176
0 1 0
255 255 255 255
0.12634 0.54005
0 0 0 0
1 0 0 0
-0.335269 -0.000919 -0.33176
0 1 0
255 255 255 255
0.190313 0.564093
0 0 0 0
1 0 0 0
-0.265653 -0.000919 -0.262144
0 1 0
255 255 255 255
0.174065 0.577017
0 0 0 0
1 0 0 0
-0.265653 0.002819 -0.262144
-0.7071068 0 -0.7071068
255 255 255 255
0.127666 0.530365
0 0 0 0
1 0 0 0
-0.265653 -0.000919 -0.262144
-0.7071068 0 -0.7071068
255 255 255 255
0.128162 0.530365
0 0 0 0
1 0 0 0
-0.335269 -0.000919 -0.33176
0 1 0
255 255 255 255
0.16747 0.562796
0 0 0 0
1 0 0 0
-0.265653 -0.000919 -0.262144
0 1 0
255 255 255 255
0.18215 0.577476
0 0 0 0
1 0 0 0
0.334659 -0.019032 -0.342756
0.7071068 0 -0.7071068
255 255 255 255
0.125825 0.541368
0 0 0 0
1 0 0 0
0.334659 0.002819 -0.342756
0.7071068 0 -0.7071068
255 255 255 255
0.128724 0.541368
0 0 0 0
1 0 0 0
0.334659 0.002819 -0.342756
0 1 0
255 255 255 255
0.128724 0.541368
0 0 0 0
1 0 0 0
0.323699 0.002819 -0.331795
0 1 0
255 255 255 255
0.130047 0.540058
0 0 0 0
1 0 0 0
0.323699 -0.000919 -0.331795
0 1 0
255 255 255 255
0.153545 0.564084
0 0 0 0
1 0 0 0
0.254075 -0.000919 -0.262172
0 1 0
255 255 255 255
0.169796 0.577009
0 0 0 0
1 0 0 0
0.254075 -0.000919 -0.262172
0.7071068 0 -0.7071068
255 255 255 255
0.12588 0.530371
0 0 0 0
1 0 0 0
0.254075 0.002819 -0.262172
0.7071068 0 -0.7071068
255 255 255 255
0.126376 0.530371
0 0 0 0
1 0 0 0
0.323699 -0.000919 -0.331795
0 1 0
255 255 255 255
0.176395 0.562785
0 0 0 0
1 0 0 0
0.254075 -0.000919 -0.262172
0 1 0
255 255 255 255
0.161713 0.577467
0 0 0 0
1 0 0 0
-0.221885 0.002818 0.617279
1 0 0
255 255 255 255
0.127699 0.582042
0 0 0 0
1 0 0 0
-0.221885 -0.00092 0.617279
1 0 0
255 255 255 255
0.128194 0.582042
0 0 0 0
1 0 0 0
-0.221893 -0.000919 0.314671
1 0 0
255 255 255 255
0.128194 0.542306
0 0 0 0
1 0 0 0
-0.221893 0.002819 0.314671
1 0 0
255 255 255 255
0.127699 0.542306
0 0 0 0
1 0 0 0
-0.221885 0.002818 0.617279
0 1 0
255 255 255 255
0.127699 0.582042
0 0 0 0
1 0 0 0
-0.231857 0.002818 0.617279
0 1 0
255 255 255 255
0.126376 0.582042
0 0 0 0
1 0 0 0
-0.305616 0.002818 0.617279
1 0 0
255 255 255 255
0.130047 0.582042
0 0 0 0
1 0 0 0
-0.305616 -0.00092 0.617279
1 0 0
255 255 255 255
0.130543 0.582042
0 0 0 0
1 0 0 0
-0.625373 -0.000919 0.21379
0 0 -1
255 255 255 255
0.128194 0.582042
0 0 0 0
1 0 0 0
-0.625373 0.002819 0.21379
0 0 -1
255 255 255 255
0.127699 0.582042
0 0 0 0
1 0 0 0
-0.322765 0.002819 0.213799
0 0 -1
255 255 255 255
0.127699 0.542306
0 0 0 0
1 0 0 0
-0.322765 -0.000919 0.213799
0 0 -1
255 255 255 255
0.128194 0.542306
0 0 0 0
1 0 0 0
-0.625373 0.002819 0.21379
0 1 0
255 255 255 255
0.127699 0.582042
0 0 0 0
1 0 0 0
-0.625373 0.002819 0.223763
0 1 0
255 255 255 255
0.126376 0.582042
0 0 0 0
1 0 0 0
-0.625373 -0.000919 0.297521
0 0 -1
255 255 255 255
0.130543 0.582042
0 0 0 0
1 0 0 0
-0.625373 0.002819 0.297521
0 0 -1
255 255 255 255
0.130047 0.582042
0 0 0 0
1 0 0 0
0.210282 -0.00092 0.617279
-1 0 0
255 255 255 255
0.125847 0.582042
0 0 0 0
1 0 0 0
0.210282 0.002818 0.617279
-1 0 0
255 255 255 255
0.126343 0.582042
0 0 0 0
1 0 0 0
0.21029 0.002819 0.314671
-1 0 0
255 255 255 255
0.126343 0.542306
0 0 0 0
1 0 0 0
0.21029 -0.000919 0.314671
-1 0 0
255 255 255 255
0.125847 0.542306
0 0 0 0
1 0 0 0
0.210282 0.002818 0.617279
0 1 0
255 255 255 255
0.126343 0.582042
0 0 0 0
1 0 0 0
0.220254 0.002818 0.617279
0 1 0
255 255 255 255
0.127666 0.582042
0 0 0 0
1 0 0 0
0.294013 -0.00092 0.617279
-1 0 0
255 255 255 255
0.125844 0.582042
0 0 0 0
1 0 0 0
0.294013 0.002818 0.617279
-1 0 0
255 255 255 255
0.12634 0.582042
0 0 0 0
1 0 0 0
0.61377 0.002819 0.21379
0 0 -1
255 255 255 255
0.126343 0.582042
0 0 0 0
1 0 0 0
0.61377 -0.000919 0.21379
0 0 -1
255 255 255 255
0.125847 0.582042
0 0 0 0
1 0 0 0
0.311163 -0.000919 0.213799
0 0 -1
255 255 255 255
0.125847 0.542306
0 0 0 0
1 0 0 0
0.311163 0.002819 0.213799
0 0 -1
255 255 255 255
0.126343 0.542306
0 0 0 0
1 0 0 0
0.61377 0.002819 0.21379
0 1 0
255 255 255 255
0.126343 0.582042
0 0 0 0
1 0 0 0
0.61377 0.002819 0.223763
0 1 0
255 255 255 255
0.127666 0.582042
0 0 0 0
1 0 0 0
0.613771 0.002819 0.297521
0 0 -1
255 255 255 255
0.12634 0.582042
0 0 0 0
1 0 0 0
0.613771 -0.000919 0.297521
0 0 -1
255 255 255 255
0.125844 0.582042
0 0 0 0
1 0 0 0
0.334659 -0.019032 0.338167
0.7071068 0 0.7071068
255 255 255 255
0.130562 0.541368
0 0 0 0
1 0 0 0
0.334659 0.002819 0.338167
0.7071068 0 0.7071068
255 255 255 255
0.127663 0.541368
0 0 0 0
1 0 0 0
0.334659 0.002819 0.338167
0 1 0
255 255 255 255
0.127663 0.541368
0 0 0 0
1 0 0 0
0.323699 0.002819 0.327208
0 1 0
255 255 255 255
0.12634 0.540058
0 0 0 0
1 0 0 0
0.323699 -0.000919 0.327208
0 1 0
255 255 255 255
0.167466 0.562785
0 0 0 0
1 0 0 0
0.254075 -0.000919 0.257584
0 1 0
255 255 255 255
0.182149 0.577467
0 0 0 0
1 0 0 0
0.254075 -0.000919 0.257584
0.7071068 0 0.7071068
255 255 255 255
0.128162 0.530371
0 0 0 0
1 0 0 0
0.254075 0.002819 0.257584
0.7071068 0 0.7071068
255 255 255 255
0.127666 0.530371
0 0 0 0
1 0 0 0
0.323699 -0.000919 0.327208
0 1 0
255 255 255 255
0.190316 0.564084
0 0 0 0
1 0 0 0
0.254075 -0.000919 0.257584
0 1 0
255 255 255 255
0.174065 0.577008
0 0 0 0
1 0 0 0
-0.346264 0.002819 0.338167
-0.7071068 0 0.7071068
255 255 255 255
0.128724 0.541368
0 0 0 0
1 0 0 0
-0.346264 -0.019032 0.338167
-0.7071068 0 0.7071068
255 255 255 255
0.125825 0.541368
0 0 0 0
1 0 0 0
-0.346264 0.002819 0.338167
0 1 0
255 255 255 255
0.128724 0.541368
0 0 0 0
1 0 0 0
-0.335304 0.002819 0.327208
0 1 0
255 255 255 255
0.130047 0.540058
0 0 0 0
1 0 0 0
-0.26568 -0.000919 0.257584
0 1 0
255 255 255 255
0.161713 0.577467
0 0 0 0
1 0 0 0
-0.335304 -0.000919 0.327208
0 1 0
255 255 255 255
0.176395 0.562785
0 0 0 0
1 0 0 0
-0.26568 0.002819 0.257584
-0.7071068 0 0.7071068
255 255 255 255
0.126376 0.530371
0 0 0 0
1 0 0 0
-0.26568 -0.000919 0.257584
-0.7071068 0 0.7071068
255 255 255 255
0.12588 0.530371
0 0 0 0
1 0 0 0
-0.335304 -0.000919 0.327208
0 1 0
255 255 255 255
0.153546 0.564084
0 0 0 0
1 0 0 0
-0.26568 -0.000919 0.257584
0 1 0
255 255 255 255
0.169797 0.577008
0 0 0 0
1 0 0 0
0.242611 -0.000919 -0.250707
0 1 0
255 255 255 255
0.375207 0.837688
0 0 0 0
1 0 0 0
0.242611 -0.000919 0.246119
0 1 0
255 255 255 255
0.49985 0.806845
0 0 0 0
1 0 0 0
-0.254216 -0.000919 0.246119
0 1 0
255 255 255 255
0.375207 0.837688
0 0 0 0
1 0 0 0
-0.254189 -0.000919 -0.250681
0 1 0
255 255 255 255
0.49985 0.806837
0 0 0 0
1 0 0 0
248 # faces
0 2 1
2 0 3
4 6 5
6 4 7
8 10 9
10 8 11
12 14 13
14 12 15
16 18 17
18 16 19
20 22 21
22 20 23
24 26 25
26 24 27
28 30 29
30 28 31
32 34 33
34 32 35
36 38 37
38 36 39
40 42 41
42 40 43
44 46 45
46 44 47
48 50 49
50 48 51
52 54 53
54 52 55
56 58 57
58 56 59
60 62 61
62 60 63
64 66 65
66 64 67
18 69 68
69 18 70
71 73 72
73 71 74
75 77 76
77 75 78
79 81 80
81 79 82
83 85 84
85 83 86
87 36 88
36 87 89
90 92 91
92 90 93
44 94 47
94 44 95
96 50 51
50 96 97
98 100 99
100 98 101
102 104 103
104 102 105
106 108 107
108 106 109
110 112 111
112 110 113
114 116 115
116 114 117
118 120 119
120 118 121
122 124 123
124 122 125
126 128 127
128 126 129
130 132 131
132 130 133
134 136 135
136 134 137
18 139 138
139 18 140
141 143 142
143 141 144
145 147 146
147 145 148
149 151 150
151 149 152
153 155 154
155 153 156
157 36 158
36 157 159
160 162 161
162 160 163
164 166 165
166 164 167
168 170 169
170 168 171
172 174 173
174 172 175
176 178 177
178 176 179
180 182 181
182 180 183
184 186 185
186 184 187
188 18 189
18 188 190
191 193 192
193 191 194
195 197 196
197 195 198
199 201 200
201 199 202
203 205 204
205 203 206
36 208 207
208 36 209
210 212 211
212 210 213
214 164 165
164 214 215
168 216 171
216 168 217
218 220 219
220 218 221
222 104 105
104 222 223
224 108 109
108 224 225
226 228 227
228 226 229
114 230 117
230 114 231
120 233 232
233 120 121
234 236 235
236 234 237
238 115 116
115 238 239
119 240 118
240 119 241
242 244 243
244 242 245
167 246 166
246 167 247
170 248 169
248 170 249
250 252 251
252 250 253
254 215 214
215 254 255
217 256 216
256 217 257
258 260 259
260 258 261
231 262 230
262 231 263
233 264 232
264 233 265
55 266 54
266 55 267
267 173 266
173 267 172
268 57 58
179 268 178
268 179 269
57 268 269
270 61 62
61 270 271
66 272 65
185 273 184
273 185 272
272 66 273
183 274 182
274 183 275
142 276 141
276 142 277
194 277 193
277 194 276
148 278 147
278 196 197
278 148 279
196 278 279
152 280 151
280 152 281
154 282 153
205 283 204
283 205 282
282 154 283
284 200 201
200 284 285
286 288 287
288 286 289
290 45 46
45 290 291
49 292 48
292 49 293
294 296 295
296 294 297
95 298 94
298 95 299
96 300 97
300 96 301
302 304 303
304 302 305
103 306 102
306 103 307
107 308 106
308 107 309
310 312 311
312 310 313
314 223 222
223 314 315
224 316 225
316 224 317
1 318 0
319 125 318
125 319 124
318 1 319
320 127 128
7 320 6
127 320 321
320 7 321
11 322 10
322 11 323
13 324 12
137 325 136
325 137 324
324 13 325
326 131 132
131 326 327
23 328 22
328 23 329
72 329 71
329 72 328
330 78 331
25 330 331
78 330 77
330 25 26
29 333 332
333 29 30
34 334 33
84 335 83
335 84 334
334 34 335
82 336 81
336 82 337
158 36 338
36 207 338
18 138 339
17 18 339
88 36 340
36 37 340
189 18 341
18 68 341
