1 # bones
root
-1
0 0 0
1 # meshes
10_Road-Streight-Double_0_0_0_root_root
1 # uv layers
1 # textures
atlas.jpg
0 # uv layer index
140 # vertices
0 -0.000714 0.619573
0 1 0
255 255 255 255
0.124672 0.624477
0 0 0 0
1 0 0 0
0 -0.000714 -1E-06
0 1 0
255 255 255 255
0.124672 0.501498
0 0 0 0
1 0 0 0
-0.216084 -0.000714 -1E-06
0 1 0
255 255 255 255
0.063037 0.501498
0 0 0 0
1 0 0 0
-0.216084 -0.000714 0.619573
0 1 0
255 255 255 255
0.063037 0.624477
0 0 0 0
1 0 0 0
-0.432166 -0.000714 -1E-06
1 0 0
255 255 255 255
0.128194 0.500684
0 0 0 0
1 0 0 0
-0.432166 0.003024 -1E-06
1 0 0
255 255 255 255
0.127699 0.500684
0 0 0 0
1 0 0 0
-0.432166 0.003024 0.619573
1 0 0
255 255 255 255
0.127699 0.582042
0 0 0 0
1 0 0 0
-0.432166 -0.000714 0.619573
1 0 0
255 255 255 255
0.128194 0.582042
0 0 0 0
1 0 0 0
-0.525869 -0.018828 0.619573
-1 0 0
255 255 255 255
0.125825 0.582042
0 0 0 0
1 0 0 0
-0.525869 0.003024 0.619573
-1 0 0
255 255 255 255
0.128724 0.582042
0 0 0 0
1 0 0 0
-0.525869 0.003024 -1E-06
-1 0 0
255 255 255 255
0.128724 0.500684
0 0 0 0
1 0 0 0
-0.525869 -0.018828 -1E-06
-1 0 0
255 255 255 255
0.125825 0.500684
0 0 0 0
1 0 0 0
-0.525869 0.003024 0.619573
0 1 0
255 255 255 255
0.128724 0.582042
0 0 0 0
1 0 0 0
-0.515898 0.003024 0.619573
0 1 0
255 255 255 255
0.130047 0.582042
0 0 0 0
1 0 0 0
-0.515898 0.003024 -1E-06
0 1 0
255 255 255 255
0.130047 0.500684
0 0 0 0
1 0 0 0
-0.525869 0.003024 -1E-06
0 1 0
255 255 255 255
0.128724 0.500684
0 0 0 0
1 0 0 0
-0.432166 0.003024 -1E-06
0 1 0
255 255 255 255
0.127699 0.500684
0 0 0 0
1 0 0 0
-0.442138 0.003024 -1E-06
0 1 0
255 255 255 255
0.126376 0.500684
0 0 0 0
1 0 0 0
-0.442138 0.003024 0.619573
0 1 0
255 255 255 255
0.126376 0.582042
0 0 0 0
1 0 0 0
-0.432166 0.003024 0.619573
0 1 0
255 255 255 255
0.127699 0.582042
0 0 0 0
1 0 0 0
-0.515898 -0.000714 0.619573
0 1 0
255 255 255 255
0.171392 0.500504
0 0 0 0
1 0 0 0
-0.442138 -0.000714 0.619573
0 1 0
255 255 255 255
0.156674 0.500504
0 0 0 0
1 0 0 0
-0.442138 -0.000714 -1E-06
0 1 0
255 255 255 255
0.156674 0.624132
0 0 0 0
1 0 0 0
-0.515898 -0.000714 -1E-06
0 1 0
255 255 255 255
0.171392 0.624132
0 0 0 0
1 0 0 0
-0.442138 -0.000714 -1E-06
-1 0 0
255 255 255 255
0.12588 0.500684
0 0 0 0
1 0 0 0
-0.442138 -0.000714 0.619573
-1 0 0
255 255 255 255
0.12588 0.582042
0 0 0 0
1 0 0 0
-0.442138 0.003024 0.619573
-1 0 0
255 255 255 255
0.126376 0.582042
0 0 0 0
1 0 0 0
-0.442138 0.003024 -1E-06
-1 0 0
255 255 255 255
0.126376 0.500684
0 0 0 0
1 0 0 0
-0.515898 -0.000714 0.619573
1 0 0
255 255 255 255
0.130543 0.582042
0 0 0 0
1 0 0 0
-0.515898 -0.000714 -1E-06
1 0 0
255 255 255 255
0.130543 0.500684
0 0 0 0
1 0 0 0
-0.515898 0.003024 -1E-06
1 0 0
255 255 255 255
0.130047 0.500684
0 0 0 0
1 0 0 0
-0.515898 0.003024 0.619573
1 0 0
255 255 255 255
0.130047 0.582042
0 0 0 0
1 0 0 0
-0.432166 -0.000714 0.619573
0 1 0
255 255 255 255
0.000225 0.501498
0 0 0 0
1 0 0 0
-0.216084 -0.000714 0.619573
0 1 0
255 255 255 255
0.062967 0.501498
0 0 0 0
1 0 0 0
-0.216084 -0.000714 -1E-06
0 1 0
255 255 255 255
0.062967 0.624477
0 0 0 0
1 0 0 0
-0.432166 -0.000714 -1E-06
0 1 0
255 255 255 255
0.000225 0.624477
0 0 0 0
1 0 0 0
0 -0.000714 -1E-06
0 1 0
255 255 255 255
0.9998 0.249322
0 0 0 0
1 0 0 0
0 -0.000714 -0.619573
0 1 0
255 255 255 255
0.9998 0.126343
0 0 0 0
1 0 0 0
-0.216084 -0.000714 -0.619573
0 1 0
255 255 255 255
0.93827 0.126342
0 0 0 0
1 0 0 0
-0.216084 -0.000714 -1E-06
0 1 0
255 255 255 255
0.93827 0.249322
0 0 0 0
1 0 0 0
-0.432166 -0.000714 -0.619573
1 0 0
255 255 255 255
0.128194 0.500684
0 0 0 0
1 0 0 0
-0.432166 0.003024 -0.619573
1 0 0
255 255 255 255
0.127699 0.500684
0 0 0 0
1 0 0 0
-0.432166 0.003024 -1E-06
1 0 0
255 255 255 255
0.127699 0.582042
0 0 0 0
1 0 0 0
-0.432166 -0.000714 -1E-06
1 0 0
255 255 255 255
0.128194 0.582042
0 0 0 0
1 0 0 0
-0.525869 -0.018828 -1E-06
-1 0 0
255 255 255 255
0.125825 0.582042
0 0 0 0
1 0 0 0
-0.525869 0.003024 -1E-06
-1 0 0
255 255 255 255
0.128724 0.582042
0 0 0 0
1 0 0 0
-0.525869 0.003024 -0.619573
-1 0 0
255 255 255 255
0.128724 0.500684
0 0 0 0
1 0 0 0
-0.525869 -0.018828 -0.619573
-1 0 0
255 255 255 255
0.125825 0.500684
0 0 0 0
1 0 0 0
-0.525869 0.003024 -1E-06
0 1 0
255 255 255 255
0.128724 0.582042
0 0 0 0
1 0 0 0
-0.515898 0.003024 -1E-06
0 1 0
255 255 255 255
0.130047 0.582042
0 0 0 0
1 0 0 0
-0.515898 0.003024 -0.619573
0 1 0
255 255 255 255
0.130047 0.500684
0 0 0 0
1 0 0 0
-0.525869 0.003024 -0.619573
0 1 0
255 255 255 255
0.128724 0.500684
0 0 0 0
1 0 0 0
-0.432166 0.003024 -0.619573
0 1 0
255 255 255 255
0.127699 0.500684
0 0 0 0
1 0 0 0
-0.442138 0.003024 -0.619573
0 1 0
255 255 255 255
0.126376 0.500684
0 0 0 0
1 0 0 0
-0.442138 0.003024 -1E-06
0 1 0
255 255 255 255
0.126376 0.582042
0 0 0 0
1 0 0 0
-0.432166 0.003024 -1E-06
0 1 0
255 255 255 255
0.127699 0.582042
0 0 0 0
1 0 0 0
-0.515898 -0.000714 -1E-06
0 1 0
255 255 255 255
0.146391 0.500504
0 0 0 0
1 0 0 0
-0.442138 -0.000714 -1E-06
0 1 0
255 255 255 255
0.131673 0.500504
0 0 0 0
1 0 0 0
-0.442138 -0.000714 -0.619573
0 1 0
255 255 255 255
0.131673 0.624131
0 0 0 0
1 0 0 0
-0.515898 -0.000714 -0.619573
0 1 0
255 255 255 255
0.146391 0.624131
0 0 0 0
1 0 0 0
-0.442138 -0.000714 -0.619573
-1 0 0
255 255 255 255
0.12588 0.500684
0 0 0 0
1 0 0 0
-0.442138 -0.000714 -1E-06
-1 0 0
255 255 255 255
0.12588 0.582042
0 0 0 0
1 0 0 0
-0.442138 0.003024 -1E-06
-1 0 0
255 255 255 255
0.126376 0.582042
0 0 0 0
1 0 0 0
-0.442138 0.003024 -0.619573
-1 0 0
255 255 255 255
0.126376 0.500684
0 0 0 0
1 0 0 0
-0.515898 -0.000714 -1E-06
1 0 0
255 255 255 255
0.130543 0.582042
0 0 0 0
1 0 0 0
-0.515898 -0.000714 -0.619573
1 0 0
255 255 255 255
0.130543 0.500684
0 0 0 0
1 0 0 0
-0.515898 0.003024 -0.619573
1 0 0
255 255 255 255
0.130047 0.500684
0 0 0 0
1 0 0 0
-0.515898 0.003024 -1E-06
1 0 0
255 255 255 255
0.130047 0.582042
0 0 0 0
1 0 0 0
-0.432166 -0.000714 -1E-06
0 1 0
255 255 255 255
0.875203 0.126342
0 0 0 0
1 0 0 0
-0.216084 -0.000714 -1E-06
0 1 0
255 255 255 255
0.9382 0.126342
0 0 0 0
1 0 0 0
-0.216084 -0.000714 -0.619573
0 1 0
255 255 255 255
0.9382 0.249322
0 0 0 0
1 0 0 0
-0.432166 -0.000714 -0.619573
0 1 0
255 255 255 255
0.875203 0.249322
0 0 0 0
1 0 0 0
0.216084 -0.000714 -1E-06
0 1 0
255 255 255 255
0.063037 0.501498
0 0 0 0
1 0 0 0
0.216084 -0.000714 0.619573
0 1 0
255 255 255 255
0.063037 0.624477
0 0 0 0
1 0 0 0
0.432168 -0.000714 -1E-06
-1 0 0
255 255 255 255
0.128194 0.500684
0 0 0 0
1 0 0 0
0.432168 -0.000714 0.619573
-1 0 0
255 255 255 255
0.128194 0.582042
0 0 0 0
1 0 0 0
0.432168 0.003024 0.619573
-1 0 0
255 255 255 255
0.127699 0.582042
0 0 0 0
1 0 0 0
0.432168 0.003024 -1E-06
-1 0 0
255 255 255 255
0.127699 0.500684
0 0 0 0
1 0 0 0
0.525871 -0.018828 0.619573
1 0 0
255 255 255 255
0.125825 0.582042
0 0 0 0
1 0 0 0
0.525871 -0.018828 -1E-06
1 0 0
255 255 255 255
0.125825 0.500684
0 0 0 0
1 0 0 0
0.525871 0.003024 -1E-06
1 0 0
255 255 255 255
0.128724 0.500684
0 0 0 0
1 0 0 0
0.525871 0.003024 0.619573
1 0 0
255 255 255 255
0.128724 0.582042
0 0 0 0
1 0 0 0
0.525871 0.003024 0.619573
0 1 0
255 255 255 255
0.128724 0.582042
0 0 0 0
1 0 0 0
0.525871 0.003024 -1E-06
0 1 0
255 255 255 255
0.128724 0.500684
0 0 0 0
1 0 0 0
0.515898 0.003024 -1E-06
0 1 0
255 255 255 255
0.130047 0.500684
0 0 0 0
1 0 0 0
0.515898 0.003024 0.619573
0 1 0
255 255 255 255
0.130047 0.582042
0 0 0 0
1 0 0 0
0.432168 0.003024 -1E-06
0 1 0
255 255 255 255
0.127699 0.500684
0 0 0 0
1 0 0 0
0.432168 0.003024 0.619573
0 1 0
255 255 255 255
0.127699 0.582042
0 0 0 0
1 0 0 0
0.44214 0.003024 0.619573
0 1 0
255 255 255 255
0.126376 0.582042
0 0 0 0
1 0 0 0
0.44214 0.003024 -1E-06
0 1 0
255 255 255 255
0.126376 0.500684
0 0 0 0
1 0 0 0
0.515898 -0.000714 0.619573
0 1 0
255 255 255 255
0.171392 0.500504
0 0 0 0
1 0 0 0
0.515898 -0.000714 -1E-06
0 1 0
255 255 255 255
0.171392 0.624132
0 0 0 0
1 0 0 0
0.44214 -0.000714 -1E-06
0 1 0
255 255 255 255
0.156674 0.624132
0 0 0 0
1 0 0 0
0.44214 -0.000714 0.619573
0 1 0
255 255 255 255
0.156674 0.500504
0 0 0 0
1 0 0 0
0.44214 -0.000714 -1E-06
1 0 0
255 255 255 255
0.12588 0.500684
0 0 0 0
1 0 0 0
0.44214 0.003024 -1E-06
1 0 0
255 255 255 255
0.126376 0.500684
0 0 0 0
1 0 0 0
0.44214 0.003024 0.619573
1 0 0
255 255 255 255
0.126376 0.582042
0 0 0 0
1 0 0 0
0.44214 -0.000714 0.619573
1 0 0
255 255 255 255
0.12588 0.582042
0 0 0 0
1 0 0 0
0.515898 -0.000714 0.619573
-1 0 0
255 255 255 255
0.130543 0.582042
0 0 0 0
1 0 0 0
0.515898 0.003024 0.619573
-1 0 0
255 255 255 255
0.130047 0.582042
0 0 0 0
1 0 0 0
0.515898 0.003024 -1E-06
-1 0 0
255 255 255 255
0.130047 0.500684
0 0 0 0
1 0 0 0
0.515898 -0.000714 -1E-06
-1 0 0
255 255 255 255
0.130543 0.500684
0 0 0 0
1 0 0 0
0.432168 -0.000714 0.619573
0 1 0
255 255 255 255
0.000225 0.501498
0 0 0 0
1 0 0 0
0.432168 -0.000714 -1E-06
0 1 0
255 255 255 255
0.000225 0.624477
0 0 0 0
1 0 0 0
0.216084 -0.000714 -1E-06
0 1 0
255 255 255 255
0.062967 0.624477
0 0 0 0
1 0 0 0
0.216084 -0.000714 0.619573
0 1 0
255 255 255 255
0.062967 0.501498
0 0 0 0
1 0 0 0
0.216084 -0.000714 -0.619573
0 1 0
255 255 255 255
0.93827 0.126342
0 0 0 0
1 0 0 0
0.216084 -0.000714 -1E-06
0 1 0
255 255 255 255
0.93827 0.249322
0 0 0 0
1 0 0 0
0.432168 -0.000714 -0.619573
-1 0 0
255 255 255 255
0.128194 0.500684
0 0 0 0
1 0 0 0
0.432168 -0.000714 -1E-06
-1 0 0
255 255 255 255
0.128194 0.582042
0 0 0 0
1 0 0 0
0.432168 0.003024 -1E-06
-1 0 0
255 255 255 255
0.127699 0.582042
0 0 0 0
1 0 0 0
0.432168 0.003024 -0.619573
-1 0 0
255 255 255 255
0.127699 0.500684
0 0 0 0
1 0 0 0
0.525871 -0.018828 -1E-06
1 0 0
255 255 255 255
0.125825 0.582042
0 0 0 0
1 0 0 0
0.525871 -0.018828 -0.619573
1 0 0
255 255 255 255
0.125825 0.500684
0 0 0 0
1 0 0 0
0.525871 0.003024 -0.619573
1 0 0
255 255 255 255
0.128724 0.500684
0 0 0 0
1 0 0 0
0.525871 0.003024 -1E-06
1 0 0
255 255 255 255
0.128724 0.582042
0 0 0 0
1 0 0 0
0.525871 0.003024 -1E-06
0 1 0
255 255 255 255
0.128724 0.582042
0 0 0 0
1 0 0 0
0.525871 0.003024 -0.619573
0 1 0
255 255 255 255
0.128724 0.500684
0 0 0 0
1 0 0 0
0.515898 0.003024 -0.619573
0 1 0
255 255 255 255
0.130047 0.500684
0 0 0 0
1 0 0 0
0.515898 0.003024 -1E-06
0 1 0
255 255 255 255
0.130047 0.582042
0 0 0 0
1 0 0 0
0.432168 0.003024 -0.619573
0 1 0
255 255 255 255
0.127699 0.500684
0 0 0 0
1 0 0 0
0.432168 0.003024 -1E-06
0 1 0
255 255 255 255
0.127699 0.582042
0 0 0 0
1 0 0 0
0.44214 0.003024 -1E-06
0 1 0
255 255 255 255
0.126376 0.582042
0 0 0 0
1 0 0 0
0.44214 0.003024 -0.619573
0 1 0
255 255 255 255
0.126376 0.500684
0 0 0 0
1 0 0 0
0.515898 -0.000714 -1E-06
0 1 0
255 255 255 255
0.146391 0.500504
0 0 0 0
1 0 0 0
0.515898 -0.000714 -0.619573
0 1 0
255 255 255 255
0.146391 0.624131
0 0 0 0
1 0 0 0
0.44214 -0.000714 -0.619573
0 1 0
255 255 255 255
0.131673 0.624131
0 0 0 0
1 0 0 0
0.44214 -0.000714 -1E-06
0 1 0
255 255 255 255
0.131673 0.500504
0 0 0 0
1 0 0 0
0.44214 -0.000714 -0.619573
1 0 0
255 255 255 255
0.12588 0.500684
0 0 0 0
1 0 0 0
0.44214 0.003024 -0.619573
1 0 0
255 255 255 255
0.126376 0.500684
0 0 0 0
1 0 0 0
0.44214 0.003024 -1E-06
1 0 0
255 255 255 255
0.126376 0.582042
0 0 0 0
1 0 0 0
0.44214 -0.000714 -1E-06
1 0 0
255 255 255 255
0.12588 0.582042
0 0 0 0
1 0 0 0
0.515898 -0.000714 -1E-06
-1 0 0
255 255 255 255
0.130543 0.582042
0 0 0 0
1 0 0 0
0.515898 0.003024 -1E-06
-1 0 0
255 255 255 255
0.130047 0.582042
0 0 0 0
1 0 0 0
0.515898 0.003024 -0.619573
-1 0 0
255 255 255 255
0.130047 0.500684
0 0 0 0
1 0 0 0
0.515898 -0.000714 -0.619573
-1 0 0
255 255 255 255
0.130543 0.500684
0 0 0 0
1 0 0 0
0.432168 -0.000714 -1E-06
0 1 0
255 255 255 255
0.875203 0.126342
0 0 0 0
1 0 0 0
0.432168 -0.000714 -0.619573
0 1 0
255 255 255 255
0.875203 0.249322
0 0 0 0
1 0 0 0
0.216084 -0.000714 -0.619573
0 1 0
255 255 255 255
0.9382 0.249322
0 0 0 0
1 0 0 0
0.216084 -0.000714 -1E-06
0 1 0
255 255 255 255
0.9382 0.126342
0 0 0 0
1 0 0 0
72 # faces
0 2 1
2 0 3
4 6 5
6 4 7
8 10 9
10 8 11
12 14 13
14 12 15
16 18 17
18 16 19
20 22 21
22 20 23
24 26 25
26 24 27
28 30 29
30 28 31
32 34 33
34 32 35
36 38 37
38 36 39
40 42 41
42 40 43
44 46 45
46 44 47
48 50 49
50 48 51
52 54 53
54 52 55
56 58 57
58 56 59
60 62 61
62 60 63
64 66 65
66 64 67
68 70 69
70 68 71
72 0 1
0 72 73
74 76 75
76 74 77
78 80 79
80 78 81
82 84 83
84 82 85
86 88 87
88 86 89
90 92 91
92 90 93
94 96 95
96 94 97
98 100 99
100 98 101
102 104 103
104 102 105
106 36 37
36 106 107
108 110 109
110 108 111
112 114 113
114 112 115
116 118 117
118 116 119
120 122 121
122 120 123
124 126 125
126 124 127
128 130 129
130 128 131
132 134 133
134 132 135
136 138 137
138 136 139
