1 # bones
root
-1
0 0 0
1 # meshes
10_Road-Widening_0_0_0_root_root
1 # uv layers
1 # textures
atlas.jpg
0 # uv layer index
131 # vertices
-0.025396 -0.001223 0.198527
0.3293079 0 -0.9442226
255 255 255 255
0.128194 0.500684
0 0 0 0
1 0 0 0
-0.025396 0.002515 0.198527
0.3293079 0 -0.9442226
255 255 255 255
0.127699 0.500684
0 0 0 0
1 0 0 0
0.594177 0.002516 0.414609
0.3293079 0 -0.9442226
255 255 255 255
0.127699 0.582042
0 0 0 0
1 0 0 0
0.594177 -0.001222 0.414609
0.3293079 0 -0.9442226
255 255 255 255
0.128194 0.582042
0 0 0 0
1 0 0 0
0.594177 -0.019336 0.508313
-0.3293079 0 0.9442226
255 255 255 255
0.125825 0.582042
0 0 0 0
1 0 0 0
0.594177 0.002516 0.508313
-0.3293079 0 0.9442226
255 255 255 255
0.128724 0.582042
0 0 0 0
1 0 0 0
-0.025396 0.002515 0.292231
-0.1669929 0 0.985958
255 255 255 255
0.128724 0.500684
0 0 0 0
1 0 0 0
-0.025396 -0.019336 0.292231
-0.1669929 0 0.985958
255 255 255 255
0.125825 0.500684
0 0 0 0
1 0 0 0
0.594177 0.002516 0.508313
0 1 0
255 255 255 255
0.128724 0.582042
0 0 0 0
1 0 0 0
0.594177 0.002516 0.498341
0 1 0
255 255 255 255
0.130047 0.582042
0 0 0 0
1 0 0 0
-0.025396 0.002515 0.282258
0 1 0
255 255 255 255
0.130047 0.500684
0 0 0 0
1 0 0 0
-0.025396 0.002515 0.292231
0 1 0
255 255 255 255
0.128724 0.500684
0 0 0 0
1 0 0 0
-0.025396 0.002515 0.198527
0 1 0
255 255 255 255
0.127699 0.500684
0 0 0 0
1 0 0 0
-0.025396 0.002515 0.208498
0 1 0
255 255 255 255
0.126376 0.500684
0 0 0 0
1 0 0 0
0.594177 0.002516 0.424582
0 1 0
255 255 255 255
0.126376 0.582042
0 0 0 0
1 0 0 0
0.594177 0.002516 0.414609
0 1 0
255 255 255 255
0.127699 0.582042
0 0 0 0
1 0 0 0
0.594177 -0.001222 0.498341
0 1 0
255 255 255 255
0.146391 0.500504
0 0 0 0
1 0 0 0
0.594177 -0.001222 0.424582
0 1 0
255 255 255 255
0.131673 0.500504
0 0 0 0
1 0 0 0
-0.025396 -0.001223 0.208498
0 1 0
255 255 255 255
0.131673 0.624131
0 0 0 0
1 0 0 0
-0.025396 -0.001223 0.282258
0 1 0
255 255 255 255
0.146391 0.624131
0 0 0 0
1 0 0 0
-0.025396 -0.001223 0.208498
-0.1669929 0 0.985958
255 255 255 255
0.12588 0.500684
0 0 0 0
1 0 0 0
0.594177 -0.001222 0.424582
-0.3293079 0 0.9442226
255 255 255 255
0.12588 0.582042
0 0 0 0
1 0 0 0
0.594177 0.002516 0.424582
-0.3293079 0 0.9442226
255 255 255 255
0.126376 0.582042
0 0 0 0
1 0 0 0
-0.025396 0.002515 0.208498
-0.1669929 0 0.985958
255 255 255 255
0.126376 0.500684
0 0 0 0
1 0 0 0
0.594177 -0.001222 0.498341
0.3293079 0 -0.9442226
255 255 255 255
0.130543 0.582042
0 0 0 0
1 0 0 0
-0.025396 -0.001223 0.282258
0.1669929 0 -0.985958
255 255 255 255
0.130543 0.500684
0 0 0 0
1 0 0 0
-0.025396 0.002515 0.282258
0.1669929 0 -0.985958
255 255 255 255
0.130047 0.500684
0 0 0 0
1 0 0 0
0.594177 0.002516 0.498341
0.3293079 0 -0.9442226
255 255 255 255
0.130047 0.582042
0 0 0 0
1 0 0 0
0.594177 -0.001222 0.414609
0 1 0
255 255 255 255
0.124672 0.624607
0 0 0 0
1 0 0 0
0.594177 -0.001222 0.198527
0 1 0
255 255 255 255
0.065447 0.624607
0 0 0 0
1 0 0 0
-0.025396 -0.001223 -0.017556
0 1 0
255 255 255 255
0.065447 0.501628
0 0 0 0
1 0 0 0
-0.025396 -0.001223 0.198527
0 1 0
255 255 255 255
0.124672 0.501628
0 0 0 0
1 0 0 0
-0.025396 -0.001223 -0.233639
0.3293079 0 0.9442226
255 255 255 255
0.128194 0.500684
0 0 0 0
1 0 0 0
0.594177 -0.001222 -0.449723
0.3293079 0 0.9442226
255 255 255 255
0.128194 0.582042
0 0 0 0
1 0 0 0
0.594177 0.002516 -0.449723
0.3293079 0 0.9442226
255 255 255 255
0.127699 0.582042
0 0 0 0
1 0 0 0
-0.025396 0.002515 -0.233639
0.3293079 0 0.9442226
255 255 255 255
0.127699 0.500684
0 0 0 0
1 0 0 0
0.594177 -0.019336 -0.543428
-0.3293079 0 -0.9442226
255 255 255 255
0.125825 0.582042
0 0 0 0
1 0 0 0
-0.025396 -0.019336 -0.327344
-0.1669929 0 -0.985958
255 255 255 255
0.125825 0.500684
0 0 0 0
1 0 0 0
-0.025396 0.002515 -0.327344
-0.1669929 0 -0.985958
255 255 255 255
0.128724 0.500684
0 0 0 0
1 0 0 0
0.594177 0.002516 -0.543428
-0.3293079 0 -0.9442226
255 255 255 255
0.128724 0.582042
0 0 0 0
1 0 0 0
0.594177 0.002516 -0.543428
0 1 0
255 255 255 255
0.128724 0.582042
0 0 0 0
1 0 0 0
-0.025396 0.002515 -0.327344
0 1 0
255 255 255 255
0.128724 0.500684
0 0 0 0
1 0 0 0
-0.025396 0.002515 -0.317372
0 1 0
255 255 255 255
0.130047 0.500684
0 0 0 0
1 0 0 0
0.594177 0.002516 -0.533455
0 1 0
255 255 255 255
0.130047 0.582042
0 0 0 0
1 0 0 0
-0.025396 0.002515 -0.233639
0 1 0
255 255 255 255
0.127699 0.500684
0 0 0 0
1 0 0 0
0.594177 0.002516 -0.449723
0 1 0
255 255 255 255
0.127699 0.582042
0 0 0 0
1 0 0 0
0.594177 0.002516 -0.459697
0 1 0
255 255 255 255
0.126376 0.582042
0 0 0 0
1 0 0 0
-0.025396 0.002515 -0.243613
0 1 0
255 255 255 255
0.126376 0.500684
0 0 0 0
1 0 0 0
0.594177 -0.001222 -0.533455
0 1 0
255 255 255 255
0.146391 0.500504
0 0 0 0
1 0 0 0
-0.025396 -0.001223 -0.317372
0 1 0
255 255 255 255
0.146391 0.624131
0 0 0 0
1 0 0 0
-0.025396 -0.001223 -0.243613
0 1 0
255 255 255 255
0.131673 0.624131
0 0 0 0
1 0 0 0
0.594177 -0.001222 -0.459697
0 1 0
255 255 255 255
0.131673 0.500504
0 0 0 0
1 0 0 0
-0.025396 -0.001223 -0.243613
-0.1669929 0 -0.985958
255 255 255 255
0.12588 0.500684
0 0 0 0
1 0 0 0
-0.025396 0.002515 -0.243613
-0.1669929 0 -0.985958
255 255 255 255
0.126376 0.500684
0 0 0 0
1 0 0 0
0.594177 0.002516 -0.459697
-0.3293079 0 -0.9442226
255 255 255 255
0.126376 0.582042
0 0 0 0
1 0 0 0
0.594177 -0.001222 -0.459697
-0.3293079 0 -0.9442226
255 255 255 255
0.12588 0.582042
0 0 0 0
1 0 0 0
0.594177 -0.001222 -0.533455
0.3293079 0 0.9442226
255 255 255 255
0.130543 0.582042
0 0 0 0
1 0 0 0
0.594177 0.002516 -0.533455
0.3293079 0 0.9442226
255 255 255 255
0.130047 0.582042
0 0 0 0
1 0 0 0
-0.025396 0.002515 -0.317372
0.1669929 0 0.985958
255 255 255 255
0.130047 0.500684
0 0 0 0
1 0 0 0
-0.025396 -0.001223 -0.317372
0.1669929 0 0.985958
255 255 255 255
0.130543 0.500684
0 0 0 0
1 0 0 0
0.594177 -0.001222 -0.449723
0 1 0
255 255 255 255
0.000225 0.501628
0 0 0 0
1 0 0 0
-0.025396 -0.001223 -0.233639
0 1 0
255 255 255 255
0.000225 0.624607
0 0 0 0
1 0 0 0
-0.025396 -0.001223 -0.017556
0 1 0
255 255 255 255
0.059538 0.624607
0 0 0 0
1 0 0 0
0.594177 -0.001222 -0.23364
0 1 0
255 255 255 255
0.059538 0.501628
0 0 0 0
1 0 0 0
-0.644967 -0.001223 -0.233639
0 0 1
255 255 255 255
0.125847 0.500684
0 0 0 0
1 0 0 0
-0.025396 -0.001223 -0.233639
0 0 1
255 255 255 255
0.125847 0.582042
0 0 0 0
1 0 0 0
-0.025396 0.002515 -0.233639
0 0 1
255 255 255 255
0.126343 0.582042
0 0 0 0
1 0 0 0
-0.644967 0.002515 -0.233639
0 0 1
255 255 255 255
0.126343 0.500684
0 0 0 0
1 0 0 0
-0.025396 -0.019336 -0.327344
-0.1669929 0 -0.985958
255 255 255 255
0.130562 0.582042
0 0 0 0
1 0 0 0
-0.644967 -0.019336 -0.327344
0 0 -1
255 255 255 255
0.130562 0.500684
0 0 0 0
1 0 0 0
-0.644967 0.002515 -0.327344
0 0 -1
255 255 255 255
0.127663 0.500684
0 0 0 0
1 0 0 0
-0.025396 0.002515 -0.327344
-0.1669929 0 -0.985958
255 255 255 255
0.127663 0.582042
0 0 0 0
1 0 0 0
-0.025396 0.002515 -0.327344
0 1 0
255 255 255 255
0.127663 0.582042
0 0 0 0
1 0 0 0
-0.644967 0.002515 -0.327344
0 1 0
255 255 255 255
0.127663 0.500684
0 0 0 0
1 0 0 0
-0.644967 0.002515 -0.317371
0 1 0
255 255 255 255
0.12634 0.500684
0 0 0 0
1 0 0 0
-0.025396 0.002515 -0.317372
0 1 0
255 255 255 255
0.12634 0.582042
0 0 0 0
1 0 0 0
-0.644967 0.002515 -0.233639
0 1 0
255 255 255 255
0.126343 0.500684
0 0 0 0
1 0 0 0
-0.025396 0.002515 -0.233639
0 1 0
255 255 255 255
0.126343 0.582042
0 0 0 0
1 0 0 0
-0.025396 0.002515 -0.243613
0 1 0
255 255 255 255
0.127666 0.582042
0 0 0 0
1 0 0 0
-0.644967 0.002515 -0.243613
0 1 0
255 255 255 255
0.127666 0.500684
0 0 0 0
1 0 0 0
-0.025396 -0.001223 -0.317372
0 1 0
255 255 255 255
0.171486 0.500504
0 0 0 0
1 0 0 0
-0.644967 -0.001223 -0.317371
0 1 0
255 255 255 255
0.171486 0.624131
0 0 0 0
1 0 0 0
-0.644967 -0.001223 -0.243613
0 1 0
255 255 255 255
0.186204 0.624131
0 0 0 0
1 0 0 0
-0.025396 -0.001223 -0.243613
0 1 0
255 255 255 255
0.186204 0.500504
0 0 0 0
1 0 0 0
-0.644967 -0.001223 -0.243613
0 0 -1
255 255 255 255
0.128162 0.500684
0 0 0 0
1 0 0 0
-0.644967 0.002515 -0.243613
0 0 -1
255 255 255 255
0.127666 0.500684
0 0 0 0
1 0 0 0
-0.025396 0.002515 -0.243613
-0.1669929 0 -0.985958
255 255 255 255
0.127666 0.582042
0 0 0 0
1 0 0 0
-0.025396 -0.001223 -0.243613
-0.1669929 0 -0.985958
255 255 255 255
0.128162 0.582042
0 0 0 0
1 0 0 0
-0.025396 -0.001223 -0.317372
0.1669929 0 0.985958
255 255 255 255
0.125844 0.582042
0 0 0 0
1 0 0 0
-0.025396 0.002515 -0.317372
0.1669929 0 0.985958
255 255 255 255
0.12634 0.582042
0 0 0 0
1 0 0 0
-0.644967 0.002515 -0.317371
0 0 1
255 255 255 255
0.12634 0.500684
0 0 0 0
1 0 0 0
-0.644967 -0.001223 -0.317371
0 0 1
255 255 255 255
0.125844 0.500684
0 0 0 0
1 0 0 0
-0.025396 -0.001223 -0.233639
0 1 0
255 255 255 255
0.124672 0.624477
0 0 0 0
1 0 0 0
-0.644967 -0.001223 -0.233639
0 1 0
255 255 255 255
0.124672 0.501498
0 0 0 0
1 0 0 0
-0.644967 -0.001223 -0.017556
0 1 0
255 255 255 255
0.063037 0.501498
0 0 0 0
1 0 0 0
-0.025396 -0.001223 -0.017556
0 1 0
255 255 255 255
0.063037 0.624477
0 0 0 0
1 0 0 0
-0.644967 -0.001223 0.198527
0 0 -1
255 255 255 255
0.128194 0.500684
0 0 0 0
1 0 0 0
-0.644967 0.002515 0.198527
0 0 -1
255 255 255 255
0.127699 0.500684
0 0 0 0
1 0 0 0
-0.025396 0.002515 0.198527
0 0 -1
255 255 255 255
0.127699 0.582042
0 0 0 0
1 0 0 0
-0.025396 -0.001223 0.198527
0 0 -1
255 255 255 255
0.128194 0.582042
0 0 0 0
1 0 0 0
-0.025396 -0.019336 0.292231
-0.1669929 0 0.985958
255 255 255 255
0.125825 0.582042
0 0 0 0
1 0 0 0
-0.025396 0.002515 0.292231
-0.1669929 0 0.985958
255 255 255 255
0.128724 0.582042
0 0 0 0
1 0 0 0
-0.644967 0.002515 0.292231
0 0 1
255 255 255 255
0.128724 0.500684
0 0 0 0
1 0 0 0
-0.644967 -0.019336 0.292231
0 0 1
255 255 255 255
0.125825 0.500684
0 0 0 0
1 0 0 0
-0.025396 0.002515 0.292231
0 1 0
255 255 255 255
0.128724 0.582042
0 0 0 0
1 0 0 0
-0.025396 0.002515 0.282258
0 1 0
255 255 255 255
0.130047 0.582042
0 0 0 0
1 0 0 0
-0.644967 0.002515 0.282258
0 1 0
255 255 255 255
0.130047 0.500684
0 0 0 0
1 0 0 0
-0.644967 0.002515 0.292231
0 1 0
255 255 255 255
0.128724 0.500684
0 0 0 0
1 0 0 0
-0.644967 0.002515 0.198527
0 1 0
255 255 255 255
0.127699 0.500684
0 0 0 0
1 0 0 0
-0.644967 0.002515 0.208498
0 1 0
255 255 255 255
0.126376 0.500684
0 0 0 0
1 0 0 0
-0.025396 0.002515 0.208498
0 1 0
255 255 255 255
0.126376 0.582042
0 0 0 0
1 0 0 0
-0.025396 0.002515 0.198527
0 1 0
255 255 255 255
0.127699 0.582042
0 0 0 0
1 0 0 0
-0.025396 -0.001223 0.282258
0 1 0
255 255 255 255
0.171392 0.500504
0 0 0 0
1 0 0 0
-0.025396 -0.001223 0.208498
0 1 0
255 255 255 255
0.156674 0.500504
0 0 0 0
1 0 0 0
-0.644967 -0.001223 0.208498
0 1 0
255 255 255 255
0.156674 0.624132
0 0 0 0
1 0 0 0
-0.644967 -0.001223 0.282258
0 1 0
255 255 255 255
0.171392 0.624132
0 0 0 0
1 0 0 0
-0.644967 -0.001223 0.208498
0 0 1
255 255 255 255
0.12588 0.500684
0 0 0 0
1 0 0 0
-0.025396 -0.001223 0.208498
-0.1669929 0 0.985958
255 255 255 255
0.12588 0.582042
0 0 0 0
1 0 0 0
-0.025396 0.002515 0.208498
-0.1669929 0 0.985958
255 255 255 255
0.126376 0.582042
0 0 0 0
1 0 0 0
-0.644967 0.002515 0.208498
0 0 1
255 255 255 255
0.126376 0.500684
0 0 0 0
1 0 0 0
-0.025396 -0.001223 0.282258
0.1669929 0 -0.985958
255 255 255 255
0.130543 0.582042
0 0 0 0
1 0 0 0
-0.644967 -0.001223 0.282258
0 0 -1
255 255 255 255
0.130543 0.500684
0 0 0 0
1 0 0 0
-0.644967 0.002515 0.282258
0 0 -1
255 255 255 255
0.130047 0.500684
0 0 0 0
1 0 0 0
-0.025396 0.002515 0.282258
0.1669929 0 -0.985958
255 255 255 255
0.130047 0.582042
0 0 0 0
1 0 0 0
-0.025396 -0.001223 0.198527
0 1 0
255 255 255 255
0.000225 0.501498
0 0 0 0
1 0 0 0
-0.025396 -0.001223 -0.017556
0 1 0
255 255 255 255
0.062967 0.501498
0 0 0 0
1 0 0 0
-0.644967 -0.001223 -0.017556
0 1 0
255 255 255 255
0.062967 0.624477
0 0 0 0
1 0 0 0
-0.644967 -0.001223 0.198527
0 1 0
255 255 255 255
0.000225 0.624477
0 0 0 0
1 0 0 0
0.594177 -0.001222 0.198527
0 1 0
255 255 255 255
0.115056 0.528706
0 0 0 0
1 0 0 0
0.594177 -0.001222 -0.23364
0 1 0
255 255 255 255
0.069054 0.528706
0 0 0 0
1 0 0 0
-0.025396 -0.001223 -0.017556
0 1 0
255 255 255 255
0.092055 0.594656
0 0 0 0
1 0 0 0
65 # faces
0 2 1
2 0 3
4 6 5
6 4 7
8 10 9
10 8 11
12 14 13
14 12 15
16 18 17
18 16 19
20 22 21
22 20 23
24 26 25
26 24 27
28 30 29
30 28 31
32 34 33
34 32 35
36 38 37
38 36 39
40 42 41
42 40 43
44 46 45
46 44 47
48 50 49
50 48 51
52 54 53
54 52 55
56 58 57
58 56 59
60 62 61
62 60 63
64 66 65
66 64 67
68 70 69
70 68 71
72 74 73
74 72 75
76 78 77
78 76 79
80 82 81
82 80 83
84 86 85
86 84 87
88 90 89
90 88 91
92 94 93
94 92 95
96 98 97
98 96 99
100 102 101
102 100 103
104 106 105
106 104 107
108 110 109
110 108 111
112 114 113
114 112 115
116 118 117
118 116 119
120 122 121
122 120 123
124 126 125
126 124 127
128 130 129
