1 # bones
root
-1
0 0 0
1 # meshes
10_Road-End-B_0_0_0_root_root
1 # uv layers
1 # textures
atlas.jpg
0 # uv layer index
194 # vertices
-0.299812 0.003274 0.150099
0 1 0
255 255 255 255
0.129705 0.5255
0 0 0 0
1 0 0 0
-0.281312 0.003274 0.03501
0 1 0
255 255 255 255
0.129705 0.540446
0 0 0 0
1 0 0 0
-0.289824 0.003274 0.031484
0 1 0
255 255 255 255
0.130915 0.540446
0 0 0 0
1 0 0 0
-0.309784 0.003274 0.150099
0 1 0
255 255 255 255
0.130915 0.5255
0 0 0 0
1 0 0 0
-0.226054 0.003274 0.150099
-0.996278 0 -0.0861981
255 255 255 255
0.13071 0.525494
0 0 0 0
1 0 0 0
-0.218355 0.003274 0.061087
-0.996278 0 -0.0861981
255 255 255 255
0.13071 0.535932
0 0 0 0
1 0 0 0
-0.218355 -0.000464 0.061087
-0.996278 0 -0.0861981
255 255 255 255
0.13146 0.535932
0 0 0 0
1 0 0 0
-0.226054 -0.000464 0.150099
-0.996278 0 -0.0861981
255 255 255 255
0.13146 0.525494
0 0 0 0
1 0 0 0
-0.299812 -0.000464 0.150099
0.9873261 0 0.1587042
255 255 255 255
0.129264 0.5255
0 0 0 0
1 0 0 0
-0.281312 -0.000464 0.03501
0.9873261 0 0.1587042
255 255 255 255
0.129264 0.540446
0 0 0 0
1 0 0 0
-0.281312 0.003274 0.03501
0.9873261 0 0.1587042
255 255 255 255
0.129705 0.540446
0 0 0 0
1 0 0 0
-0.299812 0.003274 0.150099
0.9873261 0 0.1587042
255 255 255 255
0.129705 0.5255
0 0 0 0
1 0 0 0
-0.216081 -0.000464 0.150099
0.9973463 0 0.07280339
255 255 255 255
0.12921 0.525494
0 0 0 0
1 0 0 0
-0.209843 -0.000464 0.064614
0.9973463 0 0.07280339
255 255 255 255
0.12921 0.535932
0 0 0 0
1 0 0 0
-0.209843 0.003274 0.064614
0.9973463 0 0.07280339
255 255 255 255
0.129893 0.535932
0 0 0 0
1 0 0 0
-0.216081 0.003274 0.150099
0.9973463 0 0.07280339
255 255 255 255
0.129893 0.525494
0 0 0 0
1 0 0 0
-0.309784 0.003274 0.150099
-0.9861414 0 -0.165907
255 255 255 255
0.130915 0.5255
0 0 0 0
1 0 0 0
-0.289824 0.003274 0.031484
-0.9861414 0 -0.165907
255 255 255 255
0.130915 0.540446
0 0 0 0
1 0 0 0
-0.289824 -0.018577 0.031484
-0.9861414 0 -0.165907
255 255 255 255
0.132567 0.540446
0 0 0 0
1 0 0 0
-0.309784 -0.018577 0.150099
-0.9861414 0 -0.165907
255 255 255 255
0.132567 0.5255
0 0 0 0
1 0 0 0
-0.216081 0.003274 0.150099
0 1 0
255 255 255 255
0.129893 0.525494
0 0 0 0
1 0 0 0
-0.209843 0.003274 0.064614
0 1 0
255 255 255 255
0.129893 0.535932
0 0 0 0
1 0 0 0
-0.218355 0.003274 0.061087
0 1 0
255 255 255 255
0.13071 0.535932
0 0 0 0
1 0 0 0
-0.226054 0.003274 0.150099
0 1 0
255 255 255 255
0.13071 0.525494
0 0 0 0
1 0 0 0
-0.226054 -0.000464 0.150099
0 1 0
255 255 255 255
0.184614 0.510605
0 0 0 0
1 0 0 0
-0.218355 -0.000464 0.061087
0 1 0
255 255 255 255
0.182896 0.530474
0 0 0 0
1 0 0 0
-0.281312 -0.000464 0.03501
0 1 0
255 255 255 255
0.196949 0.536295
0 0 0 0
1 0 0 0
-0.299812 -0.000464 0.150099
0 1 0
255 255 255 255
0.201079 0.510605
0 0 0 0
1 0 0 0
-0.226385 0.003274 -0.062096
0 1 0
255 255 255 255
0.129705 0.554878
0 0 0 0
1 0 0 0
-0.131404 0.003274 -0.128135
0 1 0
255 255 255 255
0.129705 0.569226
0 0 0 0
1 0 0 0
-0.13493 0.003274 -0.136647
0 1 0
255 255 255 255
0.130915 0.569226
0 0 0 0
1 0 0 0
-0.233437 0.003274 -0.069148
0 1 0
255 255 255 255
0.130915 0.554878
0 0 0 0
1 0 0 0
-0.17423 0.003274 -0.009941
-0.6255118 0 -0.7802147
255 255 255 255
0.13071 0.54601
0 0 0 0
1 0 0 0
-0.105327 0.003274 -0.065179
-0.6255118 0 -0.7802147
255 255 255 255
0.13071 0.556079
0 0 0 0
1 0 0 0
-0.105327 -0.000464 -0.065179
-0.6255118 0 -0.7802147
255 255 255 255
0.13146 0.556079
0 0 0 0
1 0 0 0
-0.17423 -0.000464 -0.009941
-0.6255118 0 -0.7802147
255 255 255 255
0.13146 0.54601
0 0 0 0
1 0 0 0
-0.226385 -0.000464 -0.062096
0.5709092 0 0.8210132
255 255 255 255
0.129264 0.554878
0 0 0 0
1 0 0 0
-0.131404 -0.000464 -0.128135
0.5709092 0 0.8210132
255 255 255 255
0.129264 0.569226
0 0 0 0
1 0 0 0
-0.131404 0.003274 -0.128135
0.5709092 0 0.8210132
255 255 255 255
0.129705 0.569226
0 0 0 0
1 0 0 0
-0.226385 0.003274 -0.062096
0.5709092 0 0.8210132
255 255 255 255
0.129705 0.554878
0 0 0 0
1 0 0 0
-0.167179 -0.000464 -0.002889
0.635283 0 0.7722794
255 255 255 255
0.12921 0.54601
0 0 0 0
1 0 0 0
-0.101801 -0.000464 -0.056666
0.635283 0 0.7722794
255 255 255 255
0.12921 0.556079
0 0 0 0
1 0 0 0
-0.101801 0.003274 -0.056666
0.635283 0 0.7722794
255 255 255 255
0.129893 0.556079
0 0 0 0
1 0 0 0
-0.167179 0.003274 -0.002889
0.635283 0 0.7722794
255 255 255 255
0.129893 0.54601
0 0 0 0
1 0 0 0
-0.233437 0.003274 -0.069148
-0.5652932 0 -0.82489
255 255 255 255
0.130915 0.554878
0 0 0 0
1 0 0 0
-0.13493 0.003274 -0.136647
-0.5652932 0 -0.82489
255 255 255 255
0.130915 0.569226
0 0 0 0
1 0 0 0
-0.13493 -0.018577 -0.136647
-0.5652932 0 -0.82489
255 255 255 255
0.132567 0.569226
0 0 0 0
1 0 0 0
-0.233437 -0.018577 -0.069148
-0.5652932 0 -0.82489
255 255 255 255
0.132567 0.554878
0 0 0 0
1 0 0 0
-0.167179 0.003274 -0.002889
0 1 0
255 255 255 255
0.129893 0.54601
0 0 0 0
1 0 0 0
-0.101801 0.003274 -0.056666
0 1 0
255 255 255 255
0.129893 0.556079
0 0 0 0
1 0 0 0
-0.105327 0.003274 -0.065179
0 1 0
255 255 255 255
0.13071 0.556079
0 0 0 0
1 0 0 0
-0.17423 0.003274 -0.009941
0 1 0
255 255 255 255
0.13071 0.54601
0 0 0 0
1 0 0 0
-0.17423 -0.000464 -0.009941
0 1 0
255 255 255 255
0.173046 0.546329
0 0 0 0
1 0 0 0
-0.105327 -0.000464 -0.065179
0 1 0
255 255 255 255
0.157666 0.558659
0 0 0 0
1 0 0 0
-0.131404 -0.000464 -0.128135
0 1 0
255 255 255 255
0.163487 0.572713
0 0 0 0
1 0 0 0
-0.226385 -0.000464 -0.062096
0 1 0
255 255 255 255
0.184688 0.557971
0 0 0 0
1 0 0 0
-0.17423 0.003274 -0.009941
-0.8494222 0 -0.5277138
255 255 255 255
0.13071 0.54601
0 0 0 0
1 0 0 0
-0.17423 -0.000464 -0.009941
-0.8494222 0 -0.5277138
255 255 255 255
0.13146 0.54601
0 0 0 0
1 0 0 0
-0.218355 -0.000464 0.061087
-0.8494222 0 -0.5277138
255 255 255 255
0.13146 0.535932
0 0 0 0
1 0 0 0
-0.218355 0.003274 0.061087
-0.8494222 0 -0.5277138
255 255 255 255
0.13071 0.535932
0 0 0 0
1 0 0 0
-0.226385 -0.000464 -0.062096
0.8704194 0 0.492311
255 255 255 255
0.129264 0.554878
0 0 0 0
1 0 0 0
-0.226385 0.003274 -0.062096
0.8704194 0 0.492311
255 255 255 255
0.129705 0.554878
0 0 0 0
1 0 0 0
-0.281312 0.003274 0.03501
0.8704194 0 0.492311
255 255 255 255
0.129705 0.540446
0 0 0 0
1 0 0 0
-0.281312 -0.000464 0.03501
0.8704194 0 0.492311
255 255 255 255
0.129264 0.540446
0 0 0 0
1 0 0 0
-0.167179 -0.000464 -0.002889
0.8452964 0 0.5342978
255 255 255 255
0.12921 0.54601
0 0 0 0
1 0 0 0
-0.167179 0.003274 -0.002889
0.8452964 0 0.5342978
255 255 255 255
0.129893 0.54601
0 0 0 0
1 0 0 0
-0.209843 0.003274 0.064614
0.8452964 0 0.5342978
255 255 255 255
0.129893 0.535932
0 0 0 0
1 0 0 0
-0.209843 -0.000464 0.064614
0.8452964 0 0.5342978
255 255 255 255
0.12921 0.535932
0 0 0 0
1 0 0 0
-0.233437 0.003274 -0.069148
-0.8723969 0 -0.4887982
255 255 255 255
0.130915 0.554878
0 0 0 0
1 0 0 0
-0.233437 -0.018577 -0.069148
-0.8723969 0 -0.4887982
255 255 255 255
0.132567 0.554878
0 0 0 0
1 0 0 0
-0.289824 -0.018577 0.031484
-0.8723969 0 -0.4887982
255 255 255 255
0.132567 0.540446
0 0 0 0
1 0 0 0
-0.289824 0.003274 0.031484
-0.8723969 0 -0.4887982
255 255 255 255
0.130915 0.540446
0 0 0 0
1 0 0 0
2E-06 0.003274 -0.151957
0 1 0
255 255 255 255
0.129705 0.585208
0 0 0 0
1 0 0 0
2E-06 0.003274 -0.161929
0 1 0
255 255 255 255
0.130915 0.585208
0 0 0 0
1 0 0 0
2E-06 0.003274 -0.078198
-0.1227053 0 -0.9924431
255 255 255 255
0.13071 0.56788
0 0 0 0
1 0 0 0
2E-06 -0.000464 -0.078198
-0.1227053 0 -0.9924431
255 255 255 255
0.13146 0.56788
0 0 0 0
1 0 0 0
-0.105327 -0.000464 -0.065179
-0.1227053 0 -0.9924431
255 255 255 255
0.13146 0.556079
0 0 0 0
1 0 0 0
-0.105327 0.003274 -0.065179
-0.1227053 0 -0.9924431
255 255 255 255
0.13071 0.556079
0 0 0 0
1 0 0 0
2E-06 -0.000464 -0.151957
0.1783926 0 0.9839594
255 255 255 255
0.129264 0.585208
0 0 0 0
1 0 0 0
2E-06 0.003274 -0.151957
0.1783926 0 0.9839594
255 255 255 255
0.129705 0.585208
0 0 0 0
1 0 0 0
-0.131404 0.003274 -0.128135
0.1783926 0 0.9839594
255 255 255 255
0.129705 0.569226
0 0 0 0
1 0 0 0
-0.131404 -0.000464 -0.128135
0.1783926 0 0.9839594
255 255 255 255
0.129264 0.569226
0 0 0 0
1 0 0 0
2E-06 -0.000464 -0.068226
0.112802 0 0.9936175
255 255 255 255
0.12921 0.56788
0 0 0 0
1 0 0 0
2E-06 0.003274 -0.068226
0.112802 0 0.9936175
255 255 255 255
0.129893 0.56788
0 0 0 0
1 0 0 0
-0.101801 0.003274 -0.056666
0.112802 0 0.9936175
255 255 255 255
0.129893 0.556079
0 0 0 0
1 0 0 0
-0.101801 -0.000464 -0.056666
0.112802 0 0.9936175
255 255 255 255
0.12921 0.556079
0 0 0 0
1 0 0 0
2E-06 0.003274 -0.161929
-0.184198 0 -0.9828891
255 255 255 255
0.130915 0.585208
0 0 0 0
1 0 0 0
2E-06 -0.018577 -0.161929
-0.184198 0 -0.9828891
255 255 255 255
0.132567 0.585208
0 0 0 0
1 0 0 0
-0.13493 -0.018577 -0.136647
-0.184198 0 -0.9828891
255 255 255 255
0.132567 0.569226
0 0 0 0
1 0 0 0
-0.13493 0.003274 -0.136647
-0.184198 0 -0.9828891
255 255 255 255
0.130915 0.569226
0 0 0 0
1 0 0 0
2E-06 0.003274 -0.068226
0 1 0
255 255 255 255
0.129893 0.56788
0 0 0 0
1 0 0 0
2E-06 0.003274 -0.078198
0 1 0
255 255 255 255
0.13071 0.56788
0 0 0 0
1 0 0 0
2E-06 -0.000464 -0.078198
0 1 0
255 255 255 255
0.134154 0.561566
0 0 0 0
1 0 0 0
2E-06 -0.000464 -0.151957
0 1 0
255 255 255 255
0.134154 0.57803
0 0 0 0
1 0 0 0
-0.216081 -0.000464 0.150099
0 1 0
255 255 255 255
0.375408 0.866732
0 0 0 0
1 0 0 0
2E-06 -0.000464 0.150099
0 1 0
255 255 255 255
0.436788 0.866207
0 0 0 0
1 0 0 0
2E-06 -0.000464 0.064614
0 1 0
255 255 255 255
0.43559 0.838351
0 0 0 0
1 0 0 0
-0.209843 -0.000464 0.064614
0 1 0
255 255 255 255
0.375536 0.83869
0 0 0 0
1 0 0 0
-0.167179 -0.000464 -0.002889
0 1 0
255 255 255 255
0.375507 0.816625
0 0 0 0
1 0 0 0
2E-06 -0.000464 -0.002889
0 1 0
255 255 255 255
0.408795 0.798951
0 0 0 0
1 0 0 0
-0.101801 -0.000464 -0.056666
0 1 0
255 255 255 255
0.375535 0.798996
0 0 0 0
1 0 0 0
2E-06 -0.000464 -0.068226
0 1 0
255 255 255 255
0.375393 0.783462
0 0 0 0
1 0 0 0
0.299816 0.003274 0.150099
0 1 0
255 255 255 255
0.129705 0.5255
0 0 0 0
1 0 0 0
0.309789 0.003274 0.150099
0 1 0
255 255 255 255
0.130915 0.5255
0 0 0 0
1 0 0 0
0.289827 0.003274 0.031484
0 1 0
255 255 255 255
0.130915 0.540446
0 0 0 0
1 0 0 0
0.281315 0.003274 0.03501
0 1 0
255 255 255 255
0.129705 0.540446
0 0 0 0
1 0 0 0
0.226057 0.003274 0.150099
0.996278 0 -0.0861981
255 255 255 255
0.13071 0.525494
0 0 0 0
1 0 0 0
0.226057 -0.000464 0.150099
0.996278 0 -0.0861981
255 255 255 255
0.13146 0.525494
0 0 0 0
1 0 0 0
0.218358 -0.000464 0.061087
0.996278 0 -0.0861981
255 255 255 255
0.13146 0.535932
0 0 0 0
1 0 0 0
0.218358 0.003274 0.061087
0.996278 0 -0.0861981
255 255 255 255
0.13071 0.535932
0 0 0 0
1 0 0 0
0.299816 -0.000464 0.150099
-0.9873261 0 0.1587042
255 255 255 255
0.129264 0.5255
0 0 0 0
1 0 0 0
0.299816 0.003274 0.150099
-0.9873261 0 0.1587042
255 255 255 255
0.129705 0.5255
0 0 0 0
1 0 0 0
0.281315 0.003274 0.03501
-0.9873261 0 0.1587042
255 255 255 255
0.129705 0.540446
0 0 0 0
1 0 0 0
0.281315 -0.000464 0.03501
-0.9873261 0 0.1587042
255 255 255 255
0.129264 0.540446
0 0 0 0
1 0 0 0
0.216085 -0.000464 0.150099
-0.9973463 0 0.07280339
255 255 255 255
0.12921 0.525494
0 0 0 0
1 0 0 0
0.216085 0.003274 0.150099
-0.9973463 0 0.07280339
255 255 255 255
0.129893 0.525494
0 0 0 0
1 0 0 0
0.209846 0.003274 0.064614
-0.9973463 0 0.07280339
255 255 255 255
0.129893 0.535932
0 0 0 0
1 0 0 0
0.209846 -0.000464 0.064614
-0.9973463 0 0.07280339
255 255 255 255
0.12921 0.535932
0 0 0 0
1 0 0 0
0.309789 0.003274 0.150099
0.9861251 0 -0.1660042
255 255 255 255
0.130915 0.5255
0 0 0 0
1 0 0 0
0.309789 -0.018577 0.150099
0.9861251 0 -0.1660042
255 255 255 255
0.132567 0.5255
0 0 0 0
1 0 0 0
0.289827 -0.018577 0.031484
0.9861251 0 -0.1660042
255 255 255 255
0.132567 0.540446
0 0 0 0
1 0 0 0
0.289827 0.003274 0.031484
0.9861251 0 -0.1660042
255 255 255 255
0.130915 0.540446
0 0 0 0
1 0 0 0
0.216085 0.003274 0.150099
0 1 0
255 255 255 255
0.129893 0.525494
0 0 0 0
1 0 0 0
0.226057 0.003274 0.150099
0 1 0
255 255 255 255
0.13071 0.525494
0 0 0 0
1 0 0 0
0.218358 0.003274 0.061087
0 1 0
255 255 255 255
0.13071 0.535932
0 0 0 0
1 0 0 0
0.209846 0.003274 0.064614
0 1 0
255 255 255 255
0.129893 0.535932
0 0 0 0
1 0 0 0
0.226057 -0.000464 0.150099
0 1 0
255 255 255 255
0.184614 0.510605
0 0 0 0
1 0 0 0
0.299816 -0.000464 0.150099
0 1 0
255 255 255 255
0.201079 0.510605
0 0 0 0
1 0 0 0
0.281315 -0.000464 0.03501
0 1 0
255 255 255 255
0.196949 0.536295
0 0 0 0
1 0 0 0
0.218358 -0.000464 0.061087
0 1 0
255 255 255 255
0.182896 0.530474
0 0 0 0
1 0 0 0
0.134934 0.003274 -0.136647
0 1 0
255 255 255 255
0.130915 0.569226
0 0 0 0
1 0 0 0
0.226389 0.003274 -0.062096
0 1 0
255 255 255 255
0.129705 0.554878
0 0 0 0
1 0 0 0
0.233441 0.003274 -0.069148
0 1 0
255 255 255 255
0.130915 0.554878
0 0 0 0
1 0 0 0
0.131408 0.003274 -0.128135
0 1 0
255 255 255 255
0.129705 0.569226
0 0 0 0
1 0 0 0
0.174234 0.003274 -0.009941
0.6255118 0 -0.7802147
255 255 255 255
0.13071 0.54601
0 0 0 0
1 0 0 0
0.174234 -0.000464 -0.009941
0.6255118 0 -0.7802147
255 255 255 255
0.13146 0.54601
0 0 0 0
1 0 0 0
0.10533 -0.000464 -0.065179
0.6255118 0 -0.7802147
255 255 255 255
0.13146 0.556079
0 0 0 0
1 0 0 0
0.10533 0.003274 -0.065179
0.6255118 0 -0.7802147
255 255 255 255
0.13071 0.556079
0 0 0 0
1 0 0 0
0.226389 -0.000464 -0.062096
-0.5709092 0 0.8210132
255 255 255 255
0.129264 0.554878
0 0 0 0
1 0 0 0
0.226389 0.003274 -0.062096
-0.5709092 0 0.8210132
255 255 255 255
0.129705 0.554878
0 0 0 0
1 0 0 0
0.131408 0.003274 -0.128135
-0.5709092 0 0.8210132
255 255 255 255
0.129705 0.569226
0 0 0 0
1 0 0 0
0.131408 -0.000464 -0.128135
-0.5709092 0 0.8210132
255 255 255 255
0.129264 0.569226
0 0 0 0
1 0 0 0
0.167182 -0.000464 -0.002889
-0.635283 0 0.7722794
255 255 255 255
0.12921 0.54601
0 0 0 0
1 0 0 0
0.167182 0.003274 -0.002889
-0.635283 0 0.7722794
255 255 255 255
0.129893 0.54601
0 0 0 0
1 0 0 0
0.101805 0.003274 -0.056666
-0.635283 0 0.7722794
255 255 255 255
0.129893 0.556079
0 0 0 0
1 0 0 0
0.101805 -0.000464 -0.056666
-0.635283 0 0.7722794
255 255 255 255
0.12921 0.556079
0 0 0 0
1 0 0 0
0.233441 0.003274 -0.069148
0.5652932 0 -0.82489
255 255 255 255
0.130915 0.554878
0 0 0 0
1 0 0 0
0.233441 -0.018577 -0.069148
0.5652932 0 -0.82489
255 255 255 255
0.132567 0.554878
0 0 0 0
1 0 0 0
0.134934 -0.018577 -0.136647
0.5652932 0 -0.82489
255 255 255 255
0.132567 0.569226
0 0 0 0
1 0 0 0
0.134934 0.003274 -0.136647
0.5652932 0 -0.82489
255 255 255 255
0.130915 0.569226
0 0 0 0
1 0 0 0
0.10533 0.003274 -0.065179
0 1 0
255 255 255 255
0.13071 0.556079
0 0 0 0
1 0 0 0
0.167182 0.003274 -0.002889
0 1 0
255 255 255 255
0.129893 0.54601
0 0 0 0
1 0 0 0
0.174234 0.003274 -0.009941
0 1 0
255 255 255 255
0.13071 0.54601
0 0 0 0
1 0 0 0
0.101805 0.003274 -0.056666
0 1 0
255 255 255 255
0.129893 0.556079
0 0 0 0
1 0 0 0
0.131408 -0.000464 -0.128135
0 1 0
255 255 255 255
0.163487 0.572713
0 0 0 0
1 0 0 0
0.174234 -0.000464 -0.009941
0 1 0
255 255 255 255
0.173046 0.546329
0 0 0 0
1 0 0 0
0.226389 -0.000464 -0.062096
0 1 0
255 255 255 255
0.184688 0.557971
0 0 0 0
1 0 0 0
0.10533 -0.000464 -0.065179
0 1 0
255 255 255 255
0.157666 0.558659
0 0 0 0
1 0 0 0
0.174234 0.003274 -0.009941
0.8494222 0 -0.5277138
255 255 255 255
0.13071 0.54601
0 0 0 0
1 0 0 0
0.218358 0.003274 0.061087
0.8494222 0 -0.5277138
255 255 255 255
0.13071 0.535932
0 0 0 0
1 0 0 0
0.218358 -0.000464 0.061087
0.8494222 0 -0.5277138
255 255 255 255
0.13146 0.535932
0 0 0 0
1 0 0 0
0.174234 -0.000464 -0.009941
0.8494222 0 -0.5277138
255 255 255 255
0.13146 0.54601
0 0 0 0
1 0 0 0
0.226389 -0.000464 -0.062096
-0.8704194 0 0.492311
255 255 255 255
0.129264 0.554878
0 0 0 0
1 0 0 0
0.281315 -0.000464 0.03501
-0.8704194 0 0.492311
255 255 255 255
0.129264 0.540446
0 0 0 0
1 0 0 0
0.281315 0.003274 0.03501
-0.8704194 0 0.492311
255 255 255 255
0.129705 0.540446
0 0 0 0
1 0 0 0
0.226389 0.003274 -0.062096
-0.8704194 0 0.492311
255 255 255 255
0.129705 0.554878
0 0 0 0
1 0 0 0
0.167182 -0.000464 -0.002889
-0.8452964 0 0.5342978
255 255 255 255
0.12921 0.54601
0 0 0 0
1 0 0 0
0.209846 -0.000464 0.064614
-0.8452964 0 0.5342978
255 255 255 255
0.12921 0.535932
0 0 0 0
1 0 0 0
0.209846 0.003274 0.064614
-0.8452964 0 0.5342978
255 255 255 255
0.129893 0.535932
0 0 0 0
1 0 0 0
0.167182 0.003274 -0.002889
-0.8452964 0 0.5342978
255 255 255 255
0.129893 0.54601
0 0 0 0
1 0 0 0
0.233441 0.003274 -0.069148
0.8723969 0 -0.4887982
255 255 255 255
0.130915 0.554878
0 0 0 0
1 0 0 0
0.289827 0.003274 0.031484
0.8723969 0 -0.4887982
255 255 255 255
0.130915 0.540446
0 0 0 0
1 0 0 0
0.289827 -0.018577 0.031484
0.8723969 0 -0.4887982
255 255 255 255
0.132567 0.540446
0 0 0 0
1 0 0 0
0.233441 -0.018577 -0.069148
0.8723969 0 -0.4887982
255 255 255 255
0.132567 0.554878
0 0 0 0
1 0 0 0
2E-06 0.003274 -0.078198
0.1227053 0 -0.9924431
255 255 255 255
0.13071 0.56788
0 0 0 0
1 0 0 0
0.10533 0.003274 -0.065179
0.1227053 0 -0.9924431
255 255 255 255
0.13071 0.556079
0 0 0 0
1 0 0 0
0.10533 -0.000464 -0.065179
0.1227053 0 -0.9924431
255 255 255 255
0.13146 0.556079
0 0 0 0
1 0 0 0
2E-06 -0.000464 -0.078198
0.1227053 0 -0.9924431
255 255 255 255
0.13146 0.56788
0 0 0 0
1 0 0 0
2E-06 -0.000464 -0.151957
-0.1783926 0 0.9839594
255 255 255 255
0.129264 0.585208
0 0 0 0
1 0 0 0
0.131408 -0.000464 -0.128135
-0.1783926 0 0.9839594
255 255 255 255
0.129264 0.569226
0 0 0 0
1 0 0 0
0.131408 0.003274 -0.128135
-0.1783926 0 0.9839594
255 255 255 255
0.129705 0.569226
0 0 0 0
1 0 0 0
2E-06 0.003274 -0.151957
-0.1783926 0 0.9839594
255 255 255 255
0.129705 0.585208
0 0 0 0
1 0 0 0
2E-06 -0.000464 -0.068226
-0.112802 0 0.9936175
255 255 255 255
0.12921 0.56788
0 0 0 0
1 0 0 0
0.101805 -0.000464 -0.056666
-0.112802 0 0.9936175
255 255 255 255
0.12921 0.556079
0 0 0 0
1 0 0 0
0.101805 0.003274 -0.056666
-0.112802 0 0.9936175
255 255 255 255
0.129893 0.556079
0 0 0 0
1 0 0 0
2E-06 0.003274 -0.068226
-0.112802 0 0.9936175
255 255 255 255
0.129893 0.56788
0 0 0 0
1 0 0 0
2E-06 0.003274 -0.161929
0.184198 0 -0.9828891
255 255 255 255
0.130915 0.585208
0 0 0 0
1 0 0 0
0.134934 0.003274 -0.136647
0.184198 0 -0.9828891
255 255 255 255
0.130915 0.569226
0 0 0 0
1 0 0 0
0.134934 -0.018577 -0.136647
0.184198 0 -0.9828891
255 255 255 255
0.132567 0.569226
0 0 0 0
1 0 0 0
2E-06 -0.018577 -0.161929
0.184198 0 -0.9828891
255 255 255 255
0.132567 0.585208
0 0 0 0
1 0 0 0
0.216085 -0.000464 0.150099
0 1 0
255 255 255 255
0.375408 0.866732
0 0 0 0
1 0 0 0
0.209846 -0.000464 0.064614
0 1 0
255 255 255 255
0.375536 0.83869
0 0 0 0
1 0 0 0
0.167182 -0.000464 -0.002889
0 1 0
255 255 255 255
0.375507 0.816625
0 0 0 0
1 0 0 0
0.101805 -0.000464 -0.056666
0 1 0
255 255 255 255
0.375535 0.798996
0 0 0 0
1 0 0 0
124 # faces
0 2 1
2 0 3
4 6 5
6 4 7
8 10 9
10 8 11
12 14 13
14 12 15
16 18 17
18 16 19
20 22 21
22 20 23
24 26 25
26 24 27
28 30 29
30 28 31
32 34 33
34 32 35
36 38 37
38 36 39
40 42 41
42 40 43
44 46 45
46 44 47
48 50 49
50 48 51
52 54 53
54 52 55
28 2 31
2 28 1
56 58 57
58 56 59
60 62 61
62 60 63
64 66 65
66 64 67
68 70 69
70 68 71
48 22 51
22 48 21
52 26 55
26 52 25
30 72 29
72 30 73
74 76 75
76 74 77
78 80 79
80 78 81
82 84 83
84 82 85
86 88 87
88 86 89
50 90 49
90 50 91
54 92 53
92 54 93
94 96 95
96 94 97
98 96 97
96 98 99
100 99 98
99 100 101
102 104 103
104 102 105
106 108 107
108 106 109
110 112 111
112 110 113
114 116 115
116 114 117
118 120 119
120 118 121
122 124 123
124 122 125
126 128 127
128 126 129
130 72 73
131 130 132
130 131 133
72 130 133
134 136 135
136 134 137
138 140 139
140 138 141
142 144 143
144 142 145
146 148 147
148 146 149
150 90 91
151 150 152
150 151 153
90 150 153
154 92 93
155 154 156
92 154 157
154 155 157
104 131 132
131 104 105
158 160 159
160 158 161
162 164 163
164 162 165
166 168 167
168 166 169
170 172 171
172 170 173
151 124 125
124 151 152
155 128 129
128 155 156
174 176 175
176 174 177
178 180 179
180 178 181
182 184 183
184 182 185
186 188 187
188 186 189
190 96 191
96 190 95
192 96 99
96 192 191
193 99 101
99 193 192
