1 # bones
root
-1
0 0 0
1 # meshes
10_Road-Streight-Double-A_0_0_0_root_root
1 # uv layers
1 # textures
atlas.jpg
0 # uv layer index
70 # vertices
0 -0.000715 0.309786
0 1 0
255 255 255 255
0.9998 0.249322
0 0 0 0
1 0 0 0
0 -0.000714 -0.309786
0 1 0
255 255 255 255
0.9998 0.126343
0 0 0 0
1 0 0 0
-0.216083 -0.000714 -0.309786
0 1 0
255 255 255 255
0.93827 0.126342
0 0 0 0
1 0 0 0
-0.216083 -0.000715 0.309786
0 1 0
255 255 255 255
0.93827 0.249322
0 0 0 0
1 0 0 0
-0.432166 -0.000714 -0.309786
1 0 0
255 255 255 255
0.128194 0.500684
0 0 0 0
1 0 0 0
-0.432166 0.003024 -0.309786
1 0 0
255 255 255 255
0.127699 0.500684
0 0 0 0
1 0 0 0
-0.432166 0.003023 0.309786
1 0 0
255 255 255 255
0.127699 0.582042
0 0 0 0
1 0 0 0
-0.432166 -0.000715 0.309786
1 0 0
255 255 255 255
0.128194 0.582042
0 0 0 0
1 0 0 0
-0.52587 -0.018829 0.309786
-1 0 0
255 255 255 255
0.125825 0.582042
0 0 0 0
1 0 0 0
-0.52587 0.003023 0.309786
-1 0 0
255 255 255 255
0.128724 0.582042
0 0 0 0
1 0 0 0
-0.52587 0.003024 -0.309786
-1 0 0
255 255 255 255
0.128724 0.500684
0 0 0 0
1 0 0 0
-0.52587 -0.018828 -0.309786
-1 0 0
255 255 255 255
0.125825 0.500684
0 0 0 0
1 0 0 0
-0.52587 0.003023 0.309786
0 1 0
255 255 255 255
0.128724 0.582042
0 0 0 0
1 0 0 0
-0.515897 0.003023 0.309786
0 1 0
255 255 255 255
0.130047 0.582042
0 0 0 0
1 0 0 0
-0.515897 0.003024 -0.309786
0 1 0
255 255 255 255
0.130047 0.500684
0 0 0 0
1 0 0 0
-0.52587 0.003024 -0.309786
0 1 0
255 255 255 255
0.128724 0.500684
0 0 0 0
1 0 0 0
-0.432166 0.003024 -0.309786
0 1 0
255 255 255 255
0.127699 0.500684
0 0 0 0
1 0 0 0
-0.442139 0.003024 -0.309786
0 1 0
255 255 255 255
0.126376 0.500684
0 0 0 0
1 0 0 0
-0.442139 0.003023 0.309786
0 1 0
255 255 255 255
0.126376 0.582042
0 0 0 0
1 0 0 0
-0.432166 0.003023 0.309786
0 1 0
255 255 255 255
0.127699 0.582042
0 0 0 0
1 0 0 0
-0.515897 -0.000715 0.309786
0 1 0
255 255 255 255
0.146391 0.500504
0 0 0 0
1 0 0 0
-0.442139 -0.000715 0.309786
0 1 0
255 255 255 255
0.131673 0.500504
0 0 0 0
1 0 0 0
-0.442139 -0.000714 -0.309786
0 1 0
255 255 255 255
0.131673 0.624131
0 0 0 0
1 0 0 0
-0.515897 -0.000714 -0.309786
0 1 0
255 255 255 255
0.146391 0.624131
0 0 0 0
1 0 0 0
-0.442139 -0.000714 -0.309786
-1 0 0
255 255 255 255
0.12588 0.500684
0 0 0 0
1 0 0 0
-0.442139 -0.000715 0.309786
-1 0 0
255 255 255 255
0.12588 0.582042
0 0 0 0
1 0 0 0
-0.442139 0.003023 0.309786
-1 0 0
255 255 255 255
0.126376 0.582042
0 0 0 0
1 0 0 0
-0.442139 0.003024 -0.309786
-1 0 0
255 255 255 255
0.126376 0.500684
0 0 0 0
1 0 0 0
-0.515897 -0.000715 0.309786
1 0 0
255 255 255 255
0.130543 0.582042
0 0 0 0
1 0 0 0
-0.515897 -0.000714 -0.309786
1 0 0
255 255 255 255
0.130543 0.500684
0 0 0 0
1 0 0 0
-0.515897 0.003024 -0.309786
1 0 0
255 255 255 255
0.130047 0.500684
0 0 0 0
1 0 0 0
-0.515897 0.003023 0.309786
1 0 0
255 255 255 255
0.130047 0.582042
0 0 0 0
1 0 0 0
-0.432166 -0.000715 0.309786
0 1 0
255 255 255 255
0.875203 0.126342
0 0 0 0
1 0 0 0
-0.216083 -0.000715 0.309786
0 1 0
255 255 255 255
0.9382 0.126342
0 0 0 0
1 0 0 0
-0.216083 -0.000714 -0.309786
0 1 0
255 255 255 255
0.9382 0.249322
0 0 0 0
1 0 0 0
-0.432166 -0.000714 -0.309786
0 1 0
255 255 255 255
0.875203 0.249322
0 0 0 0
1 0 0 0
0.216084 -0.000714 -0.309786
0 1 0
255 255 255 255
0.93827 0.126342
0 0 0 0
1 0 0 0
0.216084 -0.000715 0.309786
0 1 0
255 255 255 255
0.93827 0.249322
0 0 0 0
1 0 0 0
0.432166 -0.000714 -0.309786
-1 0 0
255 255 255 255
0.128194 0.500684
0 0 0 0
1 0 0 0
0.432166 -0.000715 0.309786
-1 0 0
255 255 255 255
0.128194 0.582042
0 0 0 0
1 0 0 0
0.432166 0.003023 0.309786
-1 0 0
255 255 255 255
0.127699 0.582042
0 0 0 0
1 0 0 0
0.432166 0.003024 -0.309786
-1 0 0
255 255 255 255
0.127699 0.500684
0 0 0 0
1 0 0 0
0.52587 -0.018829 0.309786
1 0 0
255 255 255 255
0.125825 0.582042
0 0 0 0
1 0 0 0
0.52587 -0.018828 -0.309786
1 0 0
255 255 255 255
0.125825 0.500684
0 0 0 0
1 0 0 0
0.52587 0.003024 -0.309786
1 0 0
255 255 255 255
0.128724 0.500684
0 0 0 0
1 0 0 0
0.52587 0.003023 0.309786
1 0 0
255 255 255 255
0.128724 0.582042
0 0 0 0
1 0 0 0
0.52587 0.003023 0.309786
0 1 0
255 255 255 255
0.128724 0.582042
0 0 0 0
1 0 0 0
0.52587 0.003024 -0.309786
0 1 0
255 255 255 255
0.128724 0.500684
0 0 0 0
1 0 0 0
0.515898 0.003024 -0.309786
0 1 0
255 255 255 255
0.130047 0.500684
0 0 0 0
1 0 0 0
0.515898 0.003023 0.309786
0 1 0
255 255 255 255
0.130047 0.582042
0 0 0 0
1 0 0 0
0.432166 0.003024 -0.309786
0 1 0
255 255 255 255
0.127699 0.500684
0 0 0 0
1 0 0 0
0.432166 0.003023 0.309786
0 1 0
255 255 255 255
0.127699 0.582042
0 0 0 0
1 0 0 0
0.442139 0.003023 0.309786
0 1 0
255 255 255 255
0.126376 0.582042
0 0 0 0
1 0 0 0
0.442139 0.003024 -0.309786
0 1 0
255 255 255 255
0.126376 0.500684
0 0 0 0
1 0 0 0
0.515898 -0.000715 0.309786
0 1 0
255 255 255 255
0.146391 0.500504
0 0 0 0
1 0 0 0
0.515898 -0.000714 -0.309786
0 1 0
255 255 255 255
0.146391 0.624131
0 0 0 0
1 0 0 0
0.442139 -0.000714 -0.309786
0 1 0
255 255 255 255
0.131673 0.624131
0 0 0 0
1 0 0 0
0.442139 -0.000715 0.309786
0 1 0
255 255 255 255
0.131673 0.500504
0 0 0 0
1 0 0 0
0.442139 -0.000714 -0.309786
1 0 0
255 255 255 255
0.12588 0.500684
0 0 0 0
1 0 0 0
0.442139 0.003024 -0.309786
1 0 0
255 255 255 255
0.126376 0.500684
0 0 0 0
1 0 0 0
0.442139 0.003023 0.309786
1 0 0
255 255 255 255
0.126376 0.582042
0 0 0 0
1 0 0 0
0.442139 -0.000715 0.309786
1 0 0
255 255 255 255
0.12588 0.582042
0 0 0 0
1 0 0 0
0.515898 -0.000715 0.309786
-1 0 0
255 255 255 255
0.130543 0.582042
0 0 0 0
1 0 0 0
0.515898 0.003023 0.309786
-1 0 0
255 255 255 255
0.130047 0.582042
0 0 0 0
1 0 0 0
0.515898 0.003024 -0.309786
-1 0 0
255 255 255 255
0.130047 0.500684
0 0 0 0
1 0 0 0
0.515898 -0.000714 -0.309786
-1 0 0
255 255 255 255
0.130543 0.500684
0 0 0 0
1 0 0 0
0.432166 -0.000715 0.309786
0 1 0
255 255 255 255
0.875203 0.126342
0 0 0 0
1 0 0 0
0.432166 -0.000714 -0.309786
0 1 0
255 255 255 255
0.875203 0.249322
0 0 0 0
1 0 0 0
0.216084 -0.000714 -0.309786
0 1 0
255 255 255 255
0.9382 0.249322
0 0 0 0
1 0 0 0
0.216084 -0.000715 0.309786
0 1 0
255 255 255 255
0.9382 0.126342
0 0 0 0
1 0 0 0
36 # faces
0 2 1
2 0 3
4 6 5
6 4 7
8 10 9
10 8 11
12 14 13
14 12 15
16 18 17
18 16 19
20 22 21
22 20 23
24 26 25
26 24 27
28 30 29
30 28 31
32 34 33
34 32 35
36 0 1
0 36 37
38 40 39
40 38 41
42 44 43
44 42 45
46 48 47
48 46 49
50 52 51
52 50 53
54 56 55
56 54 57
58 60 59
60 58 61
62 64 63
64 62 65
66 68 67
68 66 69
