1 # bones
root
-1
0 0 0
1 # meshes
10_Road-Intersection-C_0_0_0_root_root
1 # uv layers
1 # textures
atlas.jpg
0 # uv layer index
259 # vertices
-0.458471 -0.018957 -0.52587
0.0001 0 -1
255 255 255 255
0.130562 0.582042
0 0 0 0
1 0 0 0
-0.458471 0.002894 -0.52587
0.0001 0 -1
255 255 255 255
0.127663 0.582042
0 0 0 0
1 0 0 0
-0.226119 0.002894 -0.525857
-0.2858889 0 -0.9582627
255 255 255 255
0.127663 0.55153
0 0 0 0
1 0 0 0
-0.226119 -0.018957 -0.525857
-0.2858889 0 -0.9582627
255 255 255 255
0.130562 0.55153
0 0 0 0
1 0 0 0
-0.458471 0.002894 -0.515897
0 1 0
255 255 255 255
0.12634 0.582042
0 0 0 0
1 0 0 0
-0.218641 0.002894 -0.515886
0 1 0
255 255 255 255
0.12634 0.550548
0 0 0 0
1 0 0 0
-0.226119 0.002894 -0.525857
0 1 0
255 255 255 255
0.127663 0.55153
0 0 0 0
1 0 0 0
-0.458471 0.002894 -0.52587
0 1 0
255 255 255 255
0.127663 0.582042
0 0 0 0
1 0 0 0
-0.458471 -0.000844 -0.442138
0 1 0
255 255 255 255
0.175576 0.50172
0 0 0 0
1 0 0 0
-0.163325 -0.000844 -0.442129
0 1 0
255 255 255 255
0.168523 0.56268
0 0 0 0
1 0 0 0
-0.218641 -0.000844 -0.515886
0 1 0
255 255 255 255
0.185298 0.552852
0 0 0 0
1 0 0 0
-0.458471 -0.000844 -0.515897
0 1 0
255 255 255 255
0.19103 0.50172
0 0 0 0
1 0 0 0
-0.458471 0.002894 -0.442138
0 0 -1
255 255 255 255
0.127666 0.582042
0 0 0 0
1 0 0 0
-0.163325 0.002894 -0.442129
-0.2387928 0 -0.9710706
255 255 255 255
0.127666 0.543284
0 0 0 0
1 0 0 0
-0.163325 -0.000844 -0.442129
-0.2387928 0 -0.9710706
255 255 255 255
0.128162 0.543284
0 0 0 0
1 0 0 0
-0.458471 -0.000844 -0.442138
0 0 -1
255 255 255 255
0.128162 0.582042
0 0 0 0
1 0 0 0
0.161101 -0.000844 -0.216083
0 1 0
255 255 255 255
0.437053 0.770974
0 0 0 0
1 0 0 0
-0.155846 -0.000844 -0.432157
0 1 0
255 255 255 255
0.49985 0.823394
0 0 0 0
1 0 0 0
-0.458471 -0.000844 -0.432166
0 1 0
255 255 255 255
0.49985 0.873448
0 0 0 0
1 0 0 0
-0.458471 -0.000844 -0.216083
0 1 0
255 255 255 255
0.437053 0.873448
0 0 0 0
1 0 0 0
-0.155846 0.002894 -0.432157
0.426293 0 0.9045851
255 255 255 255
0.126343 0.542302
0 0 0 0
1 0 0 0
-0.155846 -0.000844 -0.432157
0.426293 0 0.9045851
255 255 255 255
0.125847 0.542302
0 0 0 0
1 0 0 0
-0.087286 -0.000844 -0.464471
0.426293 0 0.9045851
255 255 255 255
0.125847 0.529055
0 0 0 0
1 0 0 0
-0.087286 0.002894 -0.464471
0.426293 0 0.9045851
255 255 255 255
0.126343 0.529055
0 0 0 0
1 0 0 0
-0.09875 0.002894 -0.475934
0 1 0
255 255 255 255
0.127666 0.530365
0 0 0 0
1 0 0 0
-0.163325 0.002894 -0.442129
0 1 0
255 255 255 255
0.127666 0.543284
0 0 0 0
1 0 0 0
-0.155846 0.002894 -0.432157
0 1 0
255 255 255 255
0.126343 0.542302
0 0 0 0
1 0 0 0
-0.087286 0.002894 -0.464471
0 1 0
255 255 255 255
0.126343 0.529055
0 0 0 0
1 0 0 0
-0.218641 0.002894 -0.515886
0.2633966 0 0.9646877
255 255 255 255
0.12634 0.550548
0 0 0 0
1 0 0 0
-0.218641 -0.000844 -0.515886
0.2633966 0 0.9646877
255 255 255 255
0.125844 0.550548
0 0 0 0
1 0 0 0
-0.168366 -0.000844 -0.54555
0.7071068 0 0.7071068
255 255 255 255
0.125844 0.54005
0 0 0 0
1 0 0 0
-0.168366 0.002894 -0.54555
0.7071068 0 0.7071068
255 255 255 255
0.12634 0.54005
0 0 0 0
1 0 0 0
-0.148673 -0.018957 -0.603304
-0.9582627 0 -0.2858889
255 255 255 255
0.130562 0.55153
0 0 0 0
1 0 0 0
-0.148673 0.002894 -0.603304
-0.9582627 0 -0.2858889
255 255 255 255
0.127663 0.55153
0 0 0 0
1 0 0 0
-0.148685 0.002894 -0.835655
-1 0 0.0001
255 255 255 255
0.127663 0.582042
0 0 0 0
1 0 0 0
-0.148685 -0.018957 -0.835655
-1 0 0.0001
255 255 255 255
0.130562 0.582042
0 0 0 0
1 0 0 0
-0.138713 0.002894 -0.835655
0 1 0
255 255 255 255
0.12634 0.582042
0 0 0 0
1 0 0 0
-0.148685 0.002894 -0.835655
0 1 0
255 255 255 255
0.127663 0.582042
0 0 0 0
1 0 0 0
-0.148673 0.002894 -0.603304
0 1 0
255 255 255 255
0.127663 0.55153
0 0 0 0
1 0 0 0
-0.138701 0.002894 -0.595825
0 1 0
255 255 255 255
0.12634 0.550548
0 0 0 0
1 0 0 0
-0.064954 -0.000844 -0.835655
0 1 0
255 255 255 255
0.189277 0.50172
0 0 0 0
1 0 0 0
-0.138713 -0.000844 -0.835655
0 1 0
255 255 255 255
0.173723 0.50172
0 0 0 0
1 0 0 0
-0.138701 -0.000844 -0.595825
0 1 0
255 255 255 255
0.173725 0.552194
0 0 0 0
1 0 0 0
-0.064945 -0.000844 -0.540508
0 1 0
255 255 255 255
0.189279 0.563858
0 0 0 0
1 0 0 0
-0.064945 -0.000844 -0.540508
-0.9710706 0 -0.2387928
255 255 255 255
0.128162 0.543284
0 0 0 0
1 0 0 0
-0.064945 0.002894 -0.540508
-0.9710706 0 -0.2387928
255 255 255 255
0.127666 0.543284
0 0 0 0
1 0 0 0
-0.064954 0.002894 -0.835655
-1 0 0
255 255 255 255
0.127666 0.582042
0 0 0 0
1 0 0 0
-0.064954 -0.000844 -0.835655
-1 0 0
255 255 255 255
0.128162 0.582042
0 0 0 0
1 0 0 0
-0.054982 -0.000844 -0.835655
0 1 0
255 255 255 255
0.49985 0.873448
0 0 0 0
1 0 0 0
-0.054973 -0.000844 -0.533029
0 1 0
255 255 255 255
0.49985 0.823394
0 0 0 0
1 0 0 0
0.161101 -0.000844 -0.835655
0 1 0
255 255 255 255
0.437053 0.873448
0 0 0 0
1 0 0 0
-0.087286 -0.000844 -0.464471
0.9045851 0 0.426293
255 255 255 255
0.125847 0.529055
0 0 0 0
1 0 0 0
-0.054973 -0.000844 -0.533029
0.9045851 0 0.426293
255 255 255 255
0.125847 0.542302
0 0 0 0
1 0 0 0
-0.054973 0.002894 -0.533029
0.9045851 0 0.426293
255 255 255 255
0.126343 0.542302
0 0 0 0
1 0 0 0
-0.087286 0.002894 -0.464471
0.9045851 0 0.426293
255 255 255 255
0.126343 0.529055
0 0 0 0
1 0 0 0
-0.054973 0.002894 -0.533029
0 1 0
255 255 255 255
0.126343 0.542302
0 0 0 0
1 0 0 0
-0.064945 0.002894 -0.540508
0 1 0
255 255 255 255
0.127666 0.543284
0 0 0 0
1 0 0 0
-0.138701 -0.000844 -0.595825
0.9646877 0 0.2633966
255 255 255 255
0.125844 0.550548
0 0 0 0
1 0 0 0
-0.138701 0.002894 -0.595825
0.9646877 0 0.2633966
255 255 255 255
0.12634 0.550548
0 0 0 0
1 0 0 0
-0.458471 0.002894 -0.432166
0 0 1
255 255 255 255
0.126343 0.582042
0 0 0 0
1 0 0 0
-0.458471 -0.000844 -0.432166
0 0 1
255 255 255 255
0.125847 0.582042
0 0 0 0
1 0 0 0
-0.155846 -0.000844 -0.432157
0 0 1
255 255 255 255
0.125847 0.542302
0 0 0 0
1 0 0 0
-0.155846 0.002894 -0.432157
0 0 1
255 255 255 255
0.126343 0.542302
0 0 0 0
1 0 0 0
-0.458471 0.002894 -0.432166
0 1 0
255 255 255 255
0.126343 0.582042
0 0 0 0
1 0 0 0
-0.458471 0.002894 -0.442138
0 1 0
255 255 255 255
0.127666 0.582042
0 0 0 0
1 0 0 0
-0.458471 0.002894 -0.515897
0 0 1
255 255 255 255
0.12634 0.582042
0 0 0 0
1 0 0 0
-0.458471 -0.000844 -0.515897
0 0 1
255 255 255 255
0.125844 0.582042
0 0 0 0
1 0 0 0
-0.054982 -0.000844 -0.835655
1 0 0
255 255 255 255
0.125847 0.582042
0 0 0 0
1 0 0 0
-0.054982 0.002894 -0.835655
1 0 0
255 255 255 255
0.126343 0.582042
0 0 0 0
1 0 0 0
-0.054973 0.002894 -0.533029
1 0 0
255 255 255 255
0.126343 0.542302
0 0 0 0
1 0 0 0
-0.054973 -0.000844 -0.533029
1 0 0
255 255 255 255
0.125847 0.542302
0 0 0 0
1 0 0 0
-0.054982 0.002894 -0.835655
0 1 0
255 255 255 255
0.126343 0.582042
0 0 0 0
1 0 0 0
-0.064954 0.002894 -0.835655
0 1 0
255 255 255 255
0.127666 0.582042
0 0 0 0
1 0 0 0
-0.138713 -0.000844 -0.835655
1 0 -0.0001
255 255 255 255
0.125844 0.582042
0 0 0 0
1 0 0 0
-0.138713 0.002894 -0.835655
1 0 -0.0001
255 255 255 255
0.12634 0.582042
0 0 0 0
1 0 0 0
-0.179325 0.002894 -0.556509
-0.7071068 0 -0.7071068
255 255 255 255
0.127663 0.541359
0 0 0 0
1 0 0 0
-0.179325 -0.018957 -0.556509
-0.7071068 0 -0.7071068
255 255 255 255
0.130562 0.541359
0 0 0 0
1 0 0 0
-0.179325 0.002894 -0.556509
0 1 0
255 255 255 255
0.127663 0.541359
0 0 0 0
1 0 0 0
-0.168366 0.002894 -0.54555
0 1 0
255 255 255 255
0.12634 0.54005
0 0 0 0
1 0 0 0
-0.168366 -0.000844 -0.54555
0 1 0
255 255 255 255
0.190313 0.564093
0 0 0 0
1 0 0 0
-0.09875 -0.000844 -0.475934
0 1 0
255 255 255 255
0.174065 0.577017
0 0 0 0
1 0 0 0
-0.09875 0.002894 -0.475934
-0.7071068 0 -0.7071068
255 255 255 255
0.127666 0.530365
0 0 0 0
1 0 0 0
-0.09875 -0.000844 -0.475934
-0.7071068 0 -0.7071068
255 255 255 255
0.128162 0.530365
0 0 0 0
1 0 0 0
-0.168366 -0.000844 -0.54555
0 1 0
255 255 255 255
0.16747 0.562796
0 0 0 0
1 0 0 0
-0.09875 -0.000844 -0.475934
0 1 0
255 255 255 255
0.18215 0.577476
0 0 0 0
1 0 0 0
-0.087286 -0.000844 -0.464471
0 1 0
255 255 255 255
0.49985 0.806709
0 0 0 0
1 0 0 0
0.377184 -0.000844 -0.835655
-1 0 0
255 255 255 255
0.12588 0.500684
0 0 0 0
1 0 0 0
0.377184 -0.000844 -0.216083
-1 0 0
255 255 255 255
0.12588 0.582042
0 0 0 0
1 0 0 0
0.377184 0.002894 -0.216083
-1 0 0
255 255 255 255
0.126376 0.582042
0 0 0 0
1 0 0 0
0.377184 0.002894 -0.835655
-1 0 0
255 255 255 255
0.126376 0.500684
0 0 0 0
1 0 0 0
0.470888 -0.018957 -0.216083
1 0 0
255 255 255 255
0.130541 0.582042
0 0 0 0
1 0 0 0
0.470888 -0.018957 -0.835655
1 0 0
255 255 255 255
0.130541 0.500684
0 0 0 0
1 0 0 0
0.470888 0.002894 -0.835655
1 0 0
255 255 255 255
0.127642 0.500684
0 0 0 0
1 0 0 0
0.470888 0.002894 -0.216083
1 0 0
255 255 255 255
0.127642 0.582042
0 0 0 0
1 0 0 0
0.470888 0.002894 -0.216083
0 1 0
255 255 255 255
0.127642 0.582042
0 0 0 0
1 0 0 0
0.470888 0.002894 -0.835655
0 1 0
255 255 255 255
0.127642 0.500684
0 0 0 0
1 0 0 0
0.460916 0.002894 -0.835655
0 1 0
255 255 255 255
0.126319 0.500684
0 0 0 0
1 0 0 0
0.460916 0.002894 -0.216083
0 1 0
255 255 255 255
0.126319 0.582042
0 0 0 0
1 0 0 0
0.377184 0.002894 -0.835655
0 1 0
255 255 255 255
0.126376 0.500684
0 0 0 0
1 0 0 0
0.377184 0.002894 -0.216083
0 1 0
255 255 255 255
0.126376 0.582042
0 0 0 0
1 0 0 0
0.387157 0.002894 -0.216083
0 1 0
255 255 255 255
0.127699 0.582042
0 0 0 0
1 0 0 0
0.387157 0.002894 -0.835655
0 1 0
255 255 255 255
0.127699 0.500684
0 0 0 0
1 0 0 0
0.460916 -0.000844 -0.216083
0 1 0
255 255 255 255
0.144215 0.500504
0 0 0 0
1 0 0 0
0.460916 -0.000844 -0.835655
0 1 0
255 255 255 255
0.144215 0.624132
0 0 0 0
1 0 0 0
0.387157 -0.000844 -0.835655
0 1 0
255 255 255 255
0.158933 0.624132
0 0 0 0
1 0 0 0
0.387157 -0.000844 -0.216083
0 1 0
255 255 255 255
0.158933 0.500504
0 0 0 0
1 0 0 0
0.387157 -0.000844 -0.835655
1 0 0
255 255 255 255
0.128194 0.500684
0 0 0 0
1 0 0 0
0.387157 0.002894 -0.835655
1 0 0
255 255 255 255
0.127699 0.500684
0 0 0 0
1 0 0 0
0.387157 0.002894 -0.216083
1 0 0
255 255 255 255
0.127699 0.582042
0 0 0 0
1 0 0 0
0.387157 -0.000844 -0.216083
1 0 0
255 255 255 255
0.128194 0.582042
0 0 0 0
1 0 0 0
0.460916 -0.000844 -0.216083
-1 0 0
255 255 255 255
0.125824 0.582042
0 0 0 0
1 0 0 0
0.460916 0.002894 -0.216083
-1 0 0
255 255 255 255
0.126319 0.582042
0 0 0 0
1 0 0 0
0.460916 0.002894 -0.835655
-1 0 0
255 255 255 255
0.126319 0.500684
0 0 0 0
1 0 0 0
0.460916 -0.000844 -0.835655
-1 0 0
255 255 255 255
0.125824 0.500684
0 0 0 0
1 0 0 0
0.377184 -0.000844 -0.216083
0 1 0
255 255 255 255
0.49977 0.874554
0 0 0 0
1 0 0 0
0.377184 -0.000844 -0.835655
0 1 0
255 255 255 255
0.49977 0.770266
0 0 0 0
1 0 0 0
0.161101 -0.000844 -0.835655
0 1 0
255 255 255 255
0.43664 0.770266
0 0 0 0
1 0 0 0
0.161101 -0.000844 -0.216083
0 1 0
255 255 255 255
0.43664 0.874554
0 0 0 0
1 0 0 0
0.470888 0.002894 0
1 0 0
255 255 255 255
0.127642 0.553668
0 0 0 0
1 0 0 0
0.470888 -0.018957 0
1 0 0
255 255 255 255
0.130541 0.553668
0 0 0 0
1 0 0 0
0.460916 0.002894 0
0 1 0
255 255 255 255
0.126319 0.553668
0 0 0 0
1 0 0 0
0.470888 0.002894 0
0 1 0
255 255 255 255
0.127642 0.553668
0 0 0 0
1 0 0 0
0.387157 -0.000844 0
0 1 0
255 255 255 255
0.158933 0.543621
0 0 0 0
1 0 0 0
0.460916 -0.000844 0
0 1 0
255 255 255 255
0.144215 0.543621
0 0 0 0
1 0 0 0
0.387157 -0.000844 0
1 0 0
255 255 255 255
0.128194 0.553667
0 0 0 0
1 0 0 0
0.387157 0.002894 0
1 0 0
255 255 255 255
0.127699 0.553667
0 0 0 0
1 0 0 0
0.161101 -0.000844 0
0 1 0
255 255 255 255
0.43664 0.838182
0 0 0 0
1 0 0 0
0.377184 -0.000844 0
0 1 0
255 255 255 255
0.49977 0.838182
0 0 0 0
1 0 0 0
0.377184 -0.000844 0
-1 0 0
255 255 255 255
0.12588 0.553667
0 0 0 0
1 0 0 0
0.377184 0.002894 0
-1 0 0
255 255 255 255
0.126376 0.553667
0 0 0 0
1 0 0 0
0.377184 0.002894 0
0 1 0
255 255 255 255
0.126376 0.553667
0 0 0 0
1 0 0 0
0.387157 0.002894 0
0 1 0
255 255 255 255
0.127699 0.553667
0 0 0 0
1 0 0 0
0.460916 -0.000844 0
-1 0 0
255 255 255 255
0.125824 0.553668
0 0 0 0
1 0 0 0
0.460916 0.002894 0
-1 0 0
255 255 255 255
0.126319 0.553668
0 0 0 0
1 0 0 0
-0.458471 -0.018957 0.525869
0.0001 0 1
255 255 255 255
0.130562 0.582042
0 0 0 0
1 0 0 0
-0.226119 -0.018957 0.525857
-0.2858889 0 0.9582627
255 255 255 255
0.130562 0.55153
0 0 0 0
1 0 0 0
-0.226119 0.002894 0.525857
-0.2858889 0 0.9582627
255 255 255 255
0.127663 0.55153
0 0 0 0
1 0 0 0
-0.458471 0.002894 0.525869
0.0001 0 1
255 255 255 255
0.127663 0.582042
0 0 0 0
1 0 0 0
-0.458471 0.002894 0.515897
0 1 0
255 255 255 255
0.12634 0.582042
0 0 0 0
1 0 0 0
-0.458471 0.002894 0.525869
0 1 0
255 255 255 255
0.127663 0.582042
0 0 0 0
1 0 0 0
-0.226119 0.002894 0.525857
0 1 0
255 255 255 255
0.127663 0.55153
0 0 0 0
1 0 0 0
-0.218641 0.002894 0.515885
0 1 0
255 255 255 255
0.12634 0.550548
0 0 0 0
1 0 0 0
-0.458471 -0.000844 0.442139
0 1 0
255 255 255 255
0.175576 0.50172
0 0 0 0
1 0 0 0
-0.458471 -0.000844 0.515897
0 1 0
255 255 255 255
0.19103 0.50172
0 0 0 0
1 0 0 0
-0.218641 -0.000844 0.515885
0 1 0
255 255 255 255
0.185298 0.552852
0 0 0 0
1 0 0 0
-0.163325 -0.000844 0.442129
0 1 0
255 255 255 255
0.168523 0.56268
0 0 0 0
1 0 0 0
-0.458471 0.002894 0.442139
0 0 1
255 255 255 255
0.127666 0.582042
0 0 0 0
1 0 0 0
-0.458471 -0.000844 0.442139
0 0 1
255 255 255 255
0.128162 0.582042
0 0 0 0
1 0 0 0
-0.163325 -0.000844 0.442129
-0.2387928 0 0.9710706
255 255 255 255
0.128162 0.543284
0 0 0 0
1 0 0 0
-0.163325 0.002894 0.442129
-0.2387928 0 0.9710706
255 255 255 255
0.127666 0.543284
0 0 0 0
1 0 0 0
0.161101 -0.000844 0.216083
0 1 0
255 255 255 255
0.437053 0.770974
0 0 0 0
1 0 0 0
-0.458471 -0.000844 0.216083
0 1 0
255 255 255 255
0.437053 0.873448
0 0 0 0
1 0 0 0
-0.458471 -0.000844 0.432165
0 1 0
255 255 255 255
0.49985 0.873448
0 0 0 0
1 0 0 0
-0.155846 -0.000844 0.432157
0 1 0
255 255 255 255
0.49985 0.823394
0 0 0 0
1 0 0 0
-0.155846 0.002894 0.432157
0.426293 0 -0.9045851
255 255 255 255
0.126343 0.542302
0 0 0 0
1 0 0 0
-0.087286 0.002894 0.464471
0.426293 0 -0.9045851
255 255 255 255
0.126343 0.529055
0 0 0 0
1 0 0 0
-0.087286 -0.000844 0.464471
0.426293 0 -0.9045851
255 255 255 255
0.125847 0.529055
0 0 0 0
1 0 0 0
-0.155846 -0.000844 0.432157
0.426293 0 -0.9045851
255 255 255 255
0.125847 0.542302
0 0 0 0
1 0 0 0
-0.09875 0.002894 0.475933
0 1 0
255 255 255 255
0.127666 0.530365
0 0 0 0
1 0 0 0
-0.087286 0.002894 0.464471
0 1 0
255 255 255 255
0.126343 0.529055
0 0 0 0
1 0 0 0
-0.155846 0.002894 0.432157
0 1 0
255 255 255 255
0.126343 0.542302
0 0 0 0
1 0 0 0
-0.163325 0.002894 0.442129
0 1 0
255 255 255 255
0.127666 0.543284
0 0 0 0
1 0 0 0
-0.218641 0.002894 0.515885
0.2633966 0 -0.9646877
255 255 255 255
0.12634 0.550548
0 0 0 0
1 0 0 0
-0.168366 0.002894 0.54555
0.7071068 0 -0.7071068
255 255 255 255
0.12634 0.54005
0 0 0 0
1 0 0 0
-0.168366 -0.000844 0.54555
0.7071068 0 -0.7071068
255 255 255 255
0.125844 0.54005
0 0 0 0
1 0 0 0
-0.218641 -0.000844 0.515885
0.2633966 0 -0.9646877
255 255 255 255
0.125844 0.550548
0 0 0 0
1 0 0 0
-0.148673 -0.018957 0.603304
-0.9582627 0 0.2858889
255 255 255 255
0.130562 0.55153
0 0 0 0
1 0 0 0
-0.148685 -0.018958 0.835655
-1 0 -0.0001
255 255 255 255
0.130562 0.582042
0 0 0 0
1 0 0 0
-0.148685 0.002893 0.835655
-1 0 -0.0001
255 255 255 255
0.127663 0.582042
0 0 0 0
1 0 0 0
-0.148673 0.002894 0.603304
-0.9582627 0 0.2858889
255 255 255 255
0.127663 0.55153
0 0 0 0
1 0 0 0
-0.138713 0.002893 0.835655
0 1 0
255 255 255 255
0.12634 0.582042
0 0 0 0
1 0 0 0
-0.138701 0.002894 0.595825
0 1 0
255 255 255 255
0.12634 0.550548
0 0 0 0
1 0 0 0
-0.148673 0.002894 0.603304
0 1 0
255 255 255 255
0.127663 0.55153
0 0 0 0
1 0 0 0
-0.148685 0.002893 0.835655
0 1 0
255 255 255 255
0.127663 0.582042
0 0 0 0
1 0 0 0
-0.064954 -0.000844 0.835655
0 1 0
255 255 255 255
0.189277 0.50172
0 0 0 0
1 0 0 0
-0.064945 -0.000844 0.540508
0 1 0
255 255 255 255
0.189279 0.563858
0 0 0 0
1 0 0 0
-0.138701 -0.000844 0.595825
0 1 0
255 255 255 255
0.173725 0.552194
0 0 0 0
1 0 0 0
-0.138713 -0.000844 0.835655
0 1 0
255 255 255 255
0.173723 0.50172
0 0 0 0
1 0 0 0
-0.064945 -0.000844 0.540508
-0.9710706 0 0.2387928
255 255 255 255
0.128162 0.543284
0 0 0 0
1 0 0 0
-0.064954 -0.000844 0.835655
-1 0 0
255 255 255 255
0.128162 0.582042
0 0 0 0
1 0 0 0
-0.064954 0.002893 0.835655
-1 0 0
255 255 255 255
0.127666 0.582042
0 0 0 0
1 0 0 0
-0.064945 0.002894 0.540508
-0.9710706 0 0.2387928
255 255 255 255
0.127666 0.543284
0 0 0 0
1 0 0 0
-0.054982 -0.000844 0.835655
0 1 0
255 255 255 255
0.49985 0.873448
0 0 0 0
1 0 0 0
0.161101 -0.000844 0.835655
0 1 0
255 255 255 255
0.437053 0.873448
0 0 0 0
1 0 0 0
-0.054973 -0.000844 0.533029
0 1 0
255 255 255 255
0.49985 0.823394
0 0 0 0
1 0 0 0
-0.087286 -0.000844 0.464471
0.9045851 0 -0.426293
255 255 255 255
0.125847 0.529055
0 0 0 0
1 0 0 0
-0.087286 0.002894 0.464471
0.9045851 0 -0.426293
255 255 255 255
0.126343 0.529055
0 0 0 0
1 0 0 0
-0.054973 0.002894 0.533029
0.9045851 0 -0.426293
255 255 255 255
0.126343 0.542302
0 0 0 0
1 0 0 0
-0.054973 -0.000844 0.533029
0.9045851 0 -0.426293
255 255 255 255
0.125847 0.542302
0 0 0 0
1 0 0 0
-0.054973 0.002894 0.533029
0 1 0
255 255 255 255
0.126343 0.542302
0 0 0 0
1 0 0 0
-0.064945 0.002894 0.540508
0 1 0
255 255 255 255
0.127666 0.543284
0 0 0 0
1 0 0 0
-0.138701 0.002894 0.595825
0.9646877 0 -0.2633966
255 255 255 255
0.12634 0.550548
0 0 0 0
1 0 0 0
-0.138701 -0.000844 0.595825
0.9646877 0 -0.2633966
255 255 255 255
0.125844 0.550548
0 0 0 0
1 0 0 0
-0.458471 0.002894 0.432165
0 0 -1
255 255 255 255
0.126343 0.582042
0 0 0 0
1 0 0 0
-0.155846 0.002894 0.432157
0 0 -1
255 255 255 255
0.126343 0.542302
0 0 0 0
1 0 0 0
-0.155846 -0.000844 0.432157
0 0 -1
255 255 255 255
0.125847 0.542302
0 0 0 0
1 0 0 0
-0.458471 -0.000844 0.432165
0 0 -1
255 255 255 255
0.125847 0.582042
0 0 0 0
1 0 0 0
-0.458471 0.002894 0.432165
0 1 0
255 255 255 255
0.126343 0.582042
0 0 0 0
1 0 0 0
-0.458471 0.002894 0.442139
0 1 0
255 255 255 255
0.127666 0.582042
0 0 0 0
1 0 0 0
-0.458471 0.002894 0.515897
-0.0001 0 -1
255 255 255 255
0.12634 0.582042
0 0 0 0
1 0 0 0
-0.458471 -0.000844 0.515897
-0.0001 0 -1
255 255 255 255
0.125844 0.582042
0 0 0 0
1 0 0 0
-0.054982 -0.000844 0.835655
1 0 0
255 255 255 255
0.125847 0.582042
0 0 0 0
1 0 0 0
-0.054973 -0.000844 0.533029
1 0 0
255 255 255 255
0.125847 0.542302
0 0 0 0
1 0 0 0
-0.054973 0.002894 0.533029
1 0 0
255 255 255 255
0.126343 0.542302
0 0 0 0
1 0 0 0
-0.054982 0.002893 0.835655
1 0 0
255 255 255 255
0.126343 0.582042
0 0 0 0
1 0 0 0
-0.054982 0.002893 0.835655
0 1 0
255 255 255 255
0.126343 0.582042
0 0 0 0
1 0 0 0
-0.064954 0.002893 0.835655
0 1 0
255 255 255 255
0.127666 0.582042
0 0 0 0
1 0 0 0
-0.138713 -0.000844 0.835655
1 0 0.0001
255 255 255 255
0.125844 0.582042
0 0 0 0
1 0 0 0
-0.138713 0.002893 0.835655
1 0 0.0001
255 255 255 255
0.12634 0.582042
0 0 0 0
1 0 0 0
-0.179325 0.002894 0.556509
-0.7071068 0 0.7071068
255 255 255 255
0.127663 0.541359
0 0 0 0
1 0 0 0
-0.179325 -0.018957 0.556509
-0.7071068 0 0.7071068
255 255 255 255
0.130562 0.541359
0 0 0 0
1 0 0 0
-0.179325 0.002894 0.556509
0 1 0
255 255 255 255
0.127663 0.541359
0 0 0 0
1 0 0 0
-0.168366 0.002894 0.54555
0 1 0
255 255 255 255
0.12634 0.54005
0 0 0 0
1 0 0 0
-0.168366 -0.000844 0.54555
0 1 0
255 255 255 255
0.190313 0.564093
0 0 0 0
1 0 0 0
-0.09875 -0.000844 0.475933
0 1 0
255 255 255 255
0.174065 0.577017
0 0 0 0
1 0 0 0
-0.09875 0.002894 0.475933
-0.7071068 0 0.7071068
255 255 255 255
0.127666 0.530365
0 0 0 0
1 0 0 0
-0.09875 -0.000844 0.475933
-0.7071068 0 0.7071068
255 255 255 255
0.128162 0.530365
0 0 0 0
1 0 0 0
-0.168366 -0.000844 0.54555
0 1 0
255 255 255 255
0.16747 0.562796
0 0 0 0
1 0 0 0
-0.09875 -0.000844 0.475933
0 1 0
255 255 255 255
0.18215 0.577476
0 0 0 0
1 0 0 0
-0.087286 -0.000844 0.464471
0 1 0
255 255 255 255
0.49985 0.806709
0 0 0 0
1 0 0 0
0.377184 0.002894 0.216082
-1 0 0
255 255 255 255
0.126376 0.582042
0 0 0 0
1 0 0 0
0.377184 -0.000844 0.835655
-1 0 0
255 255 255 255
0.12588 0.500684
0 0 0 0
1 0 0 0
0.377184 0.002893 0.835655
-1 0 0
255 255 255 255
0.126376 0.500684
0 0 0 0
1 0 0 0
0.377184 -0.000844 0.216082
-1 0 0
255 255 255 255
0.12588 0.582042
0 0 0 0
1 0 0 0
0.470888 0.002894 0.216082
1 0 0
255 255 255 255
0.127642 0.582042
0 0 0 0
1 0 0 0
0.470888 -0.018957 0.216082
1 0 0
255 255 255 255
0.130541 0.582042
0 0 0 0
1 0 0 0
0.470888 0.002893 0.835655
1 0 0
255 255 255 255
0.127642 0.500684
0 0 0 0
1 0 0 0
0.470888 -0.018958 0.835655
1 0 0
255 255 255 255
0.130541 0.500684
0 0 0 0
1 0 0 0
0.470888 0.002894 0.216082
0 1 0
255 255 255 255
0.127642 0.582042
0 0 0 0
1 0 0 0
0.460916 0.002894 0.216082
0 1 0
255 255 255 255
0.126319 0.582042
0 0 0 0
1 0 0 0
0.460916 0.002893 0.835655
0 1 0
255 255 255 255
0.126319 0.500684
0 0 0 0
1 0 0 0
0.470888 0.002893 0.835655
0 1 0
255 255 255 255
0.127642 0.500684
0 0 0 0
1 0 0 0
0.377184 0.002893 0.835655
0 1 0
255 255 255 255
0.126376 0.500684
0 0 0 0
1 0 0 0
0.387157 0.002893 0.835655
0 1 0
255 255 255 255
0.127699 0.500684
0 0 0 0
1 0 0 0
0.387157 0.002894 0.216082
0 1 0
255 255 255 255
0.127699 0.582042
0 0 0 0
1 0 0 0
0.377184 0.002894 0.216082
0 1 0
255 255 255 255
0.126376 0.582042
0 0 0 0
1 0 0 0
0.460916 -0.000844 0.216082
0 1 0
255 255 255 255
0.144215 0.500504
0 0 0 0
1 0 0 0
0.387157 -0.000844 0.216082
0 1 0
255 255 255 255
0.158933 0.500504
0 0 0 0
1 0 0 0
0.387157 -0.000844 0.835655
0 1 0
255 255 255 255
0.158933 0.624132
0 0 0 0
1 0 0 0
0.460916 -0.000844 0.835655
0 1 0
255 255 255 255
0.144215 0.624132
0 0 0 0
1 0 0 0
0.387157 -0.000844 0.835655
1 0 0
255 255 255 255
0.128194 0.500684
0 0 0 0
1 0 0 0
0.387157 -0.000844 0.216082
1 0 0
255 255 255 255
0.128194 0.582042
0 0 0 0
1 0 0 0
0.387157 0.002894 0.216082
1 0 0
255 255 255 255
0.127699 0.582042
0 0 0 0
1 0 0 0
0.387157 0.002893 0.835655
1 0 0
255 255 255 255
0.127699 0.500684
0 0 0 0
1 0 0 0
0.460916 -0.000844 0.216082
-1 0 0
255 255 255 255
0.125824 0.582042
0 0 0 0
1 0 0 0
0.460916 -0.000844 0.835655
-1 0 0
255 255 255 255
0.125824 0.500684
0 0 0 0
1 0 0 0
0.460916 0.002893 0.835655
-1 0 0
255 255 255 255
0.126319 0.500684
0 0 0 0
1 0 0 0
0.460916 0.002894 0.216082
-1 0 0
255 255 255 255
0.126319 0.582042
0 0 0 0
1 0 0 0
0.377184 -0.000844 0.216082
0 1 0
255 255 255 255
0.49977 0.874554
0 0 0 0
1 0 0 0
0.161101 -0.000844 0.216083
0 1 0
255 255 255 255
0.43664 0.874554
0 0 0 0
1 0 0 0
0.161101 -0.000844 0.835655
0 1 0
255 255 255 255
0.43664 0.770266
0 0 0 0
1 0 0 0
0.377184 -0.000844 0.835655
0 1 0
255 255 255 255
0.49977 0.770266
0 0 0 0
1 0 0 0
-0.458471 -0.000844 -0.216083
0 1 0
255 255 255 255
0.436983 0.770974
0 0 0 0
1 0 0 0
-0.458471 -0.000844 0
0 1 0
255 255 255 255
0.375207 0.770974
0 0 0 0
1 0 0 0
-0.054959 -0.000844 0
0 1 0
255 255 255 255
0.375207 0.837705
0 0 0 0
1 0 0 0
0.161101 -0.000844 -0.216083
0 1 0
255 255 255 255
0.436983 0.873448
0 0 0 0
1 0 0 0
0.161101 -0.000844 0
0 1 0
255 255 255 255
0.436983 0.837709
0 0 0 0
1 0 0 0
-0.458471 -0.000844 0.216083
0 1 0
255 255 255 255
0.436983 0.770974
0 0 0 0
1 0 0 0
0.161101 -0.000844 0.216083
0 1 0
255 255 255 255
0.436983 0.873448
0 0 0 0
1 0 0 0
194 # faces
0 2 1
2 0 3
4 6 5
6 4 7
8 10 9
10 8 11
12 14 13
14 12 15
16 18 17
18 16 19
20 22 21
22 20 23
24 26 25
26 24 27
28 30 29
30 28 31
32 34 33
34 32 35
36 38 37
38 36 39
40 42 41
42 40 43
44 46 45
46 44 47
48 16 49
16 48 50
51 53 52
53 51 54
24 55 27
55 24 56
30 58 57
58 30 31
59 61 60
61 59 62
63 25 26
25 63 64
29 65 28
65 29 66
67 69 68
69 67 70
56 71 55
71 56 72
58 73 57
73 58 74
3 75 2
75 3 76
33 76 32
76 33 75
77 5 6
39 77 38
77 39 78
5 77 78
79 9 10
9 79 80
14 81 13
81 14 82
45 82 44
82 45 81
43 83 42
83 43 84
49 16 85
16 17 85
86 88 87
88 86 89
90 92 91
92 90 93
94 96 95
96 94 97
98 100 99
100 98 101
102 104 103
104 102 105
106 108 107
108 106 109
110 112 111
112 110 113
114 116 115
116 114 117
93 119 118
119 93 90
94 120 97
120 94 121
102 122 105
122 102 123
124 108 109
108 124 125
114 126 117
126 114 127
88 128 87
128 88 129
100 130 99
130 100 131
111 132 110
132 111 133
134 136 135
136 134 137
138 140 139
140 138 141
142 144 143
144 142 145
146 148 147
148 146 149
150 152 151
152 150 153
154 156 155
156 154 157
158 160 159
160 158 161
162 164 163
164 162 165
166 168 167
168 166 169
170 172 171
172 170 173
174 176 175
176 174 177
178 180 179
180 178 181
182 150 183
150 182 184
185 187 186
187 185 188
189 158 159
158 189 190
164 191 163
191 164 192
193 195 194
195 193 196
161 197 160
197 161 198
199 165 162
165 199 200
201 203 202
203 201 204
205 190 189
190 205 206
207 191 192
191 207 208
209 135 136
135 209 210
169 210 209
210 169 166
211 171 172
141 211 140
171 211 212
211 141 212
145 213 144
213 145 214
215 148 149
148 215 216
181 216 215
216 181 178
217 175 176
175 217 218
184 219 150
150 219 153
220 128 129
221 220 222
128 220 223
220 221 223
119 224 118
224 119 225
225 226 224
226 225 227
228 120 121
120 228 229
228 230 229
230 228 231
232 234 233
234 130 131
130 234 235
234 232 235
236 122 123
122 236 237
236 238 237
238 236 239
240 242 241
242 124 241
124 242 125
242 240 243
244 246 245
246 244 247
132 247 244
247 132 133
248 126 127
126 248 249
248 250 249
250 248 251
252 254 253
254 252 255
256 254 255
254 257 253
256 258 254
257 254 258
