1 # bones
root
-1
0 0 0
1 # meshes
10_Road-Intersection-D_0_0_0_root_root
1 # uv layers
1 # textures
atlas.jpg
0 # uv layer index
280 # vertices
-0.599652 -0.018927 -0.530706
0.0001 0 -1
255 255 255 255
0.130562 0.582042
0 0 0 0
1 0 0 0
-0.599652 0.002924 -0.530706
0.0001 0 -1
255 255 255 255
0.127663 0.582042
0 0 0 0
1 0 0 0
-0.367301 0.002924 -0.530693
-0.2858889 0 -0.9582627
255 255 255 255
0.127663 0.55153
0 0 0 0
1 0 0 0
-0.367301 -0.018927 -0.530693
-0.2858889 0 -0.9582627
255 255 255 255
0.130562 0.55153
0 0 0 0
1 0 0 0
-0.599652 0.002924 -0.520733
0 1 0
255 255 255 255
0.12634 0.582042
0 0 0 0
1 0 0 0
-0.359822 0.002924 -0.520722
0 1 0
255 255 255 255
0.12634 0.550548
0 0 0 0
1 0 0 0
-0.367301 0.002924 -0.530693
0 1 0
255 255 255 255
0.127663 0.55153
0 0 0 0
1 0 0 0
-0.599652 0.002924 -0.530706
0 1 0
255 255 255 255
0.127663 0.582042
0 0 0 0
1 0 0 0
-0.599652 -0.000814 -0.446975
0 1 0
255 255 255 255
0.175576 0.50172
0 0 0 0
1 0 0 0
-0.304506 -0.000814 -0.446966
0 1 0
255 255 255 255
0.168523 0.56268
0 0 0 0
1 0 0 0
-0.359822 -0.000814 -0.520722
0 1 0
255 255 255 255
0.185298 0.552852
0 0 0 0
1 0 0 0
-0.599652 -0.000814 -0.520733
0 1 0
255 255 255 255
0.19103 0.50172
0 0 0 0
1 0 0 0
-0.599652 0.002924 -0.446975
0 0 -1
255 255 255 255
0.127666 0.582042
0 0 0 0
1 0 0 0
-0.304506 0.002924 -0.446967
-0.2387928 -0.0001999939 -0.9710706
255 255 255 255
0.127666 0.543284
0 0 0 0
1 0 0 0
-0.304506 -0.000814 -0.446966
-0.2387928 -0.0001999939 -0.9710706
255 255 255 255
0.128162 0.543284
0 0 0 0
1 0 0 0
-0.599652 -0.000814 -0.446975
0 0 -1
255 255 255 255
0.128162 0.582042
0 0 0 0
1 0 0 0
0.01992 -0.000815 -0.220919
0 1 0
255 255 255 255
0.437214 0.771269
0 0 0 0
1 0 0 0
-0.297027 -0.000814 -0.436993
0 1 0
255 255 255 255
0.49985 0.823444
0 0 0 0
1 0 0 0
-0.599652 -0.000814 -0.437003
0 1 0
255 255 255 255
0.49985 0.873263
0 0 0 0
1 0 0 0
-0.599652 -0.000815 -0.220919
0 1 0
255 255 255 255
0.437214 0.873263
0 0 0 0
1 0 0 0
-0.297027 0.002924 -0.436993
0.426293 0 0.9045851
255 255 255 255
0.126343 0.542302
0 0 0 0
1 0 0 0
-0.297027 -0.000814 -0.436993
0.426293 0 0.9045851
255 255 255 255
0.125847 0.542302
0 0 0 0
1 0 0 0
-0.228468 -0.000814 -0.469307
0.426293 0 0.9045851
255 255 255 255
0.125847 0.529055
0 0 0 0
1 0 0 0
-0.228468 0.002924 -0.469307
0.426293 0 0.9045851
255 255 255 255
0.126343 0.529055
0 0 0 0
1 0 0 0
-0.239931 0.002924 -0.48077
0 1 0
255 255 255 255
0.127666 0.530365
0 0 0 0
1 0 0 0
-0.304506 0.002924 -0.446967
0 1 0
255 255 255 255
0.127666 0.543284
0 0 0 0
1 0 0 0
-0.297027 0.002924 -0.436993
0 1 0
255 255 255 255
0.126343 0.542302
0 0 0 0
1 0 0 0
-0.228468 0.002924 -0.469307
0 1 0
255 255 255 255
0.126343 0.529055
0 0 0 0
1 0 0 0
-0.359822 0.002924 -0.520722
0.2633966 0 0.9646877
255 255 255 255
0.12634 0.550548
0 0 0 0
1 0 0 0
-0.359822 -0.000814 -0.520722
0.2633966 0 0.9646877
255 255 255 255
0.125844 0.550548
0 0 0 0
1 0 0 0
-0.309548 -0.000814 -0.550387
0.7071068 0 0.7071068
255 255 255 255
0.125844 0.54005
0 0 0 0
1 0 0 0
-0.309548 0.002924 -0.550387
0.7071068 0 0.7071068
255 255 255 255
0.12634 0.54005
0 0 0 0
1 0 0 0
-0.289854 -0.018927 -0.608139
-0.9582627 0 -0.2858889
255 255 255 255
0.130562 0.55153
0 0 0 0
1 0 0 0
-0.289854 0.002924 -0.608139
-0.9582627 0 -0.2858889
255 255 255 255
0.127663 0.55153
0 0 0 0
1 0 0 0
-0.289867 0.002924 -0.840492
-1 0 0.0001
255 255 255 255
0.127663 0.582042
0 0 0 0
1 0 0 0
-0.289867 -0.018927 -0.840492
-1 0 0.0001
255 255 255 255
0.130562 0.582042
0 0 0 0
1 0 0 0
-0.279895 0.002924 -0.840492
0 1 0
255 255 255 255
0.12634 0.582042
0 0 0 0
1 0 0 0
-0.289867 0.002924 -0.840492
0 1 0
255 255 255 255
0.127663 0.582042
0 0 0 0
1 0 0 0
-0.289854 0.002924 -0.608139
0 1 0
255 255 255 255
0.127663 0.55153
0 0 0 0
1 0 0 0
-0.279882 0.002924 -0.600661
0 1 0
255 255 255 255
0.12634 0.550548
0 0 0 0
1 0 0 0
-0.206136 -0.000814 -0.840492
0 1 0
255 255 255 255
0.189277 0.50172
0 0 0 0
1 0 0 0
-0.279895 -0.000814 -0.840492
0 1 0
255 255 255 255
0.173723 0.50172
0 0 0 0
1 0 0 0
-0.279882 -0.000814 -0.600661
0 1 0
255 255 255 255
0.173725 0.552194
0 0 0 0
1 0 0 0
-0.206127 -0.000814 -0.545345
0 1 0
255 255 255 255
0.189279 0.563858
0 0 0 0
1 0 0 0
-0.206127 -0.000814 -0.545345
-0.9710706 0 -0.2387928
255 255 255 255
0.128162 0.543284
0 0 0 0
1 0 0 0
-0.206127 0.002924 -0.545345
-0.9710706 0 -0.2387928
255 255 255 255
0.127666 0.543284
0 0 0 0
1 0 0 0
-0.206136 0.002924 -0.840492
-1 0 0
255 255 255 255
0.127666 0.582042
0 0 0 0
1 0 0 0
-0.206136 -0.000814 -0.840492
-1 0 0
255 255 255 255
0.128162 0.582042
0 0 0 0
1 0 0 0
-0.196163 -0.000814 -0.840492
0 1 0
255 255 255 255
0.49985 0.873263
0 0 0 0
1 0 0 0
-0.196155 -0.000814 -0.537866
0 1 0
255 255 255 255
0.49985 0.823444
0 0 0 0
1 0 0 0
0.01992 -0.000814 -0.840492
0 1 0
255 255 255 255
0.437214 0.873263
0 0 0 0
1 0 0 0
-0.228468 -0.000814 -0.469307
0.9045851 0 0.426293
255 255 255 255
0.125847 0.529055
0 0 0 0
1 0 0 0
-0.196155 -0.000814 -0.537866
0.9045851 0 0.426293
255 255 255 255
0.125847 0.542302
0 0 0 0
1 0 0 0
-0.196155 0.002924 -0.537866
0.9045851 0 0.426293
255 255 255 255
0.126343 0.542302
0 0 0 0
1 0 0 0
-0.228468 0.002924 -0.469307
0.9045851 0 0.426293
255 255 255 255
0.126343 0.529055
0 0 0 0
1 0 0 0
-0.196155 0.002924 -0.537866
0 1 0
255 255 255 255
0.126343 0.542302
0 0 0 0
1 0 0 0
-0.206127 0.002924 -0.545345
0 1 0
255 255 255 255
0.127666 0.543284
0 0 0 0
1 0 0 0
-0.279882 0.002924 -0.600661
0.9646877 0 0.2633966
255 255 255 255
0.12634 0.550548
0 0 0 0
1 0 0 0
-0.279882 -0.000814 -0.600661
0.9646877 0 0.2633966
255 255 255 255
0.125844 0.550548
0 0 0 0
1 0 0 0
-0.599652 0.002924 -0.437003
0 0 1
255 255 255 255
0.126343 0.582042
0 0 0 0
1 0 0 0
-0.599652 -0.000814 -0.437003
0 0 1
255 255 255 255
0.125847 0.582042
0 0 0 0
1 0 0 0
-0.297027 -0.000814 -0.436993
0 0 1
255 255 255 255
0.125847 0.542302
0 0 0 0
1 0 0 0
-0.297027 0.002924 -0.436993
0 0 1
255 255 255 255
0.126343 0.542302
0 0 0 0
1 0 0 0
-0.599652 0.002924 -0.446975
0 1 0
255 255 255 255
0.127666 0.582042
0 0 0 0
1 0 0 0
-0.599652 0.002924 -0.437003
0 1 0
255 255 255 255
0.126343 0.582042
0 0 0 0
1 0 0 0
-0.599652 0.002924 -0.520733
0 0 1
255 255 255 255
0.12634 0.582042
0 0 0 0
1 0 0 0
-0.599652 -0.000814 -0.520733
0 0 1
255 255 255 255
0.125844 0.582042
0 0 0 0
1 0 0 0
-0.196163 -0.000814 -0.840492
1 0 0
255 255 255 255
0.125847 0.582042
0 0 0 0
1 0 0 0
-0.196163 0.002924 -0.840492
1 0 0
255 255 255 255
0.126343 0.582042
0 0 0 0
1 0 0 0
-0.196155 0.002924 -0.537866
1 0 0
255 255 255 255
0.126343 0.542302
0 0 0 0
1 0 0 0
-0.196155 -0.000814 -0.537866
1 0 0
255 255 255 255
0.125847 0.542302
0 0 0 0
1 0 0 0
-0.196163 0.002924 -0.840492
0 1 0
255 255 255 255
0.126343 0.582042
0 0 0 0
1 0 0 0
-0.206136 0.002924 -0.840492
0 1 0
255 255 255 255
0.127666 0.582042
0 0 0 0
1 0 0 0
-0.279895 -0.000814 -0.840492
1 0 -0.0001
255 255 255 255
0.125844 0.582042
0 0 0 0
1 0 0 0
-0.279895 0.002924 -0.840492
1 0 -0.0001
255 255 255 255
0.12634 0.582042
0 0 0 0
1 0 0 0
-0.320506 0.002924 -0.561345
-0.7071068 0 -0.7071068
255 255 255 255
0.127663 0.541359
0 0 0 0
1 0 0 0
-0.320506 -0.018927 -0.561345
-0.7071068 0 -0.7071068
255 255 255 255
0.130562 0.541359
0 0 0 0
1 0 0 0
-0.320506 0.002924 -0.561345
0 1 0
255 255 255 255
0.127663 0.541359
0 0 0 0
1 0 0 0
-0.309548 0.002924 -0.550387
0 1 0
255 255 255 255
0.12634 0.54005
0 0 0 0
1 0 0 0
-0.239931 -0.000814 -0.48077
0 1 0
255 255 255 255
0.174065 0.577017
0 0 0 0
1 0 0 0
-0.309548 -0.000814 -0.550387
0 1 0
255 255 255 255
0.190313 0.564093
0 0 0 0
1 0 0 0
-0.239931 0.002924 -0.48077
-0.7071068 0 -0.7071068
255 255 255 255
0.127666 0.530365
0 0 0 0
1 0 0 0
-0.239931 -0.000814 -0.48077
-0.7071068 0 -0.7071068
255 255 255 255
0.128162 0.530365
0 0 0 0
1 0 0 0
-0.309548 -0.000814 -0.550387
0 1 0
255 255 255 255
0.16747 0.562796
0 0 0 0
1 0 0 0
-0.239931 -0.000814 -0.48077
0 1 0
255 255 255 255
0.18215 0.577476
0 0 0 0
1 0 0 0
-0.228468 -0.000814 -0.469307
0 1 0
255 255 255 255
0.49985 0.806837
0 0 0 0
1 0 0 0
0.236003 -0.000815 -0.220919
0 1 0
255 255 255 255
0.49977 0.874554
0 0 0 0
1 0 0 0
0.236003 -0.000814 -0.840492
0 1 0
255 255 255 255
0.49977 0.770266
0 0 0 0
1 0 0 0
0.01992 -0.000814 -0.840492
0 1 0
255 255 255 255
0.436648 0.770266
0 0 0 0
1 0 0 0
0.01992 -0.000815 -0.220919
0 1 0
255 255 255 255
0.436648 0.874554
0 0 0 0
1 0 0 0
0.01992 -0.000815 -0.004835
0 1 0
255 255 255 255
0.436648 0.838182
0 0 0 0
1 0 0 0
0.236003 -0.000815 -0.004836
0 1 0
255 255 255 255
0.49977 0.838182
0 0 0 0
1 0 0 0
-0.599652 -0.018928 0.521033
0.0001 0 1
255 255 255 255
0.130562 0.582042
0 0 0 0
1 0 0 0
-0.367301 -0.018928 0.521021
-0.2858889 0 0.9582627
255 255 255 255
0.130562 0.55153
0 0 0 0
1 0 0 0
-0.367301 0.002923 0.521021
-0.2858889 0 0.9582627
255 255 255 255
0.127663 0.55153
0 0 0 0
1 0 0 0
-0.599652 0.002923 0.521033
0.0001 0 1
255 255 255 255
0.127663 0.582042
0 0 0 0
1 0 0 0
-0.599652 0.002923 0.511061
0 1 0
255 255 255 255
0.12634 0.582042
0 0 0 0
1 0 0 0
-0.599652 0.002923 0.521033
0 1 0
255 255 255 255
0.127663 0.582042
0 0 0 0
1 0 0 0
-0.367301 0.002923 0.521021
0 1 0
255 255 255 255
0.127663 0.55153
0 0 0 0
1 0 0 0
-0.359822 0.002923 0.511049
0 1 0
255 255 255 255
0.12634 0.550548
0 0 0 0
1 0 0 0
-0.599652 -0.000815 0.437301
0 1 0
255 255 255 255
0.175576 0.50172
0 0 0 0
1 0 0 0
-0.599652 -0.000815 0.511061
0 1 0
255 255 255 255
0.19103 0.50172
0 0 0 0
1 0 0 0
-0.359822 -0.000815 0.511049
0 1 0
255 255 255 255
0.185298 0.552852
0 0 0 0
1 0 0 0
-0.304506 -0.000815 0.437293
0 1 0
255 255 255 255
0.168523 0.56268
0 0 0 0
1 0 0 0
-0.599652 0.002923 0.437301
0 0 1
255 255 255 255
0.127666 0.582042
0 0 0 0
1 0 0 0
-0.599652 -0.000815 0.437301
0 0 1
255 255 255 255
0.128162 0.582042
0 0 0 0
1 0 0 0
-0.304506 -0.000815 0.437293
-0.2387928 0 0.9710706
255 255 255 255
0.128162 0.543284
0 0 0 0
1 0 0 0
-0.304506 0.002923 0.437293
-0.2387928 0 0.9710706
255 255 255 255
0.127666 0.543284
0 0 0 0
1 0 0 0
0.01992 -0.000815 0.211246
0 1 0
255 255 255 255
0.437214 0.771269
0 0 0 0
1 0 0 0
-0.599652 -0.000815 0.211246
0 1 0
255 255 255 255
0.437214 0.873263
0 0 0 0
1 0 0 0
-0.599652 -0.000815 0.42733
0 1 0
255 255 255 255
0.49985 0.873263
0 0 0 0
1 0 0 0
-0.297027 -0.000815 0.427321
0 1 0
255 255 255 255
0.49985 0.823444
0 0 0 0
1 0 0 0
-0.297027 0.002923 0.427321
0.426293 0 -0.9045851
255 255 255 255
0.126343 0.542302
0 0 0 0
1 0 0 0
-0.228468 0.002923 0.459633
0.426293 0 -0.9045851
255 255 255 255
0.126343 0.529055
0 0 0 0
1 0 0 0
-0.228468 -0.000815 0.459633
0.426293 0 -0.9045851
255 255 255 255
0.125847 0.529055
0 0 0 0
1 0 0 0
-0.297027 -0.000815 0.427321
0.426293 0 -0.9045851
255 255 255 255
0.125847 0.542302
0 0 0 0
1 0 0 0
-0.239931 0.002923 0.471098
0 1 0
255 255 255 255
0.127666 0.530365
0 0 0 0
1 0 0 0
-0.228468 0.002923 0.459633
0 1 0
255 255 255 255
0.126343 0.529055
0 0 0 0
1 0 0 0
-0.297027 0.002923 0.427321
0 1 0
255 255 255 255
0.126343 0.542302
0 0 0 0
1 0 0 0
-0.304506 0.002923 0.437293
0 1 0
255 255 255 255
0.127666 0.543284
0 0 0 0
1 0 0 0
-0.359822 0.002923 0.511049
0.2633966 0 -0.9646877
255 255 255 255
0.12634 0.550548
0 0 0 0
1 0 0 0
-0.309548 0.002923 0.540713
0.7071068 0 -0.7071068
255 255 255 255
0.12634 0.54005
0 0 0 0
1 0 0 0
-0.309548 -0.000815 0.540713
0.7071068 0 -0.7071068
255 255 255 255
0.125844 0.54005
0 0 0 0
1 0 0 0
-0.359822 -0.000815 0.511049
0.2633966 0 -0.9646877
255 255 255 255
0.125844 0.550548
0 0 0 0
1 0 0 0
-0.289854 -0.018928 0.598467
-0.9582627 0 0.2858889
255 255 255 255
0.130562 0.55153
0 0 0 0
1 0 0 0
-0.289867 -0.018928 0.830819
-1 0 -0.0001
255 255 255 255
0.130562 0.582042
0 0 0 0
1 0 0 0
-0.289867 0.002923 0.830819
-1 0 -0.0001
255 255 255 255
0.127663 0.582042
0 0 0 0
1 0 0 0
-0.289854 0.002923 0.598467
-0.9582627 0 0.2858889
255 255 255 255
0.127663 0.55153
0 0 0 0
1 0 0 0
-0.279895 0.002923 0.830819
0 1 0
255 255 255 255
0.12634 0.582042
0 0 0 0
1 0 0 0
-0.279882 0.002923 0.590989
0 1 0
255 255 255 255
0.12634 0.550548
0 0 0 0
1 0 0 0
-0.289854 0.002923 0.598467
0 1 0
255 255 255 255
0.127663 0.55153
0 0 0 0
1 0 0 0
-0.289867 0.002923 0.830819
0 1 0
255 255 255 255
0.127663 0.582042
0 0 0 0
1 0 0 0
-0.206136 -0.000815 0.830819
0 1 0
255 255 255 255
0.189277 0.50172
0 0 0 0
1 0 0 0
-0.206127 -0.000815 0.535672
0 1 0
255 255 255 255
0.189279 0.563858
0 0 0 0
1 0 0 0
-0.279882 -0.000815 0.590989
0 1 0
255 255 255 255
0.173725 0.552194
0 0 0 0
1 0 0 0
-0.279895 -0.000815 0.830819
0 1 0
255 255 255 255
0.173723 0.50172
0 0 0 0
1 0 0 0
-0.206127 -0.000815 0.535672
-0.9710706 0 0.2387928
255 255 255 255
0.128162 0.543284
0 0 0 0
1 0 0 0
-0.206136 -0.000815 0.830819
-1 0 0
255 255 255 255
0.128162 0.582042
0 0 0 0
1 0 0 0
-0.206136 0.002923 0.830819
-1 0 0
255 255 255 255
0.127666 0.582042
0 0 0 0
1 0 0 0
-0.206127 0.002923 0.535672
-0.9710706 0 0.2387928
255 255 255 255
0.127666 0.543284
0 0 0 0
1 0 0 0
-0.196163 -0.000815 0.830819
0 1 0
255 255 255 255
0.49985 0.873263
0 0 0 0
1 0 0 0
0.01992 -0.000815 0.830819
0 1 0
255 255 255 255
0.437214 0.873263
0 0 0 0
1 0 0 0
-0.196155 -0.000815 0.528193
0 1 0
255 255 255 255
0.49985 0.823444
0 0 0 0
1 0 0 0
-0.228468 -0.000815 0.459633
0.9045851 0 -0.426293
255 255 255 255
0.125847 0.529055
0 0 0 0
1 0 0 0
-0.228468 0.002923 0.459633
0.9045851 0 -0.426293
255 255 255 255
0.126343 0.529055
0 0 0 0
1 0 0 0
-0.196155 0.002923 0.528193
0.9045851 0 -0.426293
255 255 255 255
0.126343 0.542302
0 0 0 0
1 0 0 0
-0.196155 -0.000815 0.528193
0.9045851 0 -0.426293
255 255 255 255
0.125847 0.542302
0 0 0 0
1 0 0 0
-0.196155 0.002923 0.528193
0 1 0
255 255 255 255
0.126343 0.542302
0 0 0 0
1 0 0 0
-0.206127 0.002923 0.535672
0 1 0
255 255 255 255
0.127666 0.543284
0 0 0 0
1 0 0 0
-0.279882 0.002923 0.590989
0.9646877 0 -0.2633966
255 255 255 255
0.12634 0.550548
0 0 0 0
1 0 0 0
-0.279882 -0.000815 0.590989
0.9646877 0 -0.2633966
255 255 255 255
0.125844 0.550548
0 0 0 0
1 0 0 0
-0.599652 0.002923 0.42733
0 0 -1
255 255 255 255
0.126343 0.582042
0 0 0 0
1 0 0 0
-0.297027 0.002923 0.427321
0 0 -1
255 255 255 255
0.126343 0.542302
0 0 0 0
1 0 0 0
-0.297027 -0.000815 0.427321
0 0 -1
255 255 255 255
0.125847 0.542302
0 0 0 0
1 0 0 0
-0.599652 -0.000815 0.42733
0 0 -1
255 255 255 255
0.125847 0.582042
0 0 0 0
1 0 0 0
-0.599652 0.002923 0.42733
0 1 0
255 255 255 255
0.126343 0.582042
0 0 0 0
1 0 0 0
-0.599652 0.002923 0.437301
0 1 0
255 255 255 255
0.127666 0.582042
0 0 0 0
1 0 0 0
-0.599652 0.002923 0.511061
-0.0001 0 -1
255 255 255 255
0.12634 0.582042
0 0 0 0
1 0 0 0
-0.599652 -0.000815 0.511061
-0.0001 0 -1
255 255 255 255
0.125844 0.582042
0 0 0 0
1 0 0 0
-0.196163 -0.000815 0.830819
1 0 0
255 255 255 255
0.125847 0.582042
0 0 0 0
1 0 0 0
-0.196155 -0.000815 0.528193
1 0 0
255 255 255 255
0.125847 0.542302
0 0 0 0
1 0 0 0
-0.196155 0.002923 0.528193
1 0 0
255 255 255 255
0.126343 0.542302
0 0 0 0
1 0 0 0
-0.196163 0.002923 0.830819
1 0 0
255 255 255 255
0.126343 0.582042
0 0 0 0
1 0 0 0
-0.196163 0.002923 0.830819
0 1 0
255 255 255 255
0.126343 0.582042
0 0 0 0
1 0 0 0
-0.206136 0.002923 0.830819
0 1 0
255 255 255 255
0.127666 0.582042
0 0 0 0
1 0 0 0
-0.279895 -0.000815 0.830819
1 0 0.0001
255 255 255 255
0.125844 0.582042
0 0 0 0
1 0 0 0
-0.279895 0.002923 0.830819
1 0 0.0001
255 255 255 255
0.12634 0.582042
0 0 0 0
1 0 0 0
-0.320506 0.002923 0.551673
-0.7071068 0 0.7071068
255 255 255 255
0.127663 0.541359
0 0 0 0
1 0 0 0
-0.320506 -0.018928 0.551673
-0.7071068 0 0.7071068
255 255 255 255
0.130562 0.541359
0 0 0 0
1 0 0 0
-0.320506 0.002923 0.551673
0 1 0
255 255 255 255
0.127663 0.541359
0 0 0 0
1 0 0 0
-0.309548 0.002923 0.540713
0 1 0
255 255 255 255
0.12634 0.54005
0 0 0 0
1 0 0 0
-0.309548 -0.000815 0.540713
0 1 0
255 255 255 255
0.190313 0.564093
0 0 0 0
1 0 0 0
-0.239931 -0.000815 0.471098
0 1 0
255 255 255 255
0.174065 0.577017
0 0 0 0
1 0 0 0
-0.239931 0.002923 0.471098
-0.7071068 0 0.7071068
255 255 255 255
0.127666 0.530365
0 0 0 0
1 0 0 0
-0.239931 -0.000815 0.471098
-0.7071068 0 0.7071068
255 255 255 255
0.128162 0.530365
0 0 0 0
1 0 0 0
-0.309548 -0.000815 0.540713
0 1 0
255 255 255 255
0.16747 0.562796
0 0 0 0
1 0 0 0
-0.239931 -0.000815 0.471098
0 1 0
255 255 255 255
0.18215 0.577476
0 0 0 0
1 0 0 0
-0.228468 -0.000815 0.459633
0 1 0
255 255 255 255
0.49985 0.806837
0 0 0 0
1 0 0 0
0.236003 -0.000815 0.211246
0 1 0
255 255 255 255
0.49977 0.874554
0 0 0 0
1 0 0 0
0.01992 -0.000815 0.211246
0 1 0
255 255 255 255
0.436648 0.874554
0 0 0 0
1 0 0 0
0.01992 -0.000815 0.830819
0 1 0
255 255 255 255
0.436648 0.770266
0 0 0 0
1 0 0 0
0.236003 -0.000815 0.830819
0 1 0
255 255 255 255
0.49977 0.770266
0 0 0 0
1 0 0 0
-0.599652 -0.000815 -0.220919
0 1 0
255 255 255 255
0.437144 0.771269
0 0 0 0
1 0 0 0
-0.599652 -0.000815 -0.004835
0 1 0
255 255 255 255
0.375207 0.771269
0 0 0 0
1 0 0 0
-0.19614 -0.000815 -0.004835
0 1 0
255 255 255 255
0.375207 0.837688
0 0 0 0
1 0 0 0
0.01992 -0.000815 -0.220919
0 1 0
255 255 255 255
0.437144 0.873263
0 0 0 0
1 0 0 0
0.01992 -0.000815 -0.004835
0 1 0
255 255 255 255
0.437144 0.837692
0 0 0 0
1 0 0 0
-0.599652 -0.000815 0.211246
0 1 0
255 255 255 255
0.437144 0.771269
0 0 0 0
1 0 0 0
0.01992 -0.000815 0.211246
0 1 0
255 255 255 255
0.437144 0.873263
0 0 0 0
1 0 0 0
0.236003 -0.000815 -0.220919
0 1 0
255 255 255 255
0.999511 0.249524
0 0 0 0
1 0 0 0
0.452087 -0.000815 -0.220919
0 1 0
255 255 255 255
0.936679 0.249524
0 0 0 0
1 0 0 0
0.452086 -0.000814 -0.840492
0 1 0
255 255 255 255
0.936679 0.125345
0 0 0 0
1 0 0 0
0.236003 -0.000814 -0.840492
0 1 0
255 255 255 255
0.999511 0.125345
0 0 0 0
1 0 0 0
0.452087 -0.000815 -0.004836
0 1 0
255 255 255 255
0.936679 0.206215
0 0 0 0
1 0 0 0
0.236003 -0.000815 -0.004836
0 1 0
255 255 255 255
0.999511 0.206215
0 0 0 0
1 0 0 0
0.452086 -0.000815 0.830819
0 1 0
255 255 255 255
0.437214 0.873263
0 0 0 0
1 0 0 0
0.452087 -0.000815 0.211246
0 0.9486933 0.3161978
255 255 255 255
0.437214 0.771269
0 0 0 0
1 0 0 0
0.452086 -0.000815 0.211246
0 0.9486933 0.3161978
255 255 255 255
0.437214 0.771269
0 0 0 0
1 0 0 0
0.236003 -0.000815 0.211246
0 1 0
255 255 255 255
0.999511 0.249524
0 0 0 0
1 0 0 0
0.236003 -0.000815 0.830819
0 1 0
255 255 255 255
0.999511 0.125345
0 0 0 0
1 0 0 0
0.452086 -0.000815 0.830819
0 1 0
255 255 255 255
0.936679 0.125345
0 0 0 0
1 0 0 0
0.452086 -0.000815 0.211246
0 0.9486933 0.3161978
255 255 255 255
0.936679 0.249524
0 0 0 0
1 0 0 0
0.452087 -0.000815 -0.004836
0 1 0
255 255 255 255
0.437214 0.806841
0 0 0 0
1 0 0 0
0.66817 -0.000814 -0.840492
-1 0 0
255 255 255 255
0.12588 0.500684
0 0 0 0
1 0 0 0
0.66817 -0.000815 -0.220919
-1 0 0
255 255 255 255
0.12588 0.582042
0 0 0 0
1 0 0 0
0.66817 0.002923 -0.220919
-1 0 0
255 255 255 255
0.126376 0.582042
0 0 0 0
1 0 0 0
0.66817 0.002924 -0.840492
-1 0 0
255 255 255 255
0.126376 0.500684
0 0 0 0
1 0 0 0
0.761874 -0.018928 -0.220919
1 0 0
255 255 255 255
0.130541 0.582042
0 0 0 0
1 0 0 0
0.761874 -0.018927 -0.840492
1 0 0
255 255 255 255
0.130541 0.500684
0 0 0 0
1 0 0 0
0.761874 0.002924 -0.840492
1 0 0
255 255 255 255
0.127642 0.500684
0 0 0 0
1 0 0 0
0.761874 0.002923 -0.220919
1 0 0
255 255 255 255
0.127642 0.582042
0 0 0 0
1 0 0 0
0.761874 0.002923 -0.220919
0 1 0
255 255 255 255
0.127642 0.582042
0 0 0 0
1 0 0 0
0.761874 0.002924 -0.840492
0 1 0
255 255 255 255
0.127642 0.500684
0 0 0 0
1 0 0 0
0.751901 0.002924 -0.840492
0 1 0
255 255 255 255
0.126319 0.500684
0 0 0 0
1 0 0 0
0.751901 0.002923 -0.220919
0 1 0
255 255 255 255
0.126319 0.582042
0 0 0 0
1 0 0 0
0.66817 0.002924 -0.840492
0 1 0
255 255 255 255
0.126376 0.500684
0 0 0 0
1 0 0 0
0.66817 0.002923 -0.220919
0 1 0
255 255 255 255
0.126376 0.582042
0 0 0 0
1 0 0 0
0.678142 0.002923 -0.220919
0 1 0
255 255 255 255
0.127699 0.582042
0 0 0 0
1 0 0 0
0.678142 0.002924 -0.840492
0 1 0
255 255 255 255
0.127699 0.500684
0 0 0 0
1 0 0 0
0.751901 -0.000815 -0.220919
0 1 0
255 255 255 255
0.144215 0.500504
0 0 0 0
1 0 0 0
0.751901 -0.000814 -0.840492
0 1 0
255 255 255 255
0.144215 0.624132
0 0 0 0
1 0 0 0
0.678142 -0.000814 -0.840492
0 1 0
255 255 255 255
0.158933 0.624132
0 0 0 0
1 0 0 0
0.678142 -0.000815 -0.220919
0 1 0
255 255 255 255
0.158933 0.500504
0 0 0 0
1 0 0 0
0.678142 -0.000814 -0.840492
1 0 0
255 255 255 255
0.128194 0.500684
0 0 0 0
1 0 0 0
0.678142 0.002924 -0.840492
1 0 0
255 255 255 255
0.127699 0.500684
0 0 0 0
1 0 0 0
0.678142 0.002923 -0.220919
1 0 0
255 255 255 255
0.127699 0.582042
0 0 0 0
1 0 0 0
0.678142 -0.000815 -0.220919
1 0 0
255 255 255 255
0.128194 0.582042
0 0 0 0
1 0 0 0
0.751901 -0.000815 -0.220919
-1 0 0
255 255 255 255
0.125824 0.582042
0 0 0 0
1 0 0 0
0.751901 0.002923 -0.220919
-1 0 0
255 255 255 255
0.126319 0.582042
0 0 0 0
1 0 0 0
0.751901 0.002924 -0.840492
-1 0 0
255 255 255 255
0.126319 0.500684
0 0 0 0
1 0 0 0
0.751901 -0.000814 -0.840492
-1 0 0
255 255 255 255
0.125824 0.500684
0 0 0 0
1 0 0 0
0.66817 -0.000815 -0.220919
0 1 0
255 255 255 255
0.999511 0.249524
0 0 0 0
1 0 0 0
0.66817 -0.000814 -0.840492
0 1 0
255 255 255 255
0.999511 0.125345
0 0 0 0
1 0 0 0
0.761874 0.002923 -0.004836
1 0 0
255 255 255 255
0.127642 0.553668
0 0 0 0
1 0 0 0
0.761874 -0.018928 -0.004836
1 0 0
255 255 255 255
0.130541 0.553668
0 0 0 0
1 0 0 0
0.751901 0.002923 -0.004836
0 1 0
255 255 255 255
0.126319 0.553668
0 0 0 0
1 0 0 0
0.761874 0.002923 -0.004836
0 1 0
255 255 255 255
0.127642 0.553668
0 0 0 0
1 0 0 0
0.678142 -0.000815 -0.004836
0 1 0
255 255 255 255
0.158933 0.543621
0 0 0 0
1 0 0 0
0.751901 -0.000815 -0.004836
0 1 0
255 255 255 255
0.144215 0.543621
0 0 0 0
1 0 0 0
0.678142 -0.000815 -0.004836
1 0 0
255 255 255 255
0.128194 0.553667
0 0 0 0
1 0 0 0
0.678142 0.002923 -0.004836
1 0 0
255 255 255 255
0.127699 0.553667
0 0 0 0
1 0 0 0
0.66817 -0.000815 -0.004836
0 1 0
255 255 255 255
0.999511 0.206215
0 0 0 0
1 0 0 0
0.66817 -0.000815 -0.004836
-1 0 0
255 255 255 255
0.12588 0.553667
0 0 0 0
1 0 0 0
0.66817 0.002923 -0.004836
-1 0 0
255 255 255 255
0.126376 0.553667
0 0 0 0
1 0 0 0
0.66817 0.002923 -0.004836
0 1 0
255 255 255 255
0.126376 0.553667
0 0 0 0
1 0 0 0
0.678142 0.002923 -0.004836
0 1 0
255 255 255 255
0.127699 0.553667
0 0 0 0
1 0 0 0
0.751901 -0.000815 -0.004836
-1 0 0
255 255 255 255
0.125824 0.553668
0 0 0 0
1 0 0 0
0.751901 0.002923 -0.004836
-1 0 0
255 255 255 255
0.126319 0.553668
0 0 0 0
1 0 0 0
0.452087 -0.000815 0.211246
0 0.7071068 0.7071068
255 255 255 255
0.437214 0.771269
0 0 0 0
1 0 0 0
0.66817 -0.000815 0.830819
-1 0 0
255 255 255 255
0.12588 0.500684
0 0 0 0
1 0 0 0
0.66817 0.002923 0.830819
-1 0 0
255 255 255 255
0.126376 0.500684
0 0 0 0
1 0 0 0
0.66817 0.002923 0.211246
-1 0 0
255 255 255 255
0.126376 0.582042
0 0 0 0
1 0 0 0
0.66817 -0.000815 0.211246
-1 0 0
255 255 255 255
0.12588 0.582042
0 0 0 0
1 0 0 0
0.761874 0.002923 0.211246
1 0 0
255 255 255 255
0.127642 0.582042
0 0 0 0
1 0 0 0
0.761874 -0.018928 0.211246
1 0 0
255 255 255 255
0.130541 0.582042
0 0 0 0
1 0 0 0
0.761874 0.002923 0.830819
1 0 0
255 255 255 255
0.127642 0.500684
0 0 0 0
1 0 0 0
0.761874 -0.018928 0.830819
1 0 0
255 255 255 255
0.130541 0.500684
0 0 0 0
1 0 0 0
0.761874 0.002923 0.211246
0 1 0
255 255 255 255
0.127642 0.582042
0 0 0 0
1 0 0 0
0.751901 0.002923 0.211246
0 1 0
255 255 255 255
0.126319 0.582042
0 0 0 0
1 0 0 0
0.751901 0.002923 0.830819
0 1 0
255 255 255 255
0.126319 0.500684
0 0 0 0
1 0 0 0
0.761874 0.002923 0.830819
0 1 0
255 255 255 255
0.127642 0.500684
0 0 0 0
1 0 0 0
0.678142 0.002923 0.211246
0 1 0
255 255 255 255
0.127699 0.582042
0 0 0 0
1 0 0 0
0.66817 0.002923 0.830819
0 1 0
255 255 255 255
0.126376 0.500684
0 0 0 0
1 0 0 0
0.678142 0.002923 0.830819
0 1 0
255 255 255 255
0.127699 0.500684
0 0 0 0
1 0 0 0
0.66817 0.002923 0.211246
0 1 0
255 255 255 255
0.126376 0.582042
0 0 0 0
1 0 0 0
0.751901 -0.000815 0.211246
0 1 0
255 255 255 255
0.144215 0.500504
0 0 0 0
1 0 0 0
0.678142 -0.000815 0.211246
0 1 0
255 255 255 255
0.158933 0.500504
0 0 0 0
1 0 0 0
0.678142 -0.000815 0.830819
0 1 0
255 255 255 255
0.158933 0.624132
0 0 0 0
1 0 0 0
0.751901 -0.000815 0.830819
0 1 0
255 255 255 255
0.144215 0.624132
0 0 0 0
1 0 0 0
0.678142 0.002923 0.211246
1 0 0
255 255 255 255
0.127699 0.582042
0 0 0 0
1 0 0 0
0.678142 -0.000815 0.211246
1 0 0
255 255 255 255
0.128194 0.582042
0 0 0 0
1 0 0 0
0.678142 -0.000815 0.830819
1 0 0
255 255 255 255
0.128194 0.500684
0 0 0 0
1 0 0 0
0.678142 0.002923 0.830819
1 0 0
255 255 255 255
0.127699 0.500684
0 0 0 0
1 0 0 0
0.751901 -0.000815 0.211246
-1 0 0
255 255 255 255
0.125824 0.582042
0 0 0 0
1 0 0 0
0.751901 -0.000815 0.830819
-1 0 0
255 255 255 255
0.125824 0.500684
0 0 0 0
1 0 0 0
0.751901 0.002923 0.830819
-1 0 0
255 255 255 255
0.126319 0.500684
0 0 0 0
1 0 0 0
0.751901 0.002923 0.211246
-1 0 0
255 255 255 255
0.126319 0.582042
0 0 0 0
1 0 0 0
0.66817 -0.000815 0.211246
0 1 0
255 255 255 255
0.999511 0.249524
0 0 0 0
1 0 0 0
0.452087 -0.000815 0.211246
0 0.7071068 0.7071068
255 255 255 255
0.936679 0.249524
0 0 0 0
1 0 0 0
0.66817 -0.000815 0.830819
0 1 0
255 255 255 255
0.999511 0.125345
0 0 0 0
1 0 0 0
214 # faces
0 2 1
2 0 3
4 6 5
6 4 7
8 10 9
10 8 11
12 14 13
14 12 15
16 18 17
18 16 19
20 22 21
22 20 23
24 26 25
26 24 27
28 30 29
30 28 31
32 34 33
34 32 35
36 38 37
38 36 39
40 42 41
42 40 43
44 46 45
46 44 47
48 16 49
16 48 50
51 53 52
53 51 54
24 55 27
55 24 56
57 30 31
30 57 58
59 61 60
61 59 62
25 64 63
64 25 26
29 65 28
65 29 66
67 69 68
69 67 70
56 71 55
71 56 72
57 73 58
73 57 74
3 75 2
76 33 75
33 76 32
75 3 76
77 39 78
39 77 38
77 5 6
5 77 78
9 80 79
80 9 10
14 81 13
81 14 82
45 82 44
82 45 81
43 83 42
83 43 84
49 16 85
16 17 85
86 88 87
88 86 89
86 90 89
90 86 91
92 94 93
94 92 95
96 98 97
98 96 99
100 102 101
102 100 103
104 106 105
106 104 107
108 110 109
110 108 111
112 114 113
114 112 115
116 118 117
118 116 119
120 122 121
122 120 123
124 126 125
126 124 127
128 130 129
130 128 131
132 134 133
134 132 135
136 138 137
138 136 139
140 108 141
108 140 142
143 145 144
145 143 146
147 116 117
116 147 148
122 149 121
149 122 150
151 153 152
153 151 154
119 155 118
155 119 156
157 123 120
123 157 158
159 161 160
161 159 162
163 148 147
148 163 164
165 149 150
149 165 166
167 93 94
127 168 167
168 127 124
93 167 168
169 129 130
99 169 98
169 99 170
129 169 170
103 171 102
171 103 172
173 106 107
106 173 174
139 174 173
174 139 136
175 133 134
133 175 176
142 177 108
108 177 111
178 90 91
90 178 179
178 180 179
180 178 181
182 184 183
184 182 185
186 184 185
184 187 183
187 184 188
186 188 184
189 191 190
191 189 192
193 189 190
189 193 194
195 197 196
193 198 194
198 200 199
200 198 201
198 193 201
197 202 196
203 205 204
205 203 206
207 209 208
209 207 210
211 213 212
213 211 214
215 217 216
217 215 218
219 221 220
221 219 222
223 225 224
225 223 226
227 229 228
229 227 230
231 193 190
191 231 190
231 191 232
210 234 233
234 210 207
211 235 214
235 211 236
219 237 222
237 219 238
239 225 226
225 239 240
193 231 241
205 242 204
242 205 243
217 244 216
244 217 245
228 246 227
246 228 247
248 195 196
202 248 196
249 251 250
251 242 243
251 249 252
242 251 252
234 253 233
253 234 254
254 255 253
255 254 256
257 235 236
235 257 258
257 259 258
259 257 260
261 244 245
262 261 263
244 261 264
261 262 264
265 237 238
237 265 266
265 267 266
267 265 268
269 239 270
239 269 240
271 269 270
269 271 272
273 275 274
276 246 247
246 276 273
275 273 276
277 193 241
277 200 278
193 277 278
200 277 279
