1 # bones
root
-1
0 0 0
1 # meshes
10_Road-Cross-Double-B-B_0_0_0_root_root
1 # uv layers
1 # textures
atlas.jpg
0 # uv layer index
354 # vertices
-0.624107 -0.019017 -0.532056
0.0001 0 -1
255 255 255 255
0.130562 0.582042
0 0 0 0
1 0 0 0
-0.624107 0.002834 -0.532056
0.0001 0 -1
255 255 255 255
0.127663 0.582042
0 0 0 0
1 0 0 0
-0.391756 0.002834 -0.532044
-0.2858889 0 -0.9582627
255 255 255 255
0.127663 0.55153
0 0 0 0
1 0 0 0
-0.391756 -0.019017 -0.532044
-0.2858889 0 -0.9582627
255 255 255 255
0.130562 0.55153
0 0 0 0
1 0 0 0
-0.624107 0.002834 -0.522084
0 1 0
255 255 255 255
0.12634 0.582042
0 0 0 0
1 0 0 0
-0.384276 0.002834 -0.522072
0 1 0
255 255 255 255
0.12634 0.550548
0 0 0 0
1 0 0 0
-0.391756 0.002834 -0.532044
0 1 0
255 255 255 255
0.127663 0.55153
0 0 0 0
1 0 0 0
-0.624107 0.002834 -0.532056
0 1 0
255 255 255 255
0.127663 0.582042
0 0 0 0
1 0 0 0
-0.624107 -0.000904 -0.448325
0 1 0
255 255 255 255
0.175576 0.50172
0 0 0 0
1 0 0 0
-0.32896 -0.000904 -0.448316
0 1 0
255 255 255 255
0.168523 0.56268
0 0 0 0
1 0 0 0
-0.384276 -0.000904 -0.522072
0 1 0
255 255 255 255
0.185298 0.552852
0 0 0 0
1 0 0 0
-0.624107 -0.000904 -0.522084
0 1 0
255 255 255 255
0.19103 0.50172
0 0 0 0
1 0 0 0
-0.624107 0.002834 -0.448325
0 0 -1
255 255 255 255
0.127666 0.582042
0 0 0 0
1 0 0 0
-0.32896 0.002834 -0.448317
-0.2387927 -0.0002999909 -0.9710705
255 255 255 255
0.127666 0.543284
0 0 0 0
1 0 0 0
-0.32896 -0.000904 -0.448316
-0.2387928 -0.0001999939 -0.9710706
255 255 255 255
0.128162 0.543284
0 0 0 0
1 0 0 0
-0.624107 -0.000904 -0.448325
0 0 -1
255 255 255 255
0.128162 0.582042
0 0 0 0
1 0 0 0
-0.004535 -0.000904 -0.22227
0 1 0
255 255 255 255
0.437214 0.771269
0 0 0 0
1 0 0 0
-0.321482 -0.000904 -0.438344
0 1 0
255 255 255 255
0.49985 0.823444
0 0 0 0
1 0 0 0
-0.624107 -0.000904 -0.438353
0 1 0
255 255 255 255
0.49985 0.873263
0 0 0 0
1 0 0 0
-0.624107 -0.000904 -0.22227
0 1 0
255 255 255 255
0.437214 0.873263
0 0 0 0
1 0 0 0
-0.321482 0.002834 -0.438344
0.426293 0 0.9045851
255 255 255 255
0.126343 0.542302
0 0 0 0
1 0 0 0
-0.321482 -0.000904 -0.438344
0.426293 0 0.9045851
255 255 255 255
0.125847 0.542302
0 0 0 0
1 0 0 0
-0.252922 -0.000904 -0.470658
0.426293 0 0.9045851
255 255 255 255
0.125847 0.529055
0 0 0 0
1 0 0 0
-0.252922 0.002834 -0.470658
0.426293 0 0.9045851
255 255 255 255
0.126343 0.529055
0 0 0 0
1 0 0 0
-0.264386 0.002834 -0.482121
0 1 0
255 255 255 255
0.127666 0.530365
0 0 0 0
1 0 0 0
-0.32896 0.002834 -0.448317
0 1 0
255 255 255 255
0.127666 0.543284
0 0 0 0
1 0 0 0
-0.321482 0.002834 -0.438344
0 1 0
255 255 255 255
0.126343 0.542302
0 0 0 0
1 0 0 0
-0.252922 0.002834 -0.470658
0 1 0
255 255 255 255
0.126343 0.529055
0 0 0 0
1 0 0 0
-0.384276 0.002834 -0.522072
0.2633966 0 0.9646877
255 255 255 255
0.12634 0.550548
0 0 0 0
1 0 0 0
-0.384276 -0.000904 -0.522072
0.2633966 0 0.9646877
255 255 255 255
0.125844 0.550548
0 0 0 0
1 0 0 0
-0.334002 -0.000904 -0.551737
0.7071068 0 0.7071068
255 255 255 255
0.125844 0.54005
0 0 0 0
1 0 0 0
-0.334002 0.002834 -0.551737
0.7071068 0 0.7071068
255 255 255 255
0.12634 0.54005
0 0 0 0
1 0 0 0
0.382711 -0.019017 -0.532069
0.2860999 0 -0.9581997
255 255 255 255
0.125825 0.551536
0 0 0 0
1 0 0 0
0.382711 0.002834 -0.532069
0.2860999 0 -0.9581997
255 255 255 255
0.128724 0.551536
0 0 0 0
1 0 0 0
0.615037 0.002834 -0.532056
0.0001 0 -1
255 255 255 255
0.128724 0.582042
0 0 0 0
1 0 0 0
0.615037 -0.019017 -0.532056
0.0001 0 -1
255 255 255 255
0.125825 0.582042
0 0 0 0
1 0 0 0
0.615037 0.002834 -0.522084
0 1 0
255 255 255 255
0.130047 0.582042
0 0 0 0
1 0 0 0
0.615037 0.002834 -0.532056
0 1 0
255 255 255 255
0.128724 0.582042
0 0 0 0
1 0 0 0
0.382711 0.002834 -0.532069
0 1 0
255 255 255 255
0.128724 0.551536
0 0 0 0
1 0 0 0
0.375231 0.002834 -0.522096
0 1 0
255 255 255 255
0.130047 0.550554
0 0 0 0
1 0 0 0
0.615037 -0.000904 -0.448325
0 1 0
255 255 255 255
0.168286 0.50172
0 0 0 0
1 0 0 0
0.615037 -0.000904 -0.522084
0 1 0
255 255 255 255
0.152832 0.50172
0 0 0 0
1 0 0 0
0.375231 -0.000904 -0.522096
0 1 0
255 255 255 255
0.158562 0.552844
0 0 0 0
1 0 0 0
0.319909 -0.000904 -0.448334
0 1 0
255 255 255 255
0.175338 0.562672
0 0 0 0
1 0 0 0
0.319909 -0.000904 -0.448334
0.2389102 0 -0.9710416
255 255 255 255
0.12588 0.543289
0 0 0 0
1 0 0 0
0.319909 0.002834 -0.448334
0.2389102 0 -0.9710416
255 255 255 255
0.126376 0.543289
0 0 0 0
1 0 0 0
0.615037 0.002834 -0.448325
0 0 -1
255 255 255 255
0.126376 0.582042
0 0 0 0
1 0 0 0
0.615037 -0.000904 -0.448325
0 0 -1
255 255 255 255
0.12588 0.582042
0 0 0 0
1 0 0 0
0.615037 -0.000904 -0.438353
0 1 0
255 255 255 255
0.375207 0.771269
0 0 0 0
1 0 0 0
0.312429 -0.000904 -0.438361
0 1 0
255 255 255 255
0.375207 0.821083
0 0 0 0
1 0 0 0
-0.004535 -0.000904 -0.22227
0 1 0
255 255 255 255
0.437144 0.873263
0 0 0 0
1 0 0 0
0.615037 -0.000904 -0.22227
0 1 0
255 255 255 255
0.437144 0.771269
0 0 0 0
1 0 0 0
0.243877 -0.000904 -0.470684
-0.4264952 0 0.9044899
255 255 255 255
0.128194 0.529061
0 0 0 0
1 0 0 0
0.312429 -0.000904 -0.438361
-0.4264952 0 0.9044899
255 255 255 255
0.128194 0.542306
0 0 0 0
1 0 0 0
0.312429 0.002834 -0.438361
-0.4264952 0 0.9044899
255 255 255 255
0.127699 0.542306
0 0 0 0
1 0 0 0
0.243877 0.002834 -0.470684
-0.4264952 0 0.9044899
255 255 255 255
0.127699 0.529061
0 0 0 0
1 0 0 0
0.255342 0.002834 -0.482149
0 1 0
255 255 255 255
0.126376 0.530371
0 0 0 0
1 0 0 0
0.243877 0.002834 -0.470684
0 1 0
255 255 255 255
0.127699 0.529061
0 0 0 0
1 0 0 0
0.312429 0.002834 -0.438361
0 1 0
255 255 255 255
0.127699 0.542306
0 0 0 0
1 0 0 0
0.319909 0.002834 -0.448334
0 1 0
255 255 255 255
0.126376 0.543289
0 0 0 0
1 0 0 0
0.324966 -0.000904 -0.551772
-0.7071068 0 0.7071068
255 255 255 255
0.130543 0.540058
0 0 0 0
1 0 0 0
0.375231 -0.000904 -0.522096
-0.2635151 0 0.9646553
255 255 255 255
0.130543 0.550554
0 0 0 0
1 0 0 0
0.375231 0.002834 -0.522096
-0.2635151 0 0.9646553
255 255 255 255
0.130047 0.550554
0 0 0 0
1 0 0 0
0.324966 0.002834 -0.551772
-0.7071068 0 0.7071068
255 255 255 255
0.130047 0.540058
0 0 0 0
1 0 0 0
-0.314309 -0.019017 -0.609491
-0.9582627 0 -0.2858889
255 255 255 255
0.130562 0.55153
0 0 0 0
1 0 0 0
-0.314309 0.002834 -0.609491
-0.9582627 0 -0.2858889
255 255 255 255
0.127663 0.55153
0 0 0 0
1 0 0 0
-0.314322 0.002834 -0.841842
-1 0 0.0001
255 255 255 255
0.127663 0.582042
0 0 0 0
1 0 0 0
-0.314322 -0.019017 -0.841842
-1 0 0.0001
255 255 255 255
0.130562 0.582042
0 0 0 0
1 0 0 0
-0.304349 0.002834 -0.841842
0 1 0
255 255 255 255
0.12634 0.582042
0 0 0 0
1 0 0 0
-0.314322 0.002834 -0.841842
0 1 0
255 255 255 255
0.127663 0.582042
0 0 0 0
1 0 0 0
-0.314309 0.002834 -0.609491
0 1 0
255 255 255 255
0.127663 0.55153
0 0 0 0
1 0 0 0
-0.304337 0.002834 -0.602012
0 1 0
255 255 255 255
0.12634 0.550548
0 0 0 0
1 0 0 0
-0.230591 -0.000904 -0.841842
0 1 0
255 255 255 255
0.189277 0.50172
0 0 0 0
1 0 0 0
-0.304349 -0.000904 -0.841842
0 1 0
255 255 255 255
0.173723 0.50172
0 0 0 0
1 0 0 0
-0.304337 -0.000904 -0.602012
0 1 0
255 255 255 255
0.173725 0.552194
0 0 0 0
1 0 0 0
-0.230581 -0.000904 -0.546695
0 1 0
255 255 255 255
0.189279 0.563858
0 0 0 0
1 0 0 0
-0.230581 -0.000904 -0.546695
-0.9710706 0 -0.2387928
255 255 255 255
0.128162 0.543284
0 0 0 0
1 0 0 0
-0.230581 0.002834 -0.546695
-0.9710706 0 -0.2387928
255 255 255 255
0.127666 0.543284
0 0 0 0
1 0 0 0
-0.230591 0.002834 -0.841842
-1 0 0
255 255 255 255
0.127666 0.582042
0 0 0 0
1 0 0 0
-0.230591 -0.000904 -0.841842
-1 0 0
255 255 255 255
0.128162 0.582042
0 0 0 0
1 0 0 0
-0.220618 -0.000904 -0.841842
0 1 0
255 255 255 255
0.49985 0.873263
0 0 0 0
1 0 0 0
-0.220609 -0.000904 -0.539216
0 1 0
255 255 255 255
0.49985 0.823444
0 0 0 0
1 0 0 0
-0.004535 -0.000904 -0.841842
0 1 0
255 255 255 255
0.437214 0.873263
0 0 0 0
1 0 0 0
0.305252 -0.019017 -0.841842
1 0 -0.0001
255 255 255 255
0.125825 0.582042
0 0 0 0
1 0 0 0
0.305252 0.002834 -0.841842
1 0 -0.0001
255 255 255 255
0.128724 0.582042
0 0 0 0
1 0 0 0
0.305264 0.002834 -0.609515
0.9581997 0 -0.2860999
255 255 255 255
0.128724 0.551536
0 0 0 0
1 0 0 0
0.305264 -0.019017 -0.609515
0.9581997 0 -0.2860999
255 255 255 255
0.125825 0.551536
0 0 0 0
1 0 0 0
0.295279 0.002834 -0.841842
0 1 0
255 255 255 255
0.130047 0.582042
0 0 0 0
1 0 0 0
0.295291 0.002834 -0.602035
0 1 0
255 255 255 255
0.130047 0.550554
0 0 0 0
1 0 0 0
0.305264 0.002834 -0.609515
0 1 0
255 255 255 255
0.128724 0.551536
0 0 0 0
1 0 0 0
0.305252 0.002834 -0.841842
0 1 0
255 255 255 255
0.128724 0.582042
0 0 0 0
1 0 0 0
0.221521 -0.000904 -0.841842
0 1 0
255 255 255 255
0.154581 0.50172
0 0 0 0
1 0 0 0
0.22153 -0.000904 -0.546714
0 1 0
255 255 255 255
0.154582 0.563851
0 0 0 0
1 0 0 0
0.295291 -0.000904 -0.602035
0 1 0
255 255 255 255
0.170137 0.552185
0 0 0 0
1 0 0 0
0.295279 -0.000904 -0.841842
0 1 0
255 255 255 255
0.170135 0.50172
0 0 0 0
1 0 0 0
0.221521 0.002834 -0.841842
1 0 0
255 255 255 255
0.126376 0.582042
0 0 0 0
1 0 0 0
0.22153 0.002834 -0.546714
0.9710416 0 -0.2389102
255 255 255 255
0.126376 0.543289
0 0 0 0
1 0 0 0
0.22153 -0.000904 -0.546714
0.9710416 0 -0.2389102
255 255 255 255
0.12588 0.543289
0 0 0 0
1 0 0 0
0.221521 -0.000904 -0.841842
1 0 0
255 255 255 255
0.12588 0.582042
0 0 0 0
1 0 0 0
0.211557 -0.000904 -0.539234
0 1 0
255 255 255 255
0.375207 0.821083
0 0 0 0
1 0 0 0
0.211548 -0.000904 -0.841842
0 1 0
255 255 255 255
0.375207 0.771269
0 0 0 0
1 0 0 0
-0.004535 -0.000904 -0.841842
0 1 0
255 255 255 255
0.437144 0.771269
0 0 0 0
1 0 0 0
0.211557 0.002834 -0.539234
-0.9044899 0 0.4264952
255 255 255 255
0.127699 0.542306
0 0 0 0
1 0 0 0
0.211557 -0.000904 -0.539234
-0.9044899 0 0.4264952
255 255 255 255
0.128194 0.542306
0 0 0 0
1 0 0 0
0.243877 -0.000904 -0.470684
-0.9044899 0 0.4264952
255 255 255 255
0.128194 0.529061
0 0 0 0
1 0 0 0
0.243877 0.002834 -0.470684
-0.9044899 0 0.4264952
255 255 255 255
0.127699 0.529061
0 0 0 0
1 0 0 0
0.211557 0.002834 -0.539234
0 1 0
255 255 255 255
0.127699 0.542306
0 0 0 0
1 0 0 0
0.22153 0.002834 -0.546714
0 1 0
255 255 255 255
0.126376 0.543289
0 0 0 0
1 0 0 0
0.295291 0.002834 -0.602035
-0.9646553 0 0.2635151
255 255 255 255
0.130047 0.550554
0 0 0 0
1 0 0 0
0.295291 -0.000904 -0.602035
-0.9646553 0 0.2635151
255 255 255 255
0.130543 0.550554
0 0 0 0
1 0 0 0
-0.252922 -0.000904 -0.470658
0.9045851 0 0.426293
255 255 255 255
0.125847 0.529055
0 0 0 0
1 0 0 0
-0.220609 -0.000904 -0.539216
0.9045851 0 0.426293
255 255 255 255
0.125847 0.542302
0 0 0 0
1 0 0 0
-0.220609 0.002834 -0.539216
0.9045851 0 0.426293
255 255 255 255
0.126343 0.542302
0 0 0 0
1 0 0 0
-0.252922 0.002834 -0.470658
0.9045851 0 0.426293
255 255 255 255
0.126343 0.529055
0 0 0 0
1 0 0 0
-0.220609 0.002834 -0.539216
0 1 0
255 255 255 255
0.126343 0.542302
0 0 0 0
1 0 0 0
-0.230581 0.002834 -0.546695
0 1 0
255 255 255 255
0.127666 0.543284
0 0 0 0
1 0 0 0
-0.304337 -0.000904 -0.602012
0.9646877 0 0.2633966
255 255 255 255
0.125844 0.550548
0 0 0 0
1 0 0 0
-0.304337 0.002834 -0.602012
0.9646877 0 0.2633966
255 255 255 255
0.12634 0.550548
0 0 0 0
1 0 0 0
-0.624107 0.002834 -0.438353
0 0 1
255 255 255 255
0.126343 0.582042
0 0 0 0
1 0 0 0
-0.624107 -0.000904 -0.438353
0 0 1
255 255 255 255
0.125847 0.582042
0 0 0 0
1 0 0 0
-0.321482 -0.000904 -0.438344
0 0 1
255 255 255 255
0.125847 0.542302
0 0 0 0
1 0 0 0
-0.321482 0.002834 -0.438344
0 0 1
255 255 255 255
0.126343 0.542302
0 0 0 0
1 0 0 0
-0.624107 0.002834 -0.438353
0 1 0
255 255 255 255
0.126343 0.582042
0 0 0 0
1 0 0 0
-0.624107 0.002834 -0.448325
0 1 0
255 255 255 255
0.127666 0.582042
0 0 0 0
1 0 0 0
-0.624107 0.002834 -0.522084
0 0 1
255 255 255 255
0.12634 0.582042
0 0 0 0
1 0 0 0
-0.624107 -0.000904 -0.522084
0 0 1
255 255 255 255
0.125844 0.582042
0 0 0 0
1 0 0 0
0.615037 -0.000904 -0.438353
0 0 1
255 255 255 255
0.128194 0.582042
0 0 0 0
1 0 0 0
0.615037 0.002834 -0.438353
0 0 1
255 255 255 255
0.127699 0.582042
0 0 0 0
1 0 0 0
0.312429 0.002834 -0.438361
0 0 1
255 255 255 255
0.127699 0.542306
0 0 0 0
1 0 0 0
0.312429 -0.000904 -0.438361
0 0 1
255 255 255 255
0.128194 0.542306
0 0 0 0
1 0 0 0
0.615037 0.002834 -0.438353
0 1 0
255 255 255 255
0.127699 0.582042
0 0 0 0
1 0 0 0
0.615037 0.002834 -0.448325
0 1 0
255 255 255 255
0.126376 0.582042
0 0 0 0
1 0 0 0
0.615037 -0.000904 -0.522084
-0.0001 0 1
255 255 255 255
0.130543 0.582042
0 0 0 0
1 0 0 0
0.615037 0.002834 -0.522084
-0.0001 0 1
255 255 255 255
0.130047 0.582042
0 0 0 0
1 0 0 0
0.211548 0.002834 -0.841842
-1 0 0
255 255 255 255
0.127699 0.582042
0 0 0 0
1 0 0 0
0.211548 -0.000904 -0.841842
-1 0 0
255 255 255 255
0.128194 0.582042
0 0 0 0
1 0 0 0
0.211557 -0.000904 -0.539234
-1 0 0
255 255 255 255
0.128194 0.542306
0 0 0 0
1 0 0 0
0.211557 0.002834 -0.539234
-1 0 0
255 255 255 255
0.127699 0.542306
0 0 0 0
1 0 0 0
0.211548 0.002834 -0.841842
0 1 0
255 255 255 255
0.127699 0.582042
0 0 0 0
1 0 0 0
0.221521 0.002834 -0.841842
0 1 0
255 255 255 255
0.126376 0.582042
0 0 0 0
1 0 0 0
0.295279 0.002834 -0.841842
-1 0 0.0001
255 255 255 255
0.130047 0.582042
0 0 0 0
1 0 0 0
0.295279 -0.000904 -0.841842
-1 0 0.0001
255 255 255 255
0.130543 0.582042
0 0 0 0
1 0 0 0
-0.220618 -0.000904 -0.841842
1 0 0
255 255 255 255
0.125847 0.582042
0 0 0 0
1 0 0 0
-0.220618 0.002834 -0.841842
1 0 0
255 255 255 255
0.126343 0.582042
0 0 0 0
1 0 0 0
-0.220609 0.002834 -0.539216
1 0 0
255 255 255 255
0.126343 0.542302
0 0 0 0
1 0 0 0
-0.220609 -0.000904 -0.539216
1 0 0
255 255 255 255
0.125847 0.542302
0 0 0 0
1 0 0 0
-0.220618 0.002834 -0.841842
0 1 0
255 255 255 255
0.126343 0.582042
0 0 0 0
1 0 0 0
-0.230591 0.002834 -0.841842
0 1 0
255 255 255 255
0.127666 0.582042
0 0 0 0
1 0 0 0
-0.304349 -0.000904 -0.841842
1 0 -0.0001
255 255 255 255
0.125844 0.582042
0 0 0 0
1 0 0 0
-0.304349 0.002834 -0.841842
1 0 -0.0001
255 255 255 255
0.12634 0.582042
0 0 0 0
1 0 0 0
-0.344961 0.002834 -0.562696
-0.7071068 0 -0.7071068
255 255 255 255
0.127663 0.541359
0 0 0 0
1 0 0 0
-0.344961 -0.019017 -0.562696
-0.7071068 0 -0.7071068
255 255 255 255
0.130562 0.541359
0 0 0 0
1 0 0 0
-0.344961 0.002834 -0.562696
0 1 0
255 255 255 255
0.127663 0.541359
0 0 0 0
1 0 0 0
-0.334002 0.002834 -0.551737
0 1 0
255 255 255 255
0.12634 0.54005
0 0 0 0
1 0 0 0
-0.334002 -0.000904 -0.551737
0 1 0
255 255 255 255
0.190313 0.564093
0 0 0 0
1 0 0 0
-0.264386 -0.000904 -0.482121
0 1 0
255 255 255 255
0.174065 0.577017
0 0 0 0
1 0 0 0
-0.264386 0.002834 -0.482121
-0.7071068 0 -0.7071068
255 255 255 255
0.127666 0.530365
0 0 0 0
1 0 0 0
-0.264386 -0.000904 -0.482121
-0.7071068 0 -0.7071068
255 255 255 255
0.128162 0.530365
0 0 0 0
1 0 0 0
-0.334002 -0.000904 -0.551737
0 1 0
255 255 255 255
0.16747 0.562796
0 0 0 0
1 0 0 0
-0.264386 -0.000904 -0.482121
0 1 0
255 255 255 255
0.18215 0.577476
0 0 0 0
1 0 0 0
0.335926 -0.019017 -0.562732
0.7071068 0 -0.7071068
255 255 255 255
0.125825 0.541368
0 0 0 0
1 0 0 0
0.335926 0.002834 -0.562732
0.7071068 0 -0.7071068
255 255 255 255
0.128724 0.541368
0 0 0 0
1 0 0 0
0.335926 0.002834 -0.562732
0 1 0
255 255 255 255
0.128724 0.541368
0 0 0 0
1 0 0 0
0.324966 0.002834 -0.551772
0 1 0
255 255 255 255
0.130047 0.540058
0 0 0 0
1 0 0 0
0.324966 -0.000904 -0.551772
0 1 0
255 255 255 255
0.153545 0.564084
0 0 0 0
1 0 0 0
0.255342 -0.000904 -0.482149
0 1 0
255 255 255 255
0.169796 0.577009
0 0 0 0
1 0 0 0
0.255342 -0.000904 -0.482149
0.7071068 0 -0.7071068
255 255 255 255
0.12588 0.530371
0 0 0 0
1 0 0 0
0.255342 0.002834 -0.482149
0.7071068 0 -0.7071068
255 255 255 255
0.126376 0.530371
0 0 0 0
1 0 0 0
0.324966 -0.000904 -0.551772
0 1 0
255 255 255 255
0.176395 0.562785
0 0 0 0
1 0 0 0
0.255342 -0.000904 -0.482149
0 1 0
255 255 255 255
0.161713 0.577467
0 0 0 0
1 0 0 0
0.243877 -0.000904 -0.470684
0 1 0
255 255 255 255
0.375207 0.837688
0 0 0 0
1 0 0 0
-0.252922 -0.000904 -0.470658
0 1 0
255 255 255 255
0.49985 0.806837
0 0 0 0
1 0 0 0
-0.624107 -0.019017 0.519683
0.0001 0 1
255 255 255 255
0.130562 0.582042
0 0 0 0
1 0 0 0
-0.391756 -0.019017 0.519671
-0.2858889 0 0.9582627
255 255 255 255
0.130562 0.55153
0 0 0 0
1 0 0 0
-0.391756 0.002834 0.519671
-0.2858889 0 0.9582627
255 255 255 255
0.127663 0.55153
0 0 0 0
1 0 0 0
-0.624107 0.002834 0.519683
0.0001 0 1
255 255 255 255
0.127663 0.582042
0 0 0 0
1 0 0 0
-0.624107 0.002834 0.509711
0 1 0
255 255 255 255
0.12634 0.582042
0 0 0 0
1 0 0 0
-0.624107 0.002834 0.519683
0 1 0
255 255 255 255
0.127663 0.582042
0 0 0 0
1 0 0 0
-0.391756 0.002834 0.519671
0 1 0
255 255 255 255
0.127663 0.55153
0 0 0 0
1 0 0 0
-0.384276 0.002834 0.509699
0 1 0
255 255 255 255
0.12634 0.550548
0 0 0 0
1 0 0 0
-0.624107 -0.000904 0.435952
0 1 0
255 255 255 255
0.175576 0.50172
0 0 0 0
1 0 0 0
-0.624107 -0.000904 0.509711
0 1 0
255 255 255 255
0.19103 0.50172
0 0 0 0
1 0 0 0
-0.384276 -0.000904 0.509699
0 1 0
255 255 255 255
0.185298 0.552852
0 0 0 0
1 0 0 0
-0.32896 -0.000904 0.435943
0 1 0
255 255 255 255
0.168523 0.56268
0 0 0 0
1 0 0 0
-0.624107 0.002834 0.435952
0 0 1
255 255 255 255
0.127666 0.582042
0 0 0 0
1 0 0 0
-0.624107 -0.000904 0.435952
0 0 1
255 255 255 255
0.128162 0.582042
0 0 0 0
1 0 0 0
-0.32896 -0.000904 0.435943
-0.2387928 0 0.9710706
255 255 255 255
0.128162 0.543284
0 0 0 0
1 0 0 0
-0.32896 0.002834 0.435943
-0.2387928 0 0.9710706
255 255 255 255
0.127666 0.543284
0 0 0 0
1 0 0 0
-0.004535 -0.000904 0.209896
0 1 0
255 255 255 255
0.437214 0.771269
0 0 0 0
1 0 0 0
-0.624107 -0.000904 0.209896
0 1 0
255 255 255 255
0.437214 0.873263
0 0 0 0
1 0 0 0
-0.624107 -0.000904 0.425979
0 1 0
255 255 255 255
0.49985 0.873263
0 0 0 0
1 0 0 0
-0.321482 -0.000904 0.425971
0 1 0
255 255 255 255
0.49985 0.823444
0 0 0 0
1 0 0 0
-0.321482 0.002834 0.425971
0.426293 0 -0.9045851
255 255 255 255
0.126343 0.542302
0 0 0 0
1 0 0 0
-0.252922 0.002834 0.458284
0.426293 0 -0.9045851
255 255 255 255
0.126343 0.529055
0 0 0 0
1 0 0 0
-0.252922 -0.000904 0.458284
0.426293 0 -0.9045851
255 255 255 255
0.125847 0.529055
0 0 0 0
1 0 0 0
-0.321482 -0.000904 0.425971
0.426293 0 -0.9045851
255 255 255 255
0.125847 0.542302
0 0 0 0
1 0 0 0
-0.264386 0.002834 0.469747
0 1 0
255 255 255 255
0.127666 0.530365
0 0 0 0
1 0 0 0
-0.252922 0.002834 0.458284
0 1 0
255 255 255 255
0.126343 0.529055
0 0 0 0
1 0 0 0
-0.321482 0.002834 0.425971
0 1 0
255 255 255 255
0.126343 0.542302
0 0 0 0
1 0 0 0
-0.32896 0.002834 0.435943
0 1 0
255 255 255 255
0.127666 0.543284
0 0 0 0
1 0 0 0
-0.384276 0.002834 0.509699
0.2633966 0 -0.9646877
255 255 255 255
0.12634 0.550548
0 0 0 0
1 0 0 0
-0.334002 0.002834 0.539364
0.7071068 0 -0.7071068
255 255 255 255
0.12634 0.54005
0 0 0 0
1 0 0 0
-0.334002 -0.000904 0.539364
0.7071068 0 -0.7071068
255 255 255 255
0.125844 0.54005
0 0 0 0
1 0 0 0
-0.384276 -0.000904 0.509699
0.2633966 0 -0.9646877
255 255 255 255
0.125844 0.550548
0 0 0 0
1 0 0 0
0.382711 -0.019017 0.519696
0.2860999 0 0.9581997
255 255 255 255
0.125825 0.551536
0 0 0 0
1 0 0 0
0.615037 -0.019017 0.519683
0.0001 0 1
255 255 255 255
0.125825 0.582042
0 0 0 0
1 0 0 0
0.615037 0.002834 0.519683
0.0001 0 1
255 255 255 255
0.128724 0.582042
0 0 0 0
1 0 0 0
0.382711 0.002834 0.519696
0.2860999 0 0.9581997
255 255 255 255
0.128724 0.551536
0 0 0 0
1 0 0 0
0.615037 0.002834 0.509711
0 1 0
255 255 255 255
0.130047 0.582042
0 0 0 0
1 0 0 0
0.375231 0.002834 0.509723
0 1 0
255 255 255 255
0.130047 0.550554
0 0 0 0
1 0 0 0
0.382711 0.002834 0.519696
0 1 0
255 255 255 255
0.128724 0.551536
0 0 0 0
1 0 0 0
0.615037 0.002834 0.519683
0 1 0
255 255 255 255
0.128724 0.582042
0 0 0 0
1 0 0 0
0.615037 -0.000904 0.435952
0 1 0
255 255 255 255
0.168286 0.50172
0 0 0 0
1 0 0 0
0.319909 -0.000904 0.435961
0 1 0
255 255 255 255
0.175338 0.562672
0 0 0 0
1 0 0 0
0.375231 -0.000904 0.509723
0 1 0
255 255 255 255
0.158562 0.552844
0 0 0 0
1 0 0 0
0.615037 -0.000904 0.509711
0 1 0
255 255 255 255
0.152832 0.50172
0 0 0 0
1 0 0 0
0.319909 -0.000904 0.435961
0.2389102 0 0.9710416
255 255 255 255
0.12588 0.543289
0 0 0 0
1 0 0 0
0.615037 -0.000904 0.435952
0 0 1
255 255 255 255
0.12588 0.582042
0 0 0 0
1 0 0 0
0.615037 0.002834 0.435952
0 0 1
255 255 255 255
0.126376 0.582042
0 0 0 0
1 0 0 0
0.319909 0.002834 0.435961
0.2389102 0 0.9710416
255 255 255 255
0.126376 0.543289
0 0 0 0
1 0 0 0
0.615037 -0.000904 0.425979
0 1 0
255 255 255 255
0.375207 0.771269
0 0 0 0
1 0 0 0
0.615037 -0.000904 0.209896
0 1 0
255 255 255 255
0.437144 0.771269
0 0 0 0
1 0 0 0
-0.004535 -0.000904 0.209896
0 1 0
255 255 255 255
0.437144 0.873263
0 0 0 0
1 0 0 0
0.312429 -0.000904 0.425988
0 1 0
255 255 255 255
0.375207 0.821083
0 0 0 0
1 0 0 0
0.243877 -0.000904 0.45831
-0.4264952 0 -0.9044899
255 255 255 255
0.128194 0.529061
0 0 0 0
1 0 0 0
0.243877 0.002834 0.45831
-0.4264952 0 -0.9044899
255 255 255 255
0.127699 0.529061
0 0 0 0
1 0 0 0
0.312429 0.002834 0.425988
-0.4264952 0 -0.9044899
255 255 255 255
0.127699 0.542306
0 0 0 0
1 0 0 0
0.312429 -0.000904 0.425988
-0.4264952 0 -0.9044899
255 255 255 255
0.128194 0.542306
0 0 0 0
1 0 0 0
0.255342 0.002834 0.469775
0 1 0
255 255 255 255
0.126376 0.530371
0 0 0 0
1 0 0 0
0.319909 0.002834 0.435961
0 1 0
255 255 255 255
0.126376 0.543289
0 0 0 0
1 0 0 0
0.312429 0.002834 0.425988
0 1 0
255 255 255 255
0.127699 0.542306
0 0 0 0
1 0 0 0
0.243877 0.002834 0.45831
0 1 0
255 255 255 255
0.127699 0.529061
0 0 0 0
1 0 0 0
0.324966 -0.000904 0.539398
-0.7071068 0 -0.7071068
255 255 255 255
0.130543 0.540058
0 0 0 0
1 0 0 0
0.324966 0.002834 0.539398
-0.7071068 0 -0.7071068
255 255 255 255
0.130047 0.540058
0 0 0 0
1 0 0 0
0.375231 0.002834 0.509723
-0.2634897 0 -0.9646623
255 255 255 255
0.130047 0.550554
0 0 0 0
1 0 0 0
0.375231 -0.000904 0.509723
-0.2634897 0 -0.9646623
255 255 255 255
0.130543 0.550554
0 0 0 0
1 0 0 0
-0.314309 -0.019017 0.597117
-0.9582627 0 0.2858889
255 255 255 255
0.130562 0.55153
0 0 0 0
1 0 0 0
-0.314322 -0.019018 0.829469
-1 0 -0.0001
255 255 255 255
0.130562 0.582042
0 0 0 0
1 0 0 0
-0.314322 0.002833 0.829469
-1 0 -0.0001
255 255 255 255
0.127663 0.582042
0 0 0 0
1 0 0 0
-0.314309 0.002834 0.597117
-0.9582627 0 0.2858889
255 255 255 255
0.127663 0.55153
0 0 0 0
1 0 0 0
-0.304349 0.002833 0.829469
0 1 0
255 255 255 255
0.12634 0.582042
0 0 0 0
1 0 0 0
-0.304337 0.002834 0.589638
0 1 0
255 255 255 255
0.12634 0.550548
0 0 0 0
1 0 0 0
-0.314309 0.002834 0.597117
0 1 0
255 255 255 255
0.127663 0.55153
0 0 0 0
1 0 0 0
-0.314322 0.002833 0.829469
0 1 0
255 255 255 255
0.127663 0.582042
0 0 0 0
1 0 0 0
-0.230591 -0.000905 0.829469
0 1 0
255 255 255 255
0.189277 0.50172
0 0 0 0
1 0 0 0
-0.230581 -0.000904 0.534322
0 1 0
255 255 255 255
0.189279 0.563858
0 0 0 0
1 0 0 0
-0.304337 -0.000904 0.589638
0 1 0
255 255 255 255
0.173725 0.552194
0 0 0 0
1 0 0 0
-0.304349 -0.000905 0.829469
0 1 0
255 255 255 255
0.173723 0.50172
0 0 0 0
1 0 0 0
-0.230581 -0.000904 0.534322
-0.9710706 0 0.2387928
255 255 255 255
0.128162 0.543284
0 0 0 0
1 0 0 0
-0.230591 -0.000905 0.829469
-1 0 0
255 255 255 255
0.128162 0.582042
0 0 0 0
1 0 0 0
-0.230591 0.002833 0.829469
-1 0 0
255 255 255 255
0.127666 0.582042
0 0 0 0
1 0 0 0
-0.230581 0.002834 0.534322
-0.9710706 0 0.2387928
255 255 255 255
0.127666 0.543284
0 0 0 0
1 0 0 0
-0.220618 -0.000905 0.829469
0 1 0
255 255 255 255
0.49985 0.873263
0 0 0 0
1 0 0 0
-0.004535 -0.000905 0.829469
0 1 0
255 255 255 255
0.437214 0.873263
0 0 0 0
1 0 0 0
-0.220609 -0.000904 0.526843
0 1 0
255 255 255 255
0.49985 0.823444
0 0 0 0
1 0 0 0
0.305252 -0.019018 0.829469
1 0 0.0001
255 255 255 255
0.125825 0.582042
0 0 0 0
1 0 0 0
0.305264 -0.019017 0.597142
0.9581997 0 0.2860999
255 255 255 255
0.125825 0.551536
0 0 0 0
1 0 0 0
0.305264 0.002834 0.597142
0.9581997 0 0.2860999
255 255 255 255
0.128724 0.551536
0 0 0 0
1 0 0 0
0.305252 0.002833 0.829469
1 0 0.0001
255 255 255 255
0.128724 0.582042
0 0 0 0
1 0 0 0
0.295279 0.002833 0.829469
0 1 0
255 255 255 255
0.130047 0.582042
0 0 0 0
1 0 0 0
0.305252 0.002833 0.829469
0 1 0
255 255 255 255
0.128724 0.582042
0 0 0 0
1 0 0 0
0.305264 0.002834 0.597142
0 1 0
255 255 255 255
0.128724 0.551536
0 0 0 0
1 0 0 0
0.295291 0.002834 0.589662
0 1 0
255 255 255 255
0.130047 0.550554
0 0 0 0
1 0 0 0
0.221521 -0.000905 0.829469
0 1 0
255 255 255 255
0.154581 0.50172
0 0 0 0
1 0 0 0
0.295279 -0.000905 0.829469
0 1 0
255 255 255 255
0.170135 0.50172
0 0 0 0
1 0 0 0
0.295291 -0.000904 0.589662
0 1 0
255 255 255 255
0.170137 0.552185
0 0 0 0
1 0 0 0
0.22153 -0.000904 0.53434
0 1 0
255 255 255 255
0.154582 0.563851
0 0 0 0
1 0 0 0
0.221521 0.002833 0.829469
1 0 0
255 255 255 255
0.126376 0.582042
0 0 0 0
1 0 0 0
0.221521 -0.000905 0.829469
1 0 0
255 255 255 255
0.12588 0.582042
0 0 0 0
1 0 0 0
0.22153 -0.000904 0.53434
0.9710416 0 0.2389102
255 255 255 255
0.12588 0.543289
0 0 0 0
1 0 0 0
0.22153 0.002834 0.53434
0.9710416 0 0.2389102
255 255 255 255
0.126376 0.543289
0 0 0 0
1 0 0 0
-0.004535 -0.000905 0.829469
0 1 0
255 255 255 255
0.437144 0.771269
0 0 0 0
1 0 0 0
0.211548 -0.000905 0.829469
0 1 0
255 255 255 255
0.375207 0.771269
0 0 0 0
1 0 0 0
0.211557 -0.000904 0.52686
0 1 0
255 255 255 255
0.375207 0.821083
0 0 0 0
1 0 0 0
0.211557 0.002834 0.52686
-0.9044899 0 -0.4264952
255 255 255 255
0.127699 0.542306
0 0 0 0
1 0 0 0
0.243877 0.002834 0.45831
-0.9044899 0 -0.4264952
255 255 255 255
0.127699 0.529061
0 0 0 0
1 0 0 0
0.243877 -0.000904 0.45831
-0.9044899 0 -0.4264952
255 255 255 255
0.128194 0.529061
0 0 0 0
1 0 0 0
0.211557 -0.000904 0.52686
-0.9044899 0 -0.4264952
255 255 255 255
0.128194 0.542306
0 0 0 0
1 0 0 0
0.211557 0.002834 0.52686
0 1 0
255 255 255 255
0.127699 0.542306
0 0 0 0
1 0 0 0
0.22153 0.002834 0.53434
0 1 0
255 255 255 255
0.126376 0.543289
0 0 0 0
1 0 0 0
0.295291 0.002834 0.589662
-0.9646623 0 -0.2634897
255 255 255 255
0.130047 0.550554
0 0 0 0
1 0 0 0
0.295291 -0.000904 0.589662
-0.9646623 0 -0.2634897
255 255 255 255
0.130543 0.550554
0 0 0 0
1 0 0 0
-0.252922 -0.000904 0.458284
0.9045851 0 -0.426293
255 255 255 255
0.125847 0.529055
0 0 0 0
1 0 0 0
-0.252922 0.002834 0.458284
0.9045851 0 -0.426293
255 255 255 255
0.126343 0.529055
0 0 0 0
1 0 0 0
-0.220609 0.002834 0.526843
0.9045851 0 -0.426293
255 255 255 255
0.126343 0.542302
0 0 0 0
1 0 0 0
-0.220609 -0.000904 0.526843
0.9045851 0 -0.426293
255 255 255 255
0.125847 0.542302
0 0 0 0
1 0 0 0
-0.220609 0.002834 0.526843
0 1 0
255 255 255 255
0.126343 0.542302
0 0 0 0
1 0 0 0
-0.230581 0.002834 0.534322
0 1 0
255 255 255 255
0.127666 0.543284
0 0 0 0
1 0 0 0
-0.304337 0.002834 0.589638
0.9646877 0 -0.2633966
255 255 255 255
0.12634 0.550548
0 0 0 0
1 0 0 0
-0.304337 -0.000904 0.589638
0.9646877 0 -0.2633966
255 255 255 255
0.125844 0.550548
0 0 0 0
1 0 0 0
-0.624107 0.002834 0.425979
0 0 -1
255 255 255 255
0.126343 0.582042
0 0 0 0
1 0 0 0
-0.321482 0.002834 0.425971
0 0 -1
255 255 255 255
0.126343 0.542302
0 0 0 0
1 0 0 0
-0.321482 -0.000904 0.425971
0 0 -1
255 255 255 255
0.125847 0.542302
0 0 0 0
1 0 0 0
-0.624107 -0.000904 0.425979
0 0 -1
255 255 255 255
0.125847 0.582042
0 0 0 0
1 0 0 0
-0.624107 0.002834 0.425979
0 1 0
255 255 255 255
0.126343 0.582042
0 0 0 0
1 0 0 0
-0.624107 0.002834 0.435952
0 1 0
255 255 255 255
0.127666 0.582042
0 0 0 0
1 0 0 0
-0.624107 0.002834 0.509711
0 0 -1
255 255 255 255
0.12634 0.582042
0 0 0 0
1 0 0 0
-0.624107 -0.000904 0.509711
0 0 -1
255 255 255 255
0.125844 0.582042
0 0 0 0
1 0 0 0
0.615037 -0.000904 0.425979
0 0 -1
255 255 255 255
0.128194 0.582042
0 0 0 0
1 0 0 0
0.312429 -0.000904 0.425988
0 0 -1
255 255 255 255
0.128194 0.542306
0 0 0 0
1 0 0 0
0.312429 0.002834 0.425988
0 0 -1
255 255 255 255
0.127699 0.542306
0 0 0 0
1 0 0 0
0.615037 0.002834 0.425979
0 0 -1
255 255 255 255
0.127699 0.582042
0 0 0 0
1 0 0 0
0.615037 0.002834 0.425979
0 1 0
255 255 255 255
0.127699 0.582042
0 0 0 0
1 0 0 0
0.615037 0.002834 0.435952
0 1 0
255 255 255 255
0.126376 0.582042
0 0 0 0
1 0 0 0
0.615037 -0.000904 0.509711
-0.0001 0 -1
255 255 255 255
0.130543 0.582042
0 0 0 0
1 0 0 0
0.615037 0.002834 0.509711
-0.0001 0 -1
255 255 255 255
0.130047 0.582042
0 0 0 0
1 0 0 0
0.211548 0.002833 0.829469
-1 0 0
255 255 255 255
0.127699 0.582042
0 0 0 0
1 0 0 0
0.211557 0.002834 0.52686
-1 0 0
255 255 255 255
0.127699 0.542306
0 0 0 0
1 0 0 0
0.211557 -0.000904 0.52686
-1 0 0
255 255 255 255
0.128194 0.542306
0 0 0 0
1 0 0 0
0.211548 -0.000905 0.829469
-1 0 0
255 255 255 255
0.128194 0.582042
0 0 0 0
1 0 0 0
0.211548 0.002833 0.829469
0 1 0
255 255 255 255
0.127699 0.582042
0 0 0 0
1 0 0 0
0.221521 0.002833 0.829469
0 1 0
255 255 255 255
0.126376 0.582042
0 0 0 0
1 0 0 0
0.295279 0.002833 0.829469
-1 0 -0.0001
255 255 255 255
0.130047 0.582042
0 0 0 0
1 0 0 0
0.295279 -0.000905 0.829469
-1 0 -0.0001
255 255 255 255
0.130543 0.582042
0 0 0 0
1 0 0 0
-0.220618 -0.000905 0.829469
1 0 0
255 255 255 255
0.125847 0.582042
0 0 0 0
1 0 0 0
-0.220609 -0.000904 0.526843
1 0 0
255 255 255 255
0.125847 0.542302
0 0 0 0
1 0 0 0
-0.220609 0.002834 0.526843
1 0 0
255 255 255 255
0.126343 0.542302
0 0 0 0
1 0 0 0
-0.220618 0.002833 0.829469
1 0 0
255 255 255 255
0.126343 0.582042
0 0 0 0
1 0 0 0
-0.220618 0.002833 0.829469
0 1 0
255 255 255 255
0.126343 0.582042
0 0 0 0
1 0 0 0
-0.230591 0.002833 0.829469
0 1 0
255 255 255 255
0.127666 0.582042
0 0 0 0
1 0 0 0
-0.304349 -0.000905 0.829469
1 0 0.0001
255 255 255 255
0.125844 0.582042
0 0 0 0
1 0 0 0
-0.304349 0.002833 0.829469
1 0 0.0001
255 255 255 255
0.12634 0.582042
0 0 0 0
1 0 0 0
-0.344961 0.002834 0.550322
-0.7071068 0 0.7071068
255 255 255 255
0.127663 0.541359
0 0 0 0
1 0 0 0
-0.344961 -0.019017 0.550322
-0.7071068 0 0.7071068
255 255 255 255
0.130562 0.541359
0 0 0 0
1 0 0 0
-0.344961 0.002834 0.550322
0 1 0
255 255 255 255
0.127663 0.541359
0 0 0 0
1 0 0 0
-0.334002 0.002834 0.539364
0 1 0
255 255 255 255
0.12634 0.54005
0 0 0 0
1 0 0 0
-0.334002 -0.000904 0.539364
0 1 0
255 255 255 255
0.190313 0.564093
0 0 0 0
1 0 0 0
-0.264386 -0.000904 0.469747
0 1 0
255 255 255 255
0.174065 0.577017
0 0 0 0
1 0 0 0
-0.264386 0.002834 0.469747
-0.7071068 0 0.7071068
255 255 255 255
0.127666 0.530365
0 0 0 0
1 0 0 0
-0.264386 -0.000904 0.469747
-0.7071068 0 0.7071068
255 255 255 255
0.128162 0.530365
0 0 0 0
1 0 0 0
-0.334002 -0.000904 0.539364
0 1 0
255 255 255 255
0.16747 0.562796
0 0 0 0
1 0 0 0
-0.264386 -0.000904 0.469747
0 1 0
255 255 255 255
0.18215 0.577476
0 0 0 0
1 0 0 0
0.335926 -0.019017 0.550359
0.7071068 0 0.7071068
255 255 255 255
0.125825 0.541368
0 0 0 0
1 0 0 0
0.335926 0.002834 0.550359
0.7071068 0 0.7071068
255 255 255 255
0.128724 0.541368
0 0 0 0
1 0 0 0
0.335926 0.002834 0.550359
0 1 0
255 255 255 255
0.128724 0.541368
0 0 0 0
1 0 0 0
0.324966 0.002834 0.539398
0 1 0
255 255 255 255
0.130047 0.540058
0 0 0 0
1 0 0 0
0.324966 -0.000904 0.539398
0 1 0
255 255 255 255
0.153545 0.564084
0 0 0 0
1 0 0 0
0.255342 -0.000904 0.469775
0 1 0
255 255 255 255
0.169796 0.577009
0 0 0 0
1 0 0 0
0.255342 -0.000904 0.469775
0.7071068 0 0.7071068
255 255 255 255
0.12588 0.530371
0 0 0 0
1 0 0 0
0.255342 0.002834 0.469775
0.7071068 0 0.7071068
255 255 255 255
0.126376 0.530371
0 0 0 0
1 0 0 0
0.324966 -0.000904 0.539398
0 1 0
255 255 255 255
0.176395 0.562785
0 0 0 0
1 0 0 0
0.255342 -0.000904 0.469775
0 1 0
255 255 255 255
0.161713 0.577467
0 0 0 0
1 0 0 0
0.243877 -0.000904 0.45831
0 1 0
255 255 255 255
0.375207 0.837688
0 0 0 0
1 0 0 0
-0.252922 -0.000904 0.458284
0 1 0
255 255 255 255
0.49985 0.806837
0 0 0 0
1 0 0 0
-0.220595 -0.000904 -0.006187
0 1 0
255 255 255 255
0.375207 0.837688
0 0 0 0
1 0 0 0
-0.624107 -0.000904 -0.22227
0 1 0
255 255 255 255
0.437144 0.771269
0 0 0 0
1 0 0 0
-0.624107 -0.000904 -0.006187
0 1 0
255 255 255 255
0.375207 0.771269
0 0 0 0
1 0 0 0
0.615037 -0.000904 -0.22227
0 1 0
255 255 255 255
0.437214 0.873263
0 0 0 0
1 0 0 0
0.211571 -0.000904 -0.006187
0 1 0
255 255 255 255
0.49985 0.806845
0 0 0 0
1 0 0 0
0.615037 -0.000904 -0.006187
0 1 0
255 255 255 255
0.49985 0.873263
0 0 0 0
1 0 0 0
-0.004535 -0.000904 -0.006187
0 1 0
255 255 255 255
0.437214 0.806841
0 0 0 0
1 0 0 0
-0.004535 -0.000904 -0.006187
0 1 0
255 255 255 255
0.437144 0.837692
0 0 0 0
1 0 0 0
-0.624107 -0.000904 0.209896
0 1 0
255 255 255 255
0.437144 0.771269
0 0 0 0
1 0 0 0
0.615037 -0.000904 0.209896
0 1 0
255 255 255 255
0.437214 0.873263
0 0 0 0
1 0 0 0
260 # faces
0 2 1
2 0 3
4 6 5
6 4 7
8 10 9
10 8 11
12 14 13
14 12 15
16 18 17
18 16 19
20 22 21
22 20 23
24 26 25
26 24 27
28 30 29
30 28 31
32 34 33
34 32 35
36 38 37
38 36 39
40 42 41
42 40 43
44 46 45
46 44 47
48 50 49
50 48 51
52 54 53
54 52 55
56 58 57
58 56 59
60 62 61
62 60 63
64 66 65
66 64 67
68 70 69
70 68 71
72 74 73
74 72 75
76 78 77
78 76 79
80 16 81
16 80 82
83 85 84
85 83 86
87 89 88
89 87 90
91 93 92
93 91 94
95 97 96
97 95 98
50 100 99
100 50 101
102 104 103
104 102 105
106 56 57
56 106 107
60 108 63
108 60 109
110 112 111
112 110 113
24 114 27
114 24 115
30 117 116
117 30 31
118 120 119
120 118 121
122 25 26
25 122 123
29 124 28
124 29 125
126 128 127
128 126 129
59 130 58
130 59 131
62 132 61
132 62 133
134 136 135
136 134 137
138 107 106
107 138 139
109 140 108
140 109 141
142 144 143
144 142 145
115 146 114
146 115 147
117 148 116
148 117 149
3 150 2
150 3 151
65 151 64
151 65 150
152 5 6
71 152 70
152 71 153
5 152 153
154 9 10
9 154 155
14 156 13
77 157 76
157 77 156
156 14 157
75 158 74
158 75 159
33 160 32
160 33 161
86 161 85
161 86 160
162 88 89
39 162 38
88 162 163
162 39 163
43 164 42
164 43 165
45 166 44
97 167 96
167 97 166
166 45 167
168 92 93
92 168 169
49 50 170
50 99 170
81 16 171
16 17 171
172 174 173
174 172 175
176 178 177
178 176 179
180 182 181
182 180 183
184 186 185
186 184 187
188 190 189
190 188 191
192 194 193
194 192 195
196 198 197
198 196 199
200 202 201
202 200 203
204 206 205
206 204 207
208 210 209
210 208 211
212 214 213
214 212 215
216 218 217
218 216 219
220 222 221
222 220 223
224 226 225
226 224 227
228 230 229
230 228 231
232 234 233
234 232 235
236 238 237
238 236 239
240 242 241
242 240 243
244 246 245
246 244 247
248 250 249
250 248 251
252 188 253
188 252 254
255 257 256
257 255 258
259 261 260
261 259 262
263 265 264
265 263 266
267 269 268
269 267 270
222 272 271
272 222 273
274 276 275
276 274 277
228 278 231
278 228 279
280 232 233
232 280 281
282 284 283
284 282 285
286 196 197
196 286 287
202 288 201
288 202 289
290 292 291
292 290 293
199 294 198
294 199 295
296 203 200
203 296 297
298 300 299
300 298 301
302 229 230
229 302 303
304 234 235
234 304 305
306 308 307
308 306 309
279 310 278
310 279 311
312 281 280
281 312 313
314 316 315
316 314 317
318 287 286
287 318 319
320 288 289
288 320 321
322 173 174
173 322 323
323 239 236
239 323 322
324 241 242
179 324 178
324 179 325
241 324 325
183 326 182
326 183 327
328 186 187
186 328 329
251 329 328
329 251 248
330 245 246
245 330 331
332 207 204
207 332 333
256 333 332
333 256 257
334 209 210
262 334 261
209 334 335
334 262 335
336 213 214
213 336 337
338 219 216
219 338 339
339 269 270
269 339 338
266 340 265
340 266 341
222 342 273
223 342 222
254 343 188
188 343 191
344 345 50
345 344 346
347 348 16
348 347 349
348 350 16
348 188 350
351 222 344
351 344 50
344 352 346
352 344 222
353 348 349
348 353 188
