1 # bones
root
-1
0 0 0
1 # meshes
10_Road-Turn_0_0_0_root_root
1 # uv layers
1 # textures
atlas.jpg
0 # uv layer index
498 # vertices
0.587867 -0.001633 0.084087
-0.8819152 0 -0.4714081
255 255 255 255
0.125847 0.541363
0 0 0 0
1 0 0 0
0.587867 0.002105 0.084087
-0.8819152 0 -0.4714081
255 255 255 255
0.126343 0.541363
0 0 0 0
1 0 0 0
0.753632 0.002105 -0.226039
-0.8819152 0 -0.4714081
255 255 255 255
0.126343 0.500684
0 0 0 0
1 0 0 0
0.753632 -0.001633 -0.226039
-0.8819152 0 -0.4714081
255 255 255 255
0.125847 0.500684
0 0 0 0
1 0 0 0
0.665779 -0.019746 0.136146
0.8314652 0 0.5555767
255 255 255 255
0.130562 0.541363
0 0 0 0
1 0 0 0
0.665779 0.002105 0.136146
0.8314652 0 0.5555767
255 255 255 255
0.127663 0.541363
0 0 0 0
1 0 0 0
0.431042 0.002105 0.422174
0.7071068 0 0.7071068
255 255 255 255
0.127663 0.582042
0 0 0 0
1 0 0 0
0.431042 -0.019746 0.422174
0.7071068 0 0.7071068
255 255 255 255
0.130562 0.582042
0 0 0 0
1 0 0 0
0.431042 0.002105 0.422174
0 1 0
255 255 255 255
0.127663 0.582042
0 0 0 0
1 0 0 0
0.665779 0.002105 0.136146
0 1 0
255 255 255 255
0.127663 0.541363
0 0 0 0
1 0 0 0
0.657487 0.002105 0.130606
0 1 0
255 255 255 255
0.12634 0.541363
0 0 0 0
1 0 0 0
0.423991 0.002105 0.415122
0 1 0
255 255 255 255
0.12634 0.582042
0 0 0 0
1 0 0 0
0.753632 0.002105 -0.226039
0 1 0
255 255 255 255
0.126343 0.500684
0 0 0 0
1 0 0 0
0.587867 0.002105 0.084087
0 1 0
255 255 255 255
0.126343 0.541363
0 0 0 0
1 0 0 0
0.596159 0.002105 0.089627
0 1 0
255 255 255 255
0.127666 0.541363
0 0 0 0
1 0 0 0
0.762846 0.002105 -0.222223
0 1 0
255 255 255 255
0.127666 0.500684
0 0 0 0
1 0 0 0
0.423991 -0.001633 0.415122
0 1 0
255 255 255 255
0.171486 0.500504
0 0 0 0
1 0 0 0
0.657487 -0.001633 0.130606
0 1 0
255 255 255 255
0.171486 0.562318
0 0 0 0
1 0 0 0
0.596159 -0.001633 0.089627
0 1 0
255 255 255 255
0.186204 0.562318
0 0 0 0
1 0 0 0
0.371835 -0.001633 0.362967
0 1 0
255 255 255 255
0.186204 0.500504
0 0 0 0
1 0 0 0
0.596159 -0.001633 0.089627
0.8314652 0 0.5555767
255 255 255 255
0.128162 0.541363
0 0 0 0
1 0 0 0
0.596159 0.002105 0.089627
0.8314652 0 0.5555767
255 255 255 255
0.127666 0.541363
0 0 0 0
1 0 0 0
0.371835 0.002105 0.362967
0.7071068 0 0.7071068
255 255 255 255
0.127666 0.582042
0 0 0 0
1 0 0 0
0.371835 -0.001633 0.362967
0.7071068 0 0.7071068
255 255 255 255
0.128162 0.582042
0 0 0 0
1 0 0 0
0.657487 -0.001633 0.130606
-0.8314652 0 -0.5555767
255 255 255 255
0.125844 0.541363
0 0 0 0
1 0 0 0
0.657487 0.002105 0.130606
-0.8314652 0 -0.5555767
255 255 255 255
0.12634 0.541363
0 0 0 0
1 0 0 0
0.830991 0.002105 -0.193997
-0.9238766 0 -0.3826903
255 255 255 255
0.12634 0.500684
0 0 0 0
1 0 0 0
0.830991 -0.001633 -0.193997
-0.9238766 0 -0.3826903
255 255 255 255
0.125844 0.500684
0 0 0 0
1 0 0 0
0.364784 -0.001633 0.355915
0 1 0
255 255 255 255
0.124672 0.624477
0 0 0 0
1 0 0 0
0.587867 -0.001633 0.084087
0 1 0
255 255 255 255
0.124672 0.562988
0 0 0 0
1 0 0 0
0.4082 -0.001633 -0.035962
0 1 0
255 255 255 255
0.063037 0.562987
0 0 0 0
1 0 0 0
0.21199 -0.001633 0.203121
0 1 0
255 255 255 255
0.063037 0.624477
0 0 0 0
1 0 0 0
0.354363 0.002105 -0.391422
0.8819152 0 0.4714081
255 255 255 255
0.127699 0.500684
0 0 0 0
1 0 0 0
0.228534 0.002105 -0.156011
0.8819152 0 0.4714081
255 255 255 255
0.127699 0.541363
0 0 0 0
1 0 0 0
0.228534 -0.001633 -0.156011
0.8819152 0 0.4714081
255 255 255 255
0.128194 0.541363
0 0 0 0
1 0 0 0
0.354363 -0.001633 -0.391422
0.8819152 0 0.4714081
255 255 255 255
0.128194 0.500684
0 0 0 0
1 0 0 0
-0.007063 0.002105 -0.015931
-0.7071068 0 -0.7071068
255 255 255 255
0.128724 0.582042
0 0 0 0
1 0 0 0
0.150623 0.002105 -0.20807
-0.8314652 0 -0.5555767
255 255 255 255
0.128724 0.541363
0 0 0 0
1 0 0 0
0.150623 -0.019746 -0.20807
-0.8314652 0 -0.5555767
255 255 255 255
0.125825 0.541363
0 0 0 0
1 0 0 0
-0.007063 -0.019746 -0.015931
-0.7071068 0 -0.7071068
255 255 255 255
0.125825 0.582042
0 0 0 0
1 0 0 0
0.158914 0.002105 -0.20253
0 1 0
255 255 255 255
0.130047 0.541363
0 0 0 0
1 0 0 0
0.150623 0.002105 -0.20807
0 1 0
255 255 255 255
0.128724 0.541363
0 0 0 0
1 0 0 0
-0.007063 0.002105 -0.015931
0 1 0
255 255 255 255
0.128724 0.582042
0 0 0 0
1 0 0 0
-1.1E-05 0.002105 -0.00888
0 1 0
255 255 255 255
0.130047 0.582042
0 0 0 0
1 0 0 0
0.220242 0.002105 -0.161552
0 1 0
255 255 255 255
0.126376 0.541363
0 0 0 0
1 0 0 0
0.228534 0.002105 -0.156011
0 1 0
255 255 255 255
0.127699 0.541363
0 0 0 0
1 0 0 0
0.354363 0.002105 -0.391422
0 1 0
255 255 255 255
0.127699 0.500684
0 0 0 0
1 0 0 0
0.34515 0.002105 -0.395238
0 1 0
255 255 255 255
0.126376 0.500684
0 0 0 0
1 0 0 0
0.220242 -0.001633 -0.161552
0 1 0
255 255 255 255
0.156674 0.562318
0 0 0 0
1 0 0 0
0.158914 -0.001633 -0.20253
0 1 0
255 255 255 255
0.171392 0.562318
0 0 0 0
1 0 0 0
-1.1E-05 -0.001633 -0.00888
0 1 0
255 255 255 255
0.171392 0.500504
0 0 0 0
1 0 0 0
0.052144 -0.001633 0.043276
0 1 0
255 255 255 255
0.156674 0.500504
0 0 0 0
1 0 0 0
0.052144 0.002105 0.043276
-0.7071068 0 -0.7071068
255 255 255 255
0.126376 0.582042
0 0 0 0
1 0 0 0
0.220242 0.002105 -0.161552
-0.8314652 0 -0.5555767
255 255 255 255
0.126376 0.541363
0 0 0 0
1 0 0 0
0.220242 -0.001633 -0.161552
-0.8314652 0 -0.5555767
255 255 255 255
0.12588 0.541363
0 0 0 0
1 0 0 0
0.052144 -0.001633 0.043276
-0.7071068 0 -0.7071068
255 255 255 255
0.12588 0.582042
0 0 0 0
1 0 0 0
0.277006 0.002105 -0.423464
0.9238766 0 0.3826903
255 255 255 255
0.130047 0.500684
0 0 0 0
1 0 0 0
0.158914 0.002105 -0.20253
0.8314652 0 0.5555767
255 255 255 255
0.130047 0.541363
0 0 0 0
1 0 0 0
0.158914 -0.001633 -0.20253
0.8314652 0 0.5555767
255 255 255 255
0.130543 0.541363
0 0 0 0
1 0 0 0
0.277006 -0.001633 -0.423464
0.9238766 0 0.3826903
255 255 255 255
0.130543 0.500684
0 0 0 0
1 0 0 0
0.228534 -0.001633 -0.156011
0 1 0
255 255 255 255
0.000225 0.562988
0 0 0 0
1 0 0 0
0.059196 -0.001633 0.050327
0 1 0
255 255 255 255
0.000225 0.501498
0 0 0 0
1 0 0 0
0.21199 -0.001633 0.203121
0 1 0
255 255 255 255
0.062967 0.501498
0 0 0 0
1 0 0 0
0.855711 -0.001633 -0.562546
-0.9951866 0 -0.09799868
255 255 255 255
0.12588 0.541363
0 0 0 0
1 0 0 0
0.855711 0.002105 -0.562546
-0.9951866 0 -0.09799868
255 255 255 255
0.126376 0.541363
0 0 0 0
1 0 0 0
0.890179 0.002105 -0.9125
-0.9951866 0 -0.09799868
255 255 255 255
0.126376 0.500684
0 0 0 0
1 0 0 0
0.890179 -0.001633 -0.9125
-0.9951866 0 -0.09799868
255 255 255 255
0.12588 0.500684
0 0 0 0
1 0 0 0
0.947614 -0.019746 -0.544265
0.9807839 0 0.1950968
255 255 255 255
0.130541 0.541363
0 0 0 0
1 0 0 0
0.947614 0.002105 -0.544265
0.9807839 0 0.1950968
255 255 255 255
0.127642 0.541363
0 0 0 0
1 0 0 0
0.840204 0.002105 -0.19018
0.9238766 0 0.3826903
255 255 255 255
0.127642 0.582042
0 0 0 0
1 0 0 0
0.840204 -0.019746 -0.19018
0.9238766 0 0.3826903
255 255 255 255
0.130541 0.582042
0 0 0 0
1 0 0 0
0.840204 0.002105 -0.19018
0 1 0
255 255 255 255
0.127642 0.582042
0 0 0 0
1 0 0 0
0.947614 0.002105 -0.544265
0 1 0
255 255 255 255
0.127642 0.541363
0 0 0 0
1 0 0 0
0.937833 0.002105 -0.54621
0 1 0
255 255 255 255
0.126319 0.541363
0 0 0 0
1 0 0 0
0.830991 0.002105 -0.193997
0 1 0
255 255 255 255
0.126319 0.582042
0 0 0 0
1 0 0 0
0.890179 0.002105 -0.9125
0 1 0
255 255 255 255
0.126376 0.500684
0 0 0 0
1 0 0 0
0.855711 0.002105 -0.562546
0 1 0
255 255 255 255
0.126376 0.541363
0 0 0 0
1 0 0 0
0.865492 0.002105 -0.5606
0 1 0
255 255 255 255
0.127699 0.541363
0 0 0 0
1 0 0 0
0.900151 0.002105 -0.9125
0 1 0
255 255 255 255
0.127699 0.500684
0 0 0 0
1 0 0 0
0.830991 -0.001633 -0.193997
0 1 0
255 255 255 255
0.144215 0.500504
0 0 0 0
1 0 0 0
0.937833 -0.001633 -0.54621
0 1 0
255 255 255 255
0.144215 0.562318
0 0 0 0
1 0 0 0
0.865492 -0.001633 -0.5606
0 1 0
255 255 255 255
0.158933 0.562318
0 0 0 0
1 0 0 0
0.762846 -0.001633 -0.222223
0 1 0
255 255 255 255
0.158933 0.500504
0 0 0 0
1 0 0 0
0.865492 -0.001633 -0.5606
0.9807839 0 0.1950968
255 255 255 255
0.128194 0.541363
0 0 0 0
1 0 0 0
0.865492 0.002105 -0.5606
0.9807839 0 0.1950968
255 255 255 255
0.127699 0.541363
0 0 0 0
1 0 0 0
0.762846 0.002105 -0.222223
0.9238766 0 0.3826903
255 255 255 255
0.127699 0.582042
0 0 0 0
1 0 0 0
0.762846 -0.001633 -0.222223
0.9238766 0 0.3826903
255 255 255 255
0.128194 0.582042
0 0 0 0
1 0 0 0
0.937833 -0.001633 -0.54621
-0.9807839 0 -0.1950968
255 255 255 255
0.125824 0.541363
0 0 0 0
1 0 0 0
0.937833 0.002105 -0.54621
-0.9807839 0 -0.1950968
255 255 255 255
0.126319 0.541363
0 0 0 0
1 0 0 0
0.97391 0.002105 -0.9125
-0.9987939 0 -0.0490997
255 255 255 255
0.126319 0.500684
0 0 0 0
1 0 0 0
0.97391 -0.001633 -0.9125
-0.9987939 0 -0.0490997
255 255 255 255
0.125824 0.500684
0 0 0 0
1 0 0 0
0.753632 -0.001633 -0.226039
0 1 0
255 255 255 255
0.9998 0.249322
0 0 0 0
1 0 0 0
0.855711 -0.001633 -0.562546
0 1 0
255 255 255 255
0.9998 0.187832
0 0 0 0
1 0 0 0
0.64378 -0.001633 -0.604701
0 1 0
255 255 255 255
0.93827 0.187832
0 0 0 0
1 0 0 0
0.553998 -0.001633 -0.30873
0 1 0
255 255 255 255
0.93827 0.249322
0 0 0 0
1 0 0 0
0.458012 0.002105 -0.9125
0.9951866 0 0.09799868
255 255 255 255
0.127699 0.500684
0 0 0 0
1 0 0 0
0.431849 0.002105 -0.646857
0.9951866 0 0.09799868
255 255 255 255
0.127699 0.541363
0 0 0 0
1 0 0 0
0.431849 -0.001633 -0.646857
0.9951866 0 0.09799868
255 255 255 255
0.128194 0.541363
0 0 0 0
1 0 0 0
0.458012 -0.001633 -0.9125
0.9951866 0 0.09799868
255 255 255 255
0.128194 0.500684
0 0 0 0
1 0 0 0
0.267793 0.002105 -0.427281
-0.9238766 0 -0.3826903
255 255 255 255
0.128724 0.582042
0 0 0 0
1 0 0 0
0.339946 0.002105 -0.665137
-0.9807839 0 -0.1950968
255 255 255 255
0.128724 0.541363
0 0 0 0
1 0 0 0
0.339946 -0.019746 -0.665137
-0.9807839 0 -0.1950968
255 255 255 255
0.125825 0.541363
0 0 0 0
1 0 0 0
0.267793 -0.019746 -0.427281
-0.9238766 0 -0.3826903
255 255 255 255
0.125825 0.582042
0 0 0 0
1 0 0 0
0.349727 0.002105 -0.663192
0 1 0
255 255 255 255
0.130047 0.541363
0 0 0 0
1 0 0 0
0.339946 0.002105 -0.665137
0 1 0
255 255 255 255
0.128724 0.541363
0 0 0 0
1 0 0 0
0.267793 0.002105 -0.427281
0 1 0
255 255 255 255
0.128724 0.582042
0 0 0 0
1 0 0 0
0.277006 0.002105 -0.423464
0 1 0
255 255 255 255
0.130047 0.582042
0 0 0 0
1 0 0 0
0.422068 0.002105 -0.648802
0 1 0
255 255 255 255
0.126376 0.541363
0 0 0 0
1 0 0 0
0.431849 0.002105 -0.646857
0 1 0
255 255 255 255
0.127699 0.541363
0 0 0 0
1 0 0 0
0.458012 0.002105 -0.9125
0 1 0
255 255 255 255
0.127699 0.500684
0 0 0 0
1 0 0 0
0.448039 0.002105 -0.9125
0 1 0
255 255 255 255
0.126376 0.500684
0 0 0 0
1 0 0 0
0.422068 -0.001633 -0.648802
0 1 0
255 255 255 255
0.131673 0.562318
0 0 0 0
1 0 0 0
0.349727 -0.001633 -0.663192
0 1 0
255 255 255 255
0.146391 0.562318
0 0 0 0
1 0 0 0
0.277006 -0.001633 -0.423464
0 1 0
255 255 255 255
0.146391 0.500504
0 0 0 0
1 0 0 0
0.34515 -0.001633 -0.395238
0 1 0
255 255 255 255
0.131673 0.500504
0 0 0 0
1 0 0 0
0.34515 0.002105 -0.395238
-0.9238766 0 -0.3826903
255 255 255 255
0.126376 0.582042
0 0 0 0
1 0 0 0
0.422068 0.002105 -0.648802
-0.9807839 0 -0.1950968
255 255 255 255
0.126376 0.541363
0 0 0 0
1 0 0 0
0.422068 -0.001633 -0.648802
-0.9807839 0 -0.1950968
255 255 255 255
0.12588 0.541363
0 0 0 0
1 0 0 0
0.34515 -0.001633 -0.395238
-0.9238766 0 -0.3826903
255 255 255 255
0.12588 0.582042
0 0 0 0
1 0 0 0
0.374281 0.002105 -0.9125
0.9987939 0 0.0490997
255 255 255 255
0.130047 0.500684
0 0 0 0
1 0 0 0
0.349727 0.002105 -0.663192
0.9807839 0 0.1950968
255 255 255 255
0.130047 0.541363
0 0 0 0
1 0 0 0
0.349727 -0.001633 -0.663192
0.9807839 0 0.1950968
255 255 255 255
0.130543 0.541363
0 0 0 0
1 0 0 0
0.374281 -0.001633 -0.9125
0.9987939 0 0.0490997
255 255 255 255
0.130543 0.500684
0 0 0 0
1 0 0 0
0.64378 -0.001633 -0.604701
0 1 0
255 255 255 255
0.9382 0.187832
0 0 0 0
1 0 0 0
0.431849 -0.001633 -0.646857
0 1 0
255 255 255 255
0.875203 0.187832
0 0 0 0
1 0 0 0
0.354363 -0.001633 -0.391422
0 1 0
255 255 255 255
0.875203 0.126342
0 0 0 0
1 0 0 0
0.553998 -0.001633 -0.30873
0 1 0
255 255 255 255
0.9382 0.126342
0 0 0 0
1 0 0 0
-0.21717 0.002105 0.744764
-0.4714081 0 -0.8819152
255 255 255 255
0.126343 0.500684
0 0 0 0
1 0 0 0
0.092956 0.002105 0.578998
-0.4714081 0 -0.8819152
255 255 255 255
0.126343 0.541363
0 0 0 0
1 0 0 0
0.092956 -0.001633 0.578998
-0.4714081 0 -0.8819152
255 255 255 255
0.125847 0.541363
0 0 0 0
1 0 0 0
-0.21717 -0.001633 0.744764
-0.4714081 0 -0.8819152
255 255 255 255
0.125847 0.500684
0 0 0 0
1 0 0 0
0.145015 0.002105 0.65691
0.5555767 0 0.8314652
255 255 255 255
0.127663 0.541363
0 0 0 0
1 0 0 0
0.145015 -0.019746 0.65691
0.5555767 0 0.8314652
255 255 255 255
0.130562 0.541363
0 0 0 0
1 0 0 0
0.139474 0.002105 0.648618
0 1 0
255 255 255 255
0.12634 0.541363
0 0 0 0
1 0 0 0
0.145015 0.002105 0.65691
0 1 0
255 255 255 255
0.127663 0.541363
0 0 0 0
1 0 0 0
0.098496 0.002105 0.58729
0 1 0
255 255 255 255
0.127666 0.541363
0 0 0 0
1 0 0 0
0.092956 0.002105 0.578998
0 1 0
255 255 255 255
0.126343 0.541363
0 0 0 0
1 0 0 0
-0.21717 0.002105 0.744764
0 1 0
255 255 255 255
0.126343 0.500684
0 0 0 0
1 0 0 0
-0.213354 0.002105 0.753978
0 1 0
255 255 255 255
0.127666 0.500684
0 0 0 0
1 0 0 0
0.098496 -0.001633 0.58729
0 1 0
255 255 255 255
0.186204 0.562318
0 0 0 0
1 0 0 0
0.139474 -0.001633 0.648618
0 1 0
255 255 255 255
0.171486 0.562318
0 0 0 0
1 0 0 0
0.098496 -0.001633 0.58729
0.5555767 0 0.8314652
255 255 255 255
0.128162 0.541363
0 0 0 0
1 0 0 0
0.098496 0.002105 0.58729
0.5555767 0 0.8314652
255 255 255 255
0.127666 0.541363
0 0 0 0
1 0 0 0
-0.185128 0.002105 0.822122
-0.3826903 0 -0.9238766
255 255 255 255
0.12634 0.500684
0 0 0 0
1 0 0 0
0.139474 0.002105 0.648618
-0.5555767 0 -0.8314652
255 255 255 255
0.12634 0.541363
0 0 0 0
1 0 0 0
0.139474 -0.001633 0.648618
-0.5555767 0 -0.8314652
255 255 255 255
0.125844 0.541363
0 0 0 0
1 0 0 0
-0.185128 -0.001633 0.822122
-0.3826903 0 -0.9238766
255 255 255 255
0.125844 0.500684
0 0 0 0
1 0 0 0
-0.027094 -0.001633 0.399332
0 1 0
255 255 255 255
0.063037 0.562987
0 0 0 0
1 0 0 0
0.092956 -0.001633 0.578998
0 1 0
255 255 255 255
0.124672 0.562988
0 0 0 0
1 0 0 0
-0.147143 -0.001633 0.219665
0.4714081 0 0.8819152
255 255 255 255
0.128194 0.541363
0 0 0 0
1 0 0 0
-0.147143 0.002105 0.219665
0.4714081 0 0.8819152
255 255 255 255
0.127699 0.541363
0 0 0 0
1 0 0 0
-0.382553 0.002105 0.345495
0.4714081 0 0.8819152
255 255 255 255
0.127699 0.500684
0 0 0 0
1 0 0 0
-0.382553 -0.001633 0.345495
0.4714081 0 0.8819152
255 255 255 255
0.128194 0.500684
0 0 0 0
1 0 0 0
-0.199202 -0.019746 0.141754
-0.5555767 0 -0.8314652
255 255 255 255
0.125825 0.541363
0 0 0 0
1 0 0 0
-0.199202 0.002105 0.141754
-0.5555767 0 -0.8314652
255 255 255 255
0.128724 0.541363
0 0 0 0
1 0 0 0
-0.199202 0.002105 0.141754
0 1 0
255 255 255 255
0.128724 0.541363
0 0 0 0
1 0 0 0
-0.193661 0.002105 0.150046
0 1 0
255 255 255 255
0.130047 0.541363
0 0 0 0
1 0 0 0
-0.382553 0.002105 0.345495
0 1 0
255 255 255 255
0.127699 0.500684
0 0 0 0
1 0 0 0
-0.147143 0.002105 0.219665
0 1 0
255 255 255 255
0.127699 0.541363
0 0 0 0
1 0 0 0
-0.152683 0.002105 0.211373
0 1 0
255 255 255 255
0.126376 0.541363
0 0 0 0
1 0 0 0
-0.386369 0.002105 0.336281
0 1 0
255 255 255 255
0.126376 0.500684
0 0 0 0
1 0 0 0
-0.152683 -0.001633 0.211373
0 1 0
255 255 255 255
0.156674 0.562318
0 0 0 0
1 0 0 0
-0.193661 -0.001633 0.150046
0 1 0
255 255 255 255
0.171392 0.562318
0 0 0 0
1 0 0 0
-0.152683 -0.001633 0.211373
-0.5555767 0 -0.8314652
255 255 255 255
0.12588 0.541363
0 0 0 0
1 0 0 0
-0.152683 0.002105 0.211373
-0.5555767 0 -0.8314652
255 255 255 255
0.126376 0.541363
0 0 0 0
1 0 0 0
-0.193661 -0.001633 0.150046
0.5555767 0 0.8314652
255 255 255 255
0.130543 0.541363
0 0 0 0
1 0 0 0
-0.193661 0.002105 0.150046
0.5555767 0 0.8314652
255 255 255 255
0.130047 0.541363
0 0 0 0
1 0 0 0
-0.414596 0.002105 0.268137
0.3826903 0 0.9238766
255 255 255 255
0.130047 0.500684
0 0 0 0
1 0 0 0
-0.414596 -0.001633 0.268137
0.3826903 0 0.9238766
255 255 255 255
0.130543 0.500684
0 0 0 0
1 0 0 0
-0.147143 -0.001633 0.219665
0 1 0
255 255 255 255
0.000225 0.562988
0 0 0 0
1 0 0 0
-0.903631 0.002105 0.88131
-0.09799868 0 -0.9951866
255 255 255 255
0.126376 0.500684
0 0 0 0
1 0 0 0
-0.553677 0.002105 0.846842
-0.09799868 0 -0.9951866
255 255 255 255
0.126376 0.541363
0 0 0 0
1 0 0 0
-0.553677 -0.001633 0.846842
-0.09799868 0 -0.9951866
255 255 255 255
0.12588 0.541363
0 0 0 0
1 0 0 0
-0.903631 -0.001633 0.88131
-0.09799868 0 -0.9951866
255 255 255 255
0.12588 0.500684
0 0 0 0
1 0 0 0
-0.181311 0.002105 0.831335
0.3826903 0 0.9238766
255 255 255 255
0.127642 0.582042
0 0 0 0
1 0 0 0
-0.535396 0.002105 0.938745
0.1950968 0 0.9807839
255 255 255 255
0.127642 0.541363
0 0 0 0
1 0 0 0
-0.535396 -0.019746 0.938745
0.1950968 0 0.9807839
255 255 255 255
0.130541 0.541363
0 0 0 0
1 0 0 0
-0.181311 -0.019746 0.831335
0.3826903 0 0.9238766
255 255 255 255
0.130541 0.582042
0 0 0 0
1 0 0 0
-0.537342 0.002105 0.928965
0 1 0
255 255 255 255
0.126319 0.541363
0 0 0 0
1 0 0 0
-0.535396 0.002105 0.938745
0 1 0
255 255 255 255
0.127642 0.541363
0 0 0 0
1 0 0 0
-0.181311 0.002105 0.831335
0 1 0
255 255 255 255
0.127642 0.582042
0 0 0 0
1 0 0 0
-0.185128 0.002105 0.822122
0 1 0
255 255 255 255
0.126319 0.582042
0 0 0 0
1 0 0 0
-0.551731 0.002105 0.856623
0 1 0
255 255 255 255
0.127699 0.541363
0 0 0 0
1 0 0 0
-0.553677 0.002105 0.846842
0 1 0
255 255 255 255
0.126376 0.541363
0 0 0 0
1 0 0 0
-0.903631 0.002105 0.88131
0 1 0
255 255 255 255
0.126376 0.500684
0 0 0 0
1 0 0 0
-0.903631 0.002105 0.891282
0 1 0
255 255 255 255
0.127699 0.500684
0 0 0 0
1 0 0 0
-0.551731 -0.001633 0.856623
0 1 0
255 255 255 255
0.158933 0.562318
0 0 0 0
1 0 0 0
-0.537342 -0.001633 0.928965
0 1 0
255 255 255 255
0.144215 0.562318
0 0 0 0
1 0 0 0
-0.185128 -0.001633 0.822122
0 1 0
255 255 255 255
0.144215 0.500504
0 0 0 0
1 0 0 0
-0.213354 -0.001633 0.753978
0 1 0
255 255 255 255
0.158933 0.500504
0 0 0 0
1 0 0 0
-0.213354 0.002105 0.753978
0.3826903 0 0.9238766
255 255 255 255
0.127699 0.582042
0 0 0 0
1 0 0 0
-0.551731 0.002105 0.856623
0.1950968 0 0.9807839
255 255 255 255
0.127699 0.541363
0 0 0 0
1 0 0 0
-0.551731 -0.001633 0.856623
0.1950968 0 0.9807839
255 255 255 255
0.128194 0.541363
0 0 0 0
1 0 0 0
-0.213354 -0.001633 0.753978
0.3826903 0 0.9238766
255 255 255 255
0.128194 0.582042
0 0 0 0
1 0 0 0
-0.903631 0.002105 0.965041
-0.0490997 0 -0.9987939
255 255 255 255
0.126319 0.500684
0 0 0 0
1 0 0 0
-0.537342 0.002105 0.928965
-0.1950968 0 -0.9807839
255 255 255 255
0.126319 0.541363
0 0 0 0
1 0 0 0
-0.537342 -0.001633 0.928965
-0.1950968 0 -0.9807839
255 255 255 255
0.125824 0.541363
0 0 0 0
1 0 0 0
-0.903631 -0.001633 0.965041
-0.0490997 0 -0.9987939
255 255 255 255
0.125824 0.500684
0 0 0 0
1 0 0 0
-0.595832 -0.001633 0.634911
0 1 0
255 255 255 255
0.93827 0.187832
0 0 0 0
1 0 0 0
-0.553677 -0.001633 0.846842
0 1 0
255 255 255 255
0.9998 0.187832
0 0 0 0
1 0 0 0
-0.21717 -0.001633 0.744764
0 1 0
255 255 255 255
0.9998 0.249322
0 0 0 0
1 0 0 0
-0.299862 -0.001633 0.54513
0 1 0
255 255 255 255
0.93827 0.249322
0 0 0 0
1 0 0 0
-0.637988 -0.001633 0.42298
0.09799868 0 0.9951866
255 255 255 255
0.128194 0.541363
0 0 0 0
1 0 0 0
-0.637988 0.002105 0.42298
0.09799868 0 0.9951866
255 255 255 255
0.127699 0.541363
0 0 0 0
1 0 0 0
-0.903631 0.002105 0.449144
0.09799868 0 0.9951866
255 255 255 255
0.127699 0.500684
0 0 0 0
1 0 0 0
-0.903631 -0.001633 0.449144
0.09799868 0 0.9951866
255 255 255 255
0.128194 0.500684
0 0 0 0
1 0 0 0
-0.656269 -0.019746 0.331077
-0.1950968 0 -0.9807839
255 255 255 255
0.125825 0.541363
0 0 0 0
1 0 0 0
-0.656269 0.002105 0.331077
-0.1950968 0 -0.9807839
255 255 255 255
0.128724 0.541363
0 0 0 0
1 0 0 0
-0.418412 0.002105 0.258924
-0.3826903 0 -0.9238766
255 255 255 255
0.128724 0.582042
0 0 0 0
1 0 0 0
-0.418412 -0.019746 0.258924
-0.3826903 0 -0.9238766
255 255 255 255
0.125825 0.582042
0 0 0 0
1 0 0 0
-0.418412 0.002105 0.258924
0 1 0
255 255 255 255
0.128724 0.582042
0 0 0 0
1 0 0 0
-0.656269 0.002105 0.331077
0 1 0
255 255 255 255
0.128724 0.541363
0 0 0 0
1 0 0 0
-0.654323 0.002105 0.340858
0 1 0
255 255 255 255
0.130047 0.541363
0 0 0 0
1 0 0 0
-0.414596 0.002105 0.268137
0 1 0
255 255 255 255
0.130047 0.582042
0 0 0 0
1 0 0 0
-0.903631 0.002105 0.449144
0 1 0
255 255 255 255
0.127699 0.500684
0 0 0 0
1 0 0 0
-0.637988 0.002105 0.42298
0 1 0
255 255 255 255
0.127699 0.541363
0 0 0 0
1 0 0 0
-0.639934 0.002105 0.413199
0 1 0
255 255 255 255
0.126376 0.541363
0 0 0 0
1 0 0 0
-0.903631 0.002105 0.439171
0 1 0
255 255 255 255
0.126376 0.500684
0 0 0 0
1 0 0 0
-0.414596 -0.001633 0.268137
0 1 0
255 255 255 255
0.146391 0.500504
0 0 0 0
1 0 0 0
-0.654323 -0.001633 0.340858
0 1 0
255 255 255 255
0.146391 0.562318
0 0 0 0
1 0 0 0
-0.639934 -0.001633 0.413199
0 1 0
255 255 255 255
0.131673 0.562318
0 0 0 0
1 0 0 0
-0.386369 -0.001633 0.336281
0 1 0
255 255 255 255
0.131673 0.500504
0 0 0 0
1 0 0 0
-0.639934 -0.001633 0.413199
-0.1950968 0 -0.9807839
255 255 255 255
0.12588 0.541363
0 0 0 0
1 0 0 0
-0.639934 0.002105 0.413199
-0.1950968 0 -0.9807839
255 255 255 255
0.126376 0.541363
0 0 0 0
1 0 0 0
-0.386369 0.002105 0.336281
-0.3826903 0 -0.9238766
255 255 255 255
0.126376 0.582042
0 0 0 0
1 0 0 0
-0.386369 -0.001633 0.336281
-0.3826903 0 -0.9238766
255 255 255 255
0.12588 0.582042
0 0 0 0
1 0 0 0
-0.654323 -0.001633 0.340858
0.1950968 0 0.9807839
255 255 255 255
0.130543 0.541363
0 0 0 0
1 0 0 0
-0.654323 0.002105 0.340858
0.1950968 0 0.9807839
255 255 255 255
0.130047 0.541363
0 0 0 0
1 0 0 0
-0.903631 0.002105 0.365413
0.0490997 0 0.9987939
255 255 255 255
0.130047 0.500684
0 0 0 0
1 0 0 0
-0.903631 -0.001633 0.365413
0.0490997 0 0.9987939
255 255 255 255
0.130543 0.500684
0 0 0 0
1 0 0 0
-0.382553 -0.001633 0.345495
0 1 0
255 255 255 255
0.875203 0.126342
0 0 0 0
1 0 0 0
-0.637988 -0.001633 0.42298
0 1 0
255 255 255 255
0.875203 0.187832
0 0 0 0
1 0 0 0
-0.595832 -0.001633 0.634911
0 1 0
255 255 255 255
0.9382 0.187832
0 0 0 0
1 0 0 0
-0.299862 -0.001633 0.54513
0 1 0
255 255 255 255
0.9382 0.126342
0 0 0 0
1 0 0 0
0.364784 -0.001633 0.355915
-0.7730029 0 -0.6344025
255 255 255 255
0.125847 0.582042
0 0 0 0
1 0 0 0
0.364784 0.002105 0.355915
-0.7730029 0 -0.6344025
255 255 255 255
0.126343 0.582042
0 0 0 0
1 0 0 0
0.587867 0.002105 0.084087
-0.7730029 0 -0.6344025
255 255 255 255
0.126343 0.541363
0 0 0 0
1 0 0 0
0.587867 -0.001633 0.084087
-0.7730029 0 -0.6344025
255 255 255 255
0.125847 0.541363
0 0 0 0
1 0 0 0
0.840204 -0.019746 -0.19018
0.9238766 0 0.3826903
255 255 255 255
0.130562 0.500684
0 0 0 0
1 0 0 0
0.840204 0.002105 -0.19018
0.9238766 0 0.3826903
255 255 255 255
0.127663 0.500684
0 0 0 0
1 0 0 0
0.840204 0.002105 -0.19018
0 1 0
255 255 255 255
0.127663 0.500684
0 0 0 0
1 0 0 0
0.830991 0.002105 -0.193997
0 1 0
255 255 255 255
0.12634 0.500684
0 0 0 0
1 0 0 0
0.364784 0.002105 0.355915
0 1 0
255 255 255 255
0.126343 0.582042
0 0 0 0
1 0 0 0
0.371835 0.002105 0.362967
0 1 0
255 255 255 255
0.127666 0.582042
0 0 0 0
1 0 0 0
0.830991 -0.001633 -0.193997
0 1 0
255 255 255 255
0.171486 0.624131
0 0 0 0
1 0 0 0
0.762846 -0.001633 -0.222223
0 1 0
255 255 255 255
0.186204 0.624131
0 0 0 0
1 0 0 0
0.762846 -0.001633 -0.222223
0.9238766 0 0.3826903
255 255 255 255
0.128162 0.500684
0 0 0 0
1 0 0 0
0.762846 0.002105 -0.222223
0.9238766 0 0.3826903
255 255 255 255
0.127666 0.500684
0 0 0 0
1 0 0 0
0.423991 -0.001633 0.415122
-0.7071068 0 -0.7071068
255 255 255 255
0.125844 0.582042
0 0 0 0
1 0 0 0
0.423991 0.002105 0.415122
-0.7071068 0 -0.7071068
255 255 255 255
0.12634 0.582042
0 0 0 0
1 0 0 0
0.753632 -0.001633 -0.226039
0 1 0
255 255 255 255
0.124672 0.501498
0 0 0 0
1 0 0 0
0.553998 -0.001633 -0.30873
0 1 0
255 255 255 255
0.063037 0.501498
0 0 0 0
1 0 0 0
0.059196 0.002105 0.050327
0.7730029 0 0.6344025
255 255 255 255
0.127699 0.582042
0 0 0 0
1 0 0 0
0.059196 -0.001633 0.050327
0.7730029 0 0.6344025
255 255 255 255
0.128194 0.582042
0 0 0 0
1 0 0 0
0.228534 -0.001633 -0.156011
0.7730029 0 0.6344025
255 255 255 255
0.128194 0.541363
0 0 0 0
1 0 0 0
0.228534 0.002105 -0.156011
0.7730029 0 0.6344025
255 255 255 255
0.127699 0.541363
0 0 0 0
1 0 0 0
0.267793 0.002105 -0.427281
-0.9238766 0 -0.3826903
255 255 255 255
0.128724 0.500684
0 0 0 0
1 0 0 0
0.267793 -0.019746 -0.427281
-0.9238766 0 -0.3826903
255 255 255 255
0.125825 0.500684
0 0 0 0
1 0 0 0
0.277006 0.002105 -0.423464
0 1 0
255 255 255 255
0.130047 0.500684
0 0 0 0
1 0 0 0
0.267793 0.002105 -0.427281
0 1 0
255 255 255 255
0.128724 0.500684
0 0 0 0
1 0 0 0
0.052144 0.002105 0.043276
0 1 0
255 255 255 255
0.126376 0.582042
0 0 0 0
1 0 0 0
0.059196 0.002105 0.050327
0 1 0
255 255 255 255
0.127699 0.582042
0 0 0 0
1 0 0 0
0.34515 -0.001633 -0.395238
0 1 0
255 255 255 255
0.156674 0.624132
0 0 0 0
1 0 0 0
0.277006 -0.001633 -0.423464
0 1 0
255 255 255 255
0.171392 0.624132
0 0 0 0
1 0 0 0
0.34515 0.002105 -0.395238
-0.9238766 0 -0.3826903
255 255 255 255
0.126376 0.500684
0 0 0 0
1 0 0 0
0.34515 -0.001633 -0.395238
-0.9238766 0 -0.3826903
255 255 255 255
0.12588 0.500684
0 0 0 0
1 0 0 0
-1.1E-05 0.002105 -0.00888
0.7071068 0 0.7071068
255 255 255 255
0.130047 0.582042
0 0 0 0
1 0 0 0
-1.1E-05 -0.001633 -0.00888
0.7071068 0 0.7071068
255 255 255 255
0.130543 0.582042
0 0 0 0
1 0 0 0
0.553998 -0.001633 -0.30873
0 1 0
255 255 255 255
0.062967 0.624477
0 0 0 0
1 0 0 0
0.354363 -0.001633 -0.391422
0 1 0
255 255 255 255
0.000225 0.624477
0 0 0 0
1 0 0 0
0.753632 -0.001633 -0.226039
-0.9569327 0 -0.2903099
255 255 255 255
0.12588 0.582042
0 0 0 0
1 0 0 0
0.753632 0.002105 -0.226039
-0.9569327 0 -0.2903099
255 255 255 255
0.126376 0.582042
0 0 0 0
1 0 0 0
0.855711 0.002105 -0.562546
-0.9569327 0 -0.2903099
255 255 255 255
0.126376 0.541363
0 0 0 0
1 0 0 0
0.855711 -0.001633 -0.562546
-0.9569327 0 -0.2903099
255 255 255 255
0.12588 0.541363
0 0 0 0
1 0 0 0
0.983882 -0.019746 -0.9125
0.9987939 0 0.0490997
255 255 255 255
0.130541 0.500684
0 0 0 0
1 0 0 0
0.983882 0.002105 -0.9125
0.9987939 0 0.0490997
255 255 255 255
0.127642 0.500684
0 0 0 0
1 0 0 0
0.983882 0.002105 -0.9125
0 1 0
255 255 255 255
0.127642 0.500684
0 0 0 0
1 0 0 0
0.97391 0.002105 -0.9125
0 1 0
255 255 255 255
0.126319 0.500684
0 0 0 0
1 0 0 0
0.753632 0.002105 -0.226039
0 1 0
255 255 255 255
0.126376 0.582042
0 0 0 0
1 0 0 0
0.762846 0.002105 -0.222223
0 1 0
255 255 255 255
0.127699 0.582042
0 0 0 0
1 0 0 0
0.97391 -0.001633 -0.9125
0 1 0
255 255 255 255
0.144215 0.624132
0 0 0 0
1 0 0 0
0.900151 -0.001633 -0.9125
0 1 0
255 255 255 255
0.158933 0.624132
0 0 0 0
1 0 0 0
0.900151 -0.001633 -0.9125
0.9987939 0 0.0490997
255 255 255 255
0.128194 0.500684
0 0 0 0
1 0 0 0
0.900151 0.002105 -0.9125
0.9987939 0 0.0490997
255 255 255 255
0.127699 0.500684
0 0 0 0
1 0 0 0
0.830991 -0.001633 -0.193997
-0.9238766 0 -0.3826903
255 255 255 255
0.125824 0.582042
0 0 0 0
1 0 0 0
0.830991 0.002105 -0.193997
-0.9238766 0 -0.3826903
255 255 255 255
0.126319 0.582042
0 0 0 0
1 0 0 0
0.890179 -0.001633 -0.9125
0 1 0
255 255 255 255
0.9998 0.126343
0 0 0 0
1 0 0 0
0.674095 -0.001633 -0.9125
0 1 0
255 255 255 255
0.93827 0.126342
0 0 0 0
1 0 0 0
0.354363 0.002105 -0.391422
0.9569327 0 0.2903099
255 255 255 255
0.127699 0.582042
0 0 0 0
1 0 0 0
0.354363 -0.001633 -0.391422
0.9569327 0 0.2903099
255 255 255 255
0.128194 0.582042
0 0 0 0
1 0 0 0
0.431849 -0.001633 -0.646857
0.9569327 0 0.2903099
255 255 255 255
0.128194 0.541363
0 0 0 0
1 0 0 0
0.431849 0.002105 -0.646857
0.9569327 0 0.2903099
255 255 255 255
0.127699 0.541363
0 0 0 0
1 0 0 0
0.364309 0.002105 -0.9125
-0.9987939 0 -0.0490997
255 255 255 255
0.128724 0.500684
0 0 0 0
1 0 0 0
0.364309 -0.019746 -0.9125
-0.9987939 0 -0.0490997
255 255 255 255
0.125825 0.500684
0 0 0 0
1 0 0 0
0.374281 0.002105 -0.9125
0 1 0
255 255 255 255
0.130047 0.500684
0 0 0 0
1 0 0 0
0.364309 0.002105 -0.9125
0 1 0
255 255 255 255
0.128724 0.500684
0 0 0 0
1 0 0 0
0.34515 0.002105 -0.395238
0 1 0
255 255 255 255
0.126376 0.582042
0 0 0 0
1 0 0 0
0.354363 0.002105 -0.391422
0 1 0
255 255 255 255
0.127699 0.582042
0 0 0 0
1 0 0 0
0.448039 -0.001633 -0.9125
0 1 0
255 255 255 255
0.131673 0.624131
0 0 0 0
1 0 0 0
0.374281 -0.001633 -0.9125
0 1 0
255 255 255 255
0.146391 0.624131
0 0 0 0
1 0 0 0
0.448039 0.002105 -0.9125
-0.9987939 0 -0.0490997
255 255 255 255
0.126376 0.500684
0 0 0 0
1 0 0 0
0.448039 -0.001633 -0.9125
-0.9987939 0 -0.0490997
255 255 255 255
0.12588 0.500684
0 0 0 0
1 0 0 0
0.277006 0.002105 -0.423464
0.9238766 0 0.3826903
255 255 255 255
0.130047 0.582042
0 0 0 0
1 0 0 0
0.277006 -0.001633 -0.423464
0.9238766 0 0.3826903
255 255 255 255
0.130543 0.582042
0 0 0 0
1 0 0 0
0.674095 -0.001633 -0.9125
0 1 0
255 255 255 255
0.9382 0.249322
0 0 0 0
1 0 0 0
0.458012 -0.001633 -0.9125
0 1 0
255 255 255 255
0.875203 0.249322
0 0 0 0
1 0 0 0
0.364784 0.002105 0.355915
-0.6344025 0 -0.7730029
255 255 255 255
0.126343 0.582042
0 0 0 0
1 0 0 0
0.364784 -0.001633 0.355915
-0.6344025 0 -0.7730029
255 255 255 255
0.125847 0.582042
0 0 0 0
1 0 0 0
0.092956 -0.001633 0.578998
-0.6344025 0 -0.7730029
255 255 255 255
0.125847 0.541363
0 0 0 0
1 0 0 0
0.092956 0.002105 0.578998
-0.6344025 0 -0.7730029
255 255 255 255
0.126343 0.541363
0 0 0 0
1 0 0 0
-0.181311 0.002105 0.831335
0.3826903 0 0.9238766
255 255 255 255
0.127663 0.500684
0 0 0 0
1 0 0 0
-0.181311 -0.019746 0.831335
0.3826903 0 0.9238766
255 255 255 255
0.130562 0.500684
0 0 0 0
1 0 0 0
-0.185128 0.002105 0.822122
0 1 0
255 255 255 255
0.12634 0.500684
0 0 0 0
1 0 0 0
-0.181311 0.002105 0.831335
0 1 0
255 255 255 255
0.127663 0.500684
0 0 0 0
1 0 0 0
-0.213354 -0.001633 0.753978
0 1 0
255 255 255 255
0.186204 0.624131
0 0 0 0
1 0 0 0
-0.185128 -0.001633 0.822122
0 1 0
255 255 255 255
0.171486 0.624131
0 0 0 0
1 0 0 0
-0.213354 0.002105 0.753978
0.3826903 0 0.9238766
255 255 255 255
0.127666 0.500684
0 0 0 0
1 0 0 0
-0.213354 -0.001633 0.753978
0.3826903 0 0.9238766
255 255 255 255
0.128162 0.500684
0 0 0 0
1 0 0 0
-0.299862 -0.001633 0.54513
0 1 0
255 255 255 255
0.063037 0.501498
0 0 0 0
1 0 0 0
-0.21717 -0.001633 0.744764
0 1 0
255 255 255 255
0.124672 0.501498
0 0 0 0
1 0 0 0
0.059196 -0.001633 0.050327
0.6344025 0 0.7730029
255 255 255 255
0.128194 0.582042
0 0 0 0
1 0 0 0
0.059196 0.002105 0.050327
0.6344025 0 0.7730029
255 255 255 255
0.127699 0.582042
0 0 0 0
1 0 0 0
-0.147143 0.002105 0.219665
0.6344025 0 0.7730029
255 255 255 255
0.127699 0.541363
0 0 0 0
1 0 0 0
-0.147143 -0.001633 0.219665
0.6344025 0 0.7730029
255 255 255 255
0.128194 0.541363
0 0 0 0
1 0 0 0
-0.418412 -0.019746 0.258924
-0.3826903 0 -0.9238766
255 255 255 255
0.125825 0.500684
0 0 0 0
1 0 0 0
-0.418412 0.002105 0.258924
-0.3826903 0 -0.9238766
255 255 255 255
0.128724 0.500684
0 0 0 0
1 0 0 0
-0.418412 0.002105 0.258924
0 1 0
255 255 255 255
0.128724 0.500684
0 0 0 0
1 0 0 0
-0.414596 0.002105 0.268137
0 1 0
255 255 255 255
0.130047 0.500684
0 0 0 0
1 0 0 0
-0.414596 -0.001633 0.268137
0 1 0
255 255 255 255
0.171392 0.624132
0 0 0 0
1 0 0 0
-0.386369 -0.001633 0.336281
0 1 0
255 255 255 255
0.156674 0.624132
0 0 0 0
1 0 0 0
-0.386369 -0.001633 0.336281
-0.3826903 0 -0.9238766
255 255 255 255
0.12588 0.500684
0 0 0 0
1 0 0 0
-0.386369 0.002105 0.336281
-0.3826903 0 -0.9238766
255 255 255 255
0.126376 0.500684
0 0 0 0
1 0 0 0
-0.382553 -0.001633 0.345495
0 1 0
255 255 255 255
0.000225 0.624477
0 0 0 0
1 0 0 0
-0.299862 -0.001633 0.54513
0 1 0
255 255 255 255
0.062967 0.624477
0 0 0 0
1 0 0 0
-0.21717 0.002105 0.744764
-0.2903099 0 -0.9569327
255 255 255 255
0.126376 0.582042
0 0 0 0
1 0 0 0
-0.21717 -0.001633 0.744764
-0.2903099 0 -0.9569327
255 255 255 255
0.12588 0.582042
0 0 0 0
1 0 0 0
-0.553677 -0.001633 0.846842
-0.2903099 0 -0.9569327
255 255 255 255
0.12588 0.541363
0 0 0 0
1 0 0 0
-0.553677 0.002105 0.846842
-0.2903099 0 -0.9569327
255 255 255 255
0.126376 0.541363
0 0 0 0
1 0 0 0
-0.903631 0.002105 0.975013
0.0490997 0 0.9987939
255 255 255 255
0.127642 0.500684
0 0 0 0
1 0 0 0
-0.903631 -0.019746 0.975013
0.0490997 0 0.9987939
255 255 255 255
0.130541 0.500684
0 0 0 0
1 0 0 0
-0.903631 0.002105 0.965041
0 1 0
255 255 255 255
0.126319 0.500684
0 0 0 0
1 0 0 0
-0.903631 0.002105 0.975013
0 1 0
255 255 255 255
0.127642 0.500684
0 0 0 0
1 0 0 0
-0.213354 0.002105 0.753978
0 1 0
255 255 255 255
0.127699 0.582042
0 0 0 0
1 0 0 0
-0.21717 0.002105 0.744764
0 1 0
255 255 255 255
0.126376 0.582042
0 0 0 0
1 0 0 0
-0.903631 -0.001633 0.891282
0 1 0
255 255 255 255
0.158933 0.624132
0 0 0 0
1 0 0 0
-0.903631 -0.001633 0.965041
0 1 0
255 255 255 255
0.144215 0.624132
0 0 0 0
1 0 0 0
-0.903631 0.002105 0.891282
0.0490997 0 0.9987939
255 255 255 255
0.127699 0.500684
0 0 0 0
1 0 0 0
-0.903631 -0.001633 0.891282
0.0490997 0 0.9987939
255 255 255 255
0.128194 0.500684
0 0 0 0
1 0 0 0
-0.185128 0.002105 0.822122
-0.3826903 0 -0.9238766
255 255 255 255
0.126319 0.582042
0 0 0 0
1 0 0 0
-0.185128 -0.001633 0.822122
-0.3826903 0 -0.9238766
255 255 255 255
0.125824 0.582042
0 0 0 0
1 0 0 0
-0.903631 -0.001633 0.665227
0 1 0
255 255 255 255
0.93827 0.126342
0 0 0 0
1 0 0 0
-0.903631 -0.001633 0.88131
0 1 0
255 255 255 255
0.9998 0.126343
0 0 0 0
1 0 0 0
-0.382553 -0.001633 0.345495
0.2903099 0 0.9569327
255 255 255 255
0.128194 0.582042
0 0 0 0
1 0 0 0
-0.382553 0.002105 0.345495
0.2903099 0 0.9569327
255 255 255 255
0.127699 0.582042
0 0 0 0
1 0 0 0
-0.637988 0.002105 0.42298
0.2903099 0 0.9569327
255 255 255 255
0.127699 0.541363
0 0 0 0
1 0 0 0
-0.637988 -0.001633 0.42298
0.2903099 0 0.9569327
255 255 255 255
0.128194 0.541363
0 0 0 0
1 0 0 0
-0.903631 -0.019746 0.35544
-0.0490997 0 -0.9987939
255 255 255 255
0.125825 0.500684
0 0 0 0
1 0 0 0
-0.903631 0.002105 0.35544
-0.0490997 0 -0.9987939
255 255 255 255
0.128724 0.500684
0 0 0 0
1 0 0 0
-0.903631 0.002105 0.35544
0 1 0
255 255 255 255
0.128724 0.500684
0 0 0 0
1 0 0 0
-0.903631 0.002105 0.365413
0 1 0
255 255 255 255
0.130047 0.500684
0 0 0 0
1 0 0 0
-0.382553 0.002105 0.345495
0 1 0
255 255 255 255
0.127699 0.582042
0 0 0 0
1 0 0 0
-0.386369 0.002105 0.336281
0 1 0
255 255 255 255
0.126376 0.582042
0 0 0 0
1 0 0 0
-0.903631 -0.001633 0.365413
0 1 0
255 255 255 255
0.146391 0.624131
0 0 0 0
1 0 0 0
-0.903631 -0.001633 0.439171
0 1 0
255 255 255 255
0.131673 0.624131
0 0 0 0
1 0 0 0
-0.903631 -0.001633 0.439171
-0.0490997 0 -0.9987939
255 255 255 255
0.12588 0.500684
0 0 0 0
1 0 0 0
-0.903631 0.002105 0.439171
-0.0490997 0 -0.9987939
255 255 255 255
0.126376 0.500684
0 0 0 0
1 0 0 0
-0.414596 -0.001633 0.268137
0.3826903 0 0.9238766
255 255 255 255
0.130543 0.582042
0 0 0 0
1 0 0 0
-0.414596 0.002105 0.268137
0.3826903 0 0.9238766
255 255 255 255
0.130047 0.582042
0 0 0 0
1 0 0 0
-0.903631 -0.001633 0.449144
0 1 0
255 255 255 255
0.875203 0.249322
0 0 0 0
1 0 0 0
-0.903631 -0.001633 0.665227
0 1 0
255 255 255 255
0.9382 0.249322
0 0 0 0
1 0 0 0
-1.494407 -0.001633 0.449144
0 0 1
255 255 255 255
0.12588 0.500684
0 0 0 0
1 0 0 0
-0.903631 -0.001633 0.449144
0 0 1
255 255 255 255
0.12588 0.57826
0 0 0 0
1 0 0 0
-0.903631 0.002105 0.449144
0 0 1
255 255 255 255
0.126376 0.57826
0 0 0 0
1 0 0 0
-1.494407 0.002105 0.449144
0 0 1
255 255 255 255
0.126376 0.500684
0 0 0 0
1 0 0 0
-0.903631 -0.019746 0.35544
-0.0490997 0 -0.9987939
255 255 255 255
0.130541 0.578261
0 0 0 0
1 0 0 0
-1.494407 -0.019746 0.35544
0 0 -1
255 255 255 255
0.130541 0.500684
0 0 0 0
1 0 0 0
-1.494407 0.002105 0.35544
0 0 -1
255 255 255 255
0.127642 0.500684
0 0 0 0
1 0 0 0
-0.903631 0.002105 0.35544
-0.0490997 0 -0.9987939
255 255 255 255
0.127642 0.578261
0 0 0 0
1 0 0 0
-0.903631 0.002105 0.35544
0 1 0
255 255 255 255
0.127642 0.578261
0 0 0 0
1 0 0 0
-1.494407 0.002105 0.35544
0 1 0
255 255 255 255
0.127642 0.500684
0 0 0 0
1 0 0 0
-1.494407 0.002105 0.365413
0 1 0
255 255 255 255
0.126319 0.500684
0 0 0 0
1 0 0 0
-0.903631 0.002105 0.365413
0 1 0
255 255 255 255
0.126319 0.578261
0 0 0 0
1 0 0 0
-1.494407 0.002105 0.449144
0 1 0
255 255 255 255
0.126376 0.500684
0 0 0 0
1 0 0 0
-0.903631 0.002105 0.449144
0 1 0
255 255 255 255
0.126376 0.57826
0 0 0 0
1 0 0 0
-0.903631 0.002105 0.439171
0 1 0
255 255 255 255
0.127699 0.57826
0 0 0 0
1 0 0 0
-1.494407 0.002105 0.439171
0 1 0
255 255 255 255
0.127699 0.500684
0 0 0 0
1 0 0 0
-0.903631 -0.001633 0.365413
0 1 0
255 255 255 255
0.144215 0.50625
0 0 0 0
1 0 0 0
-1.494407 -0.001633 0.365413
0 1 0
255 255 255 255
0.144215 0.624132
0 0 0 0
1 0 0 0
-1.494407 -0.001633 0.439171
0 1 0
255 255 255 255
0.158933 0.624132
0 0 0 0
1 0 0 0
-0.903631 -0.001633 0.439171
0 1 0
255 255 255 255
0.158933 0.50625
0 0 0 0
1 0 0 0
-1.494407 -0.001633 0.439171
0 0 -1
255 255 255 255
0.128194 0.500684
0 0 0 0
1 0 0 0
-1.494407 0.002105 0.439171
0 0 -1
255 255 255 255
0.127699 0.500684
0 0 0 0
1 0 0 0
-0.903631 0.002105 0.439171
-0.0490997 0 -0.9987939
255 255 255 255
0.127699 0.57826
0 0 0 0
1 0 0 0
-0.903631 -0.001633 0.439171
-0.0490997 0 -0.9987939
255 255 255 255
0.128194 0.57826
0 0 0 0
1 0 0 0
-0.903631 -0.001633 0.365413
0.0490997 0 0.9987939
255 255 255 255
0.125824 0.578261
0 0 0 0
1 0 0 0
-0.903631 0.002105 0.365413
0.0490997 0 0.9987939
255 255 255 255
0.126319 0.578261
0 0 0 0
1 0 0 0
-1.494407 0.002105 0.365413
0 0 1
255 255 255 255
0.126319 0.500684
0 0 0 0
1 0 0 0
-1.494407 -0.001633 0.365413
0 0 1
255 255 255 255
0.125824 0.500684
0 0 0 0
1 0 0 0
-0.903631 -0.001633 0.449144
0 1 0
255 255 255 255
0.9998 0.243606
0 0 0 0
1 0 0 0
-1.494407 -0.001633 0.449144
0 1 0
255 255 255 255
0.9998 0.126343
0 0 0 0
1 0 0 0
-1.494407 -0.001633 0.665227
0 1 0
255 255 255 255
0.93827 0.126342
0 0 0 0
1 0 0 0
-0.903631 -0.001633 0.665227
0 1 0
255 255 255 255
0.93827 0.243606
0 0 0 0
1 0 0 0
-1.494407 -0.001633 0.88131
0 0 -1
255 255 255 255
0.128194 0.500684
0 0 0 0
1 0 0 0
-1.494407 0.002105 0.88131
0 0 -1
255 255 255 255
0.127699 0.500684
0 0 0 0
1 0 0 0
-0.903631 0.002105 0.88131
0 0 -1
255 255 255 255
0.127699 0.57826
0 0 0 0
1 0 0 0
-0.903631 -0.001633 0.88131
0 0 -1
255 255 255 255
0.128194 0.57826
0 0 0 0
1 0 0 0
-0.903631 -0.019746 0.975013
0.0490997 0 0.9987939
255 255 255 255
0.125825 0.578261
0 0 0 0
1 0 0 0
-0.903631 0.002105 0.975013
0.0490997 0 0.9987939
255 255 255 255
0.128724 0.578261
0 0 0 0
1 0 0 0
-1.494407 0.002105 0.975013
0 0 1
255 255 255 255
0.128724 0.500684
0 0 0 0
1 0 0 0
-1.494407 -0.019746 0.975013
0 0 1
255 255 255 255
0.125825 0.500684
0 0 0 0
1 0 0 0
-0.903631 0.002105 0.975013
0 1 0
255 255 255 255
0.128724 0.578261
0 0 0 0
1 0 0 0
-0.903631 0.002105 0.965041
0 1 0
255 255 255 255
0.130047 0.578261
0 0 0 0
1 0 0 0
-1.494407 0.002105 0.965041
0 1 0
255 255 255 255
0.130047 0.500684
0 0 0 0
1 0 0 0
-1.494407 0.002105 0.975013
0 1 0
255 255 255 255
0.128724 0.500684
0 0 0 0
1 0 0 0
-1.494407 0.002105 0.88131
0 1 0
255 255 255 255
0.127699 0.500684
0 0 0 0
1 0 0 0
-1.494407 0.002105 0.891282
0 1 0
255 255 255 255
0.126376 0.500684
0 0 0 0
1 0 0 0
-0.903631 0.002105 0.891282
0 1 0
255 255 255 255
0.126376 0.57826
0 0 0 0
1 0 0 0
-0.903631 0.002105 0.88131
0 1 0
255 255 255 255
0.127699 0.57826
0 0 0 0
1 0 0 0
-0.903631 -0.001633 0.965041
0 1 0
255 255 255 255
0.146391 0.50625
0 0 0 0
1 0 0 0
-0.903631 -0.001633 0.891282
0 1 0
255 255 255 255
0.131673 0.50625
0 0 0 0
1 0 0 0
-1.494407 -0.001633 0.891282
0 1 0
255 255 255 255
0.131673 0.624131
0 0 0 0
1 0 0 0
-1.494407 -0.001633 0.965041
0 1 0
255 255 255 255
0.146391 0.624131
0 0 0 0
1 0 0 0
-1.494407 -0.001633 0.891282
0 0 1
255 255 255 255
0.12588 0.500684
0 0 0 0
1 0 0 0
-0.903631 -0.001633 0.891282
0.0490997 0 0.9987939
255 255 255 255
0.12588 0.57826
0 0 0 0
1 0 0 0
-0.903631 0.002105 0.891282
0.0490997 0 0.9987939
255 255 255 255
0.126376 0.57826
0 0 0 0
1 0 0 0
-1.494407 0.002105 0.891282
0 0 1
255 255 255 255
0.126376 0.500684
0 0 0 0
1 0 0 0
-0.903631 -0.001633 0.965041
-0.0490997 0 -0.9987939
255 255 255 255
0.130543 0.578261
0 0 0 0
1 0 0 0
-1.494407 -0.001633 0.965041
0 0 -1
255 255 255 255
0.130543 0.500684
0 0 0 0
1 0 0 0
-1.494407 0.002105 0.965041
0 0 -1
255 255 255 255
0.130047 0.500684
0 0 0 0
1 0 0 0
-0.903631 0.002105 0.965041
-0.0490997 0 -0.9987939
255 255 255 255
0.130047 0.578261
0 0 0 0
1 0 0 0
-0.903631 -0.001633 0.88131
0 1 0
255 255 255 255
0.875203 0.132058
0 0 0 0
1 0 0 0
-0.903631 -0.001633 0.665227
0 1 0
255 255 255 255
0.9382 0.132058
0 0 0 0
1 0 0 0
-1.494407 -0.001633 0.665227
0 1 0
255 255 255 255
0.9382 0.249322
0 0 0 0
1 0 0 0
-1.494407 -0.001633 0.88131
0 1 0
255 255 255 255
0.875203 0.249322
0 0 0 0
1 0 0 0
0.890179 -0.001633 -1.503276
-1 0 0
255 255 255 255
0.12588 0.500684
0 0 0 0
1 0 0 0
0.890179 -0.001633 -0.9125
-1 0 0
255 255 255 255
0.12588 0.57826
0 0 0 0
1 0 0 0
0.890179 0.002105 -0.9125
-1 0 0
255 255 255 255
0.126376 0.57826
0 0 0 0
1 0 0 0
0.890179 0.002105 -1.503276
-1 0 0
255 255 255 255
0.126376 0.500684
0 0 0 0
1 0 0 0
0.983882 -0.019746 -0.9125
0.9987939 0 0.0490997
255 255 255 255
0.130541 0.578261
0 0 0 0
1 0 0 0
0.983882 -0.019746 -1.503276
1 0 0
255 255 255 255
0.130541 0.500684
0 0 0 0
1 0 0 0
0.983882 0.002105 -1.503276
1 0 0
255 255 255 255
0.127642 0.500684
0 0 0 0
1 0 0 0
0.983882 0.002105 -0.9125
0.9987939 0 0.0490997
255 255 255 255
0.127642 0.578261
0 0 0 0
1 0 0 0
0.983882 0.002105 -0.9125
0 1 0
255 255 255 255
0.127642 0.578261
0 0 0 0
1 0 0 0
0.983882 0.002105 -1.503276
0 1 0
255 255 255 255
0.127642 0.500684
0 0 0 0
1 0 0 0
0.97391 0.002105 -1.503276
0 1 0
255 255 255 255
0.126319 0.500684
0 0 0 0
1 0 0 0
0.97391 0.002105 -0.9125
0 1 0
255 255 255 255
0.126319 0.578261
0 0 0 0
1 0 0 0
0.890179 0.002105 -1.503276
0 1 0
255 255 255 255
0.126376 0.500684
0 0 0 0
1 0 0 0
0.890179 0.002105 -0.9125
0 1 0
255 255 255 255
0.126376 0.57826
0 0 0 0
1 0 0 0
0.900151 0.002105 -0.9125
0 1 0
255 255 255 255
0.127699 0.57826
0 0 0 0
1 0 0 0
0.900151 0.002105 -1.503276
0 1 0
255 255 255 255
0.127699 0.500684
0 0 0 0
1 0 0 0
0.97391 -0.001633 -0.9125
0 1 0
255 255 255 255
0.144215 0.50625
0 0 0 0
1 0 0 0
0.97391 -0.001633 -1.503276
0 1 0
255 255 255 255
0.144215 0.624132
0 0 0 0
1 0 0 0
0.900151 -0.001633 -1.503276
0 1 0
255 255 255 255
0.158933 0.624132
0 0 0 0
1 0 0 0
0.900151 -0.001633 -0.9125
0 1 0
255 255 255 255
0.158933 0.50625
0 0 0 0
1 0 0 0
0.900151 -0.001633 -1.503276
1 0 0
255 255 255 255
0.128194 0.500684
0 0 0 0
1 0 0 0
0.900151 0.002105 -1.503276
1 0 0
255 255 255 255
0.127699 0.500684
0 0 0 0
1 0 0 0
0.900151 0.002105 -0.9125
0.9987939 0 0.0490997
255 255 255 255
0.127699 0.57826
0 0 0 0
1 0 0 0
0.900151 -0.001633 -0.9125
0.9987939 0 0.0490997
255 255 255 255
0.128194 0.57826
0 0 0 0
1 0 0 0
0.97391 -0.001633 -0.9125
-0.9987939 0 -0.0490997
255 255 255 255
0.125824 0.578261
0 0 0 0
1 0 0 0
0.97391 0.002105 -0.9125
-0.9987939 0 -0.0490997
255 255 255 255
0.126319 0.578261
0 0 0 0
1 0 0 0
0.97391 0.002105 -1.503276
-1 0 0
255 255 255 255
0.126319 0.500684
0 0 0 0
1 0 0 0
0.97391 -0.001633 -1.503276
-1 0 0
255 255 255 255
0.125824 0.500684
0 0 0 0
1 0 0 0
0.890179 -0.001633 -0.9125
0 1 0
255 255 255 255
0.9998 0.243606
0 0 0 0
1 0 0 0
0.890179 -0.001633 -1.503276
0 1 0
255 255 255 255
0.9998 0.126343
0 0 0 0
1 0 0 0
0.674095 -0.001633 -1.503276
0 1 0
255 255 255 255
0.93827 0.126342
0 0 0 0
1 0 0 0
0.674095 -0.001633 -0.9125
0 1 0
255 255 255 255
0.93827 0.243606
0 0 0 0
1 0 0 0
0.458012 -0.001633 -1.503276
1 0 0
255 255 255 255
0.128194 0.500684
0 0 0 0
1 0 0 0
0.458012 0.002105 -1.503276
1 0 0
255 255 255 255
0.127699 0.500684
0 0 0 0
1 0 0 0
0.458012 0.002105 -0.9125
1 0 0
255 255 255 255
0.127699 0.57826
0 0 0 0
1 0 0 0
0.458012 -0.001633 -0.9125
1 0 0
255 255 255 255
0.128194 0.57826
0 0 0 0
1 0 0 0
0.364309 -0.019746 -0.9125
-0.9987939 0 -0.0490997
255 255 255 255
0.125825 0.578261
0 0 0 0
1 0 0 0
0.364309 0.002105 -0.9125
-0.9987939 0 -0.0490997
255 255 255 255
0.128724 0.578261
0 0 0 0
1 0 0 0
0.364309 0.002105 -1.503276
-1 0 0
255 255 255 255
0.128724 0.500684
0 0 0 0
1 0 0 0
0.364309 -0.019746 -1.503276
-1 0 0
255 255 255 255
0.125825 0.500684
0 0 0 0
1 0 0 0
0.364309 0.002105 -0.9125
0 1 0
255 255 255 255
0.128724 0.578261
0 0 0 0
1 0 0 0
0.374281 0.002105 -0.9125
0 1 0
255 255 255 255
0.130047 0.578261
0 0 0 0
1 0 0 0
0.374281 0.002105 -1.503276
0 1 0
255 255 255 255
0.130047 0.500684
0 0 0 0
1 0 0 0
0.364309 0.002105 -1.503276
0 1 0
255 255 255 255
0.128724 0.500684
0 0 0 0
1 0 0 0
0.458012 0.002105 -1.503276
0 1 0
255 255 255 255
0.127699 0.500684
0 0 0 0
1 0 0 0
0.44804 0.002105 -1.503276
0 1 0
255 255 255 255
0.126376 0.500684
0 0 0 0
1 0 0 0
0.448039 0.002105 -0.9125
0 1 0
255 255 255 255
0.126376 0.57826
0 0 0 0
1 0 0 0
0.458012 0.002105 -0.9125
0 1 0
255 255 255 255
0.127699 0.57826
0 0 0 0
1 0 0 0
0.374281 -0.001633 -0.9125
0 1 0
255 255 255 255
0.146391 0.50625
0 0 0 0
1 0 0 0
0.448039 -0.001633 -0.9125
0 1 0
255 255 255 255
0.131673 0.50625
0 0 0 0
1 0 0 0
0.44804 -0.001633 -1.503276
0 1 0
255 255 255 255
0.131673 0.624131
0 0 0 0
1 0 0 0
0.374281 -0.001633 -1.503276
0 1 0
255 255 255 255
0.146391 0.624131
0 0 0 0
1 0 0 0
0.44804 -0.001633 -1.503276
-1 0 0
255 255 255 255
0.12588 0.500684
0 0 0 0
1 0 0 0
0.448039 -0.001633 -0.9125
-0.9987939 0 -0.0490997
255 255 255 255
0.12588 0.57826
0 0 0 0
1 0 0 0
0.448039 0.002105 -0.9125
-0.9987939 0 -0.0490997
255 255 255 255
0.126376 0.57826
0 0 0 0
1 0 0 0
0.44804 0.002105 -1.503276
-1 0 0
255 255 255 255
0.126376 0.500684
0 0 0 0
1 0 0 0
0.374281 -0.001633 -0.9125
0.9987939 0 0.0490997
255 255 255 255
0.130543 0.578261
0 0 0 0
1 0 0 0
0.374281 -0.001633 -1.503276
1 0 0
255 255 255 255
0.130543 0.500684
0 0 0 0
1 0 0 0
0.374281 0.002105 -1.503276
1 0 0
255 255 255 255
0.130047 0.500684
0 0 0 0
1 0 0 0
0.374281 0.002105 -0.9125
0.9987939 0 0.0490997
255 255 255 255
0.130047 0.578261
0 0 0 0
1 0 0 0
0.458012 -0.001633 -0.9125
0 1 0
255 255 255 255
0.875203 0.132058
0 0 0 0
1 0 0 0
0.674095 -0.001633 -0.9125
0 1 0
255 255 255 255
0.9382 0.132058
0 0 0 0
1 0 0 0
0.674095 -0.001633 -1.503276
0 1 0
255 255 255 255
0.9382 0.249322
0 0 0 0
1 0 0 0
0.458012 -0.001633 -1.503276
0 1 0
255 255 255 255
0.875203 0.249322
0 0 0 0
1 0 0 0
320 # faces
0 2 1
2 0 3
4 6 5
6 4 7
8 10 9
10 8 11
12 14 13
14 12 15
16 18 17
18 16 19
20 22 21
22 20 23
24 26 25
26 24 27
28 30 29
30 28 31
32 34 33
34 32 35
36 38 37
38 36 39
40 42 41
42 40 43
44 46 45
46 44 47
48 50 49
50 48 51
52 54 53
54 52 55
56 58 57
58 56 59
30 61 60
61 30 62
63 65 64
65 63 66
67 69 68
69 67 70
71 73 72
73 71 74
75 77 76
77 75 78
79 81 80
81 79 82
83 85 84
85 83 86
87 89 88
89 87 90
91 93 92
93 91 94
95 97 96
97 95 98
99 101 100
101 99 102
103 105 104
105 103 106
107 109 108
109 107 110
111 113 112
113 111 114
115 117 116
117 115 118
119 121 120
121 119 122
123 125 124
125 123 126
127 129 128
129 127 130
6 132 131
132 6 7
133 8 134
8 133 11
135 137 136
137 135 138
16 139 19
139 16 140
141 22 23
22 141 142
143 145 144
145 143 146
28 147 31
147 28 148
149 151 150
151 149 152
36 153 39
153 36 154
42 156 155
156 42 43
157 159 158
159 157 160
161 50 51
50 161 162
52 163 55
163 52 164
165 167 166
167 165 168
61 147 169
147 61 62
170 172 171
172 170 173
174 176 175
176 174 177
178 180 179
180 178 181
182 184 183
184 182 185
186 188 187
188 186 189
190 192 191
192 190 193
194 196 195
196 194 197
198 200 199
200 198 201
202 204 203
204 202 205
206 208 207
208 206 209
210 212 211
212 210 213
214 216 215
216 214 217
218 220 219
220 218 221
222 224 223
224 222 225
226 228 227
228 226 229
230 232 231
232 230 233
234 236 235
236 234 237
5 238 4
238 5 239
240 10 241
10 240 9
242 14 243
14 242 13
18 244 17
244 18 245
21 246 20
246 21 247
25 248 24
248 25 249
145 249 144
249 145 248
30 250 29
250 30 251
252 254 253
254 252 255
38 256 37
256 38 257
258 41 259
41 258 40
260 45 261
45 260 44
49 262 48
262 49 263
54 264 53
264 54 265
58 266 57
266 58 267
166 267 165
267 166 266
60 268 30
268 60 269
270 272 271
272 270 273
68 274 67
274 68 275
276 73 277
73 276 72
278 77 279
77 278 76
81 280 80
280 81 281
84 282 83
282 84 283
88 284 87
284 88 285
93 286 92
286 93 287
288 290 289
290 288 291
101 292 100
292 101 293
294 104 295
104 294 103
296 108 297
108 296 107
112 298 111
298 112 299
117 300 116
300 117 301
121 302 120
302 121 303
124 304 123
304 124 305
306 308 307
308 306 309
132 310 131
310 132 311
312 134 313
134 312 133
243 136 242
136 243 135
140 314 139
314 140 315
141 316 142
316 141 317
148 318 147
318 148 319
320 322 321
322 320 323
154 324 153
324 154 325
326 156 327
156 326 155
261 159 260
159 261 158
161 328 162
328 161 329
164 330 163
330 164 331
147 332 169
332 147 333
334 336 335
336 334 337
176 338 175
338 176 339
340 179 341
179 340 178
342 183 343
183 342 182
187 344 186
344 187 345
192 346 191
346 192 347
196 348 195
348 196 349
199 350 198
350 199 351
352 354 353
354 352 355
207 356 206
356 207 357
358 212 359
212 358 211
360 216 361
216 360 215
220 362 219
362 220 363
223 364 222
364 223 365
227 366 226
366 227 367
232 368 231
368 232 369
370 372 371
372 370 373
374 376 375
376 374 377
378 380 379
380 378 381
382 384 383
384 382 385
386 388 387
388 386 389
390 392 391
392 390 393
394 396 395
396 394 397
398 400 399
400 398 401
402 404 403
404 402 405
406 408 407
408 406 409
410 412 411
412 410 413
414 416 415
416 414 417
418 420 419
420 418 421
422 424 423
424 422 425
426 428 427
428 426 429
430 432 431
432 430 433
434 436 435
436 434 437
438 440 439
440 438 441
442 444 443
444 442 445
446 448 447
448 446 449
450 452 451
452 450 453
454 456 455
456 454 457
458 460 459
460 458 461
462 464 463
464 462 465
466 468 467
468 466 469
470 472 471
472 470 473
474 476 475
476 474 477
478 480 479
480 478 481
482 484 483
484 482 485
486 488 487
488 486 489
490 492 491
492 490 493
494 496 495
496 494 497
