1 # bones
root
-1
0 0 0
1 # meshes
10_Road-Streight_0_0_0_root_root
1 # uv layers
1 # textures
atlas.jpg
0 # uv layer index
128 # vertices
0.216084 -0.00076 2E-06
-1 0 0
255 255 255 255
0.125847 0.500684
0 0 0 0
1 0 0 0
0.216084 -0.000761 0.619574
-1 0 0
255 255 255 255
0.125847 0.582042
0 0 0 0
1 0 0 0
0.216084 0.002977 0.619574
-1 0 0
255 255 255 255
0.126343 0.582042
0 0 0 0
1 0 0 0
0.216084 0.002977 2E-06
-1 0 0
255 255 255 255
0.126343 0.500684
0 0 0 0
1 0 0 0
0.309788 -0.018874 0.619574
1 0 0
255 255 255 255
0.130562 0.582042
0 0 0 0
1 0 0 0
0.309788 -0.018874 2E-06
1 0 0
255 255 255 255
0.130562 0.500684
0 0 0 0
1 0 0 0
0.309788 0.002977 2E-06
1 0 0
255 255 255 255
0.127663 0.500684
0 0 0 0
1 0 0 0
0.309788 0.002977 0.619574
1 0 0
255 255 255 255
0.127663 0.582042
0 0 0 0
1 0 0 0
0.309788 0.002977 0.619574
0 1 0
255 255 255 255
0.127663 0.582042
0 0 0 0
1 0 0 0
0.309788 0.002977 2E-06
0 1 0
255 255 255 255
0.127663 0.500684
0 0 0 0
1 0 0 0
0.299815 0.002977 2E-06
0 1 0
255 255 255 255
0.12634 0.500684
0 0 0 0
1 0 0 0
0.299815 0.002977 0.619574
0 1 0
255 255 255 255
0.12634 0.582042
0 0 0 0
1 0 0 0
0.216084 0.002977 2E-06
0 1 0
255 255 255 255
0.126343 0.500684
0 0 0 0
1 0 0 0
0.216084 0.002977 0.619574
0 1 0
255 255 255 255
0.126343 0.582042
0 0 0 0
1 0 0 0
0.226056 0.002977 0.619574
0 1 0
255 255 255 255
0.127666 0.582042
0 0 0 0
1 0 0 0
0.226056 0.002977 2E-06
0 1 0
255 255 255 255
0.127666 0.500684
0 0 0 0
1 0 0 0
0.299815 -0.000761 0.619574
0 1 0
255 255 255 255
0.171486 0.500504
0 0 0 0
1 0 0 0
0.299815 -0.00076 2E-06
0 1 0
255 255 255 255
0.171486 0.624131
0 0 0 0
1 0 0 0
0.226056 -0.00076 2E-06
0 1 0
255 255 255 255
0.186204 0.624131
0 0 0 0
1 0 0 0
0.226056 -0.000761 0.619574
0 1 0
255 255 255 255
0.186204 0.500504
0 0 0 0
1 0 0 0
0.226056 -0.00076 2E-06
1 0 0
255 255 255 255
0.128162 0.500684
0 0 0 0
1 0 0 0
0.226056 0.002977 2E-06
1 0 0
255 255 255 255
0.127666 0.500684
0 0 0 0
1 0 0 0
0.226056 0.002977 0.619574
1 0 0
255 255 255 255
0.127666 0.582042
0 0 0 0
1 0 0 0
0.226056 -0.000761 0.619574
1 0 0
255 255 255 255
0.128162 0.582042
0 0 0 0
1 0 0 0
0.299815 -0.000761 0.619574
-1 0 0
255 255 255 255
0.125844 0.582042
0 0 0 0
1 0 0 0
0.299815 0.002977 0.619574
-1 0 0
255 255 255 255
0.12634 0.582042
0 0 0 0
1 0 0 0
0.299815 0.002977 2E-06
-1 0 0
255 255 255 255
0.12634 0.500684
0 0 0 0
1 0 0 0
0.299815 -0.00076 2E-06
-1 0 0
255 255 255 255
0.125844 0.500684
0 0 0 0
1 0 0 0
0.216084 -0.000761 0.619574
0 1 0
255 255 255 255
0.124672 0.624477
0 0 0 0
1 0 0 0
0.216084 -0.00076 2E-06
0 1 0
255 255 255 255
0.124672 0.501498
0 0 0 0
1 0 0 0
1E-06 -0.00076 2E-06
0 1 0
255 255 255 255
0.063037 0.501498
0 0 0 0
1 0 0 0
1E-06 -0.000761 0.619574
0 1 0
255 255 255 255
0.063037 0.624477
0 0 0 0
1 0 0 0
-0.216082 -0.00076 2E-06
1 0 0
255 255 255 255
0.128194 0.500684
0 0 0 0
1 0 0 0
-0.216082 0.002977 2E-06
1 0 0
255 255 255 255
0.127699 0.500684
0 0 0 0
1 0 0 0
-0.216082 0.002977 0.619574
1 0 0
255 255 255 255
0.127699 0.582042
0 0 0 0
1 0 0 0
-0.216082 -0.000761 0.619574
1 0 0
255 255 255 255
0.128194 0.582042
0 0 0 0
1 0 0 0
-0.309785 -0.018874 0.619574
-1 0 0
255 255 255 255
0.125825 0.582042
0 0 0 0
1 0 0 0
-0.309785 0.002977 0.619574
-1 0 0
255 255 255 255
0.128724 0.582042
0 0 0 0
1 0 0 0
-0.309785 0.002977 2E-06
-1 0 0
255 255 255 255
0.128724 0.500684
0 0 0 0
1 0 0 0
-0.309785 -0.018874 2E-06
-1 0 0
255 255 255 255
0.125825 0.500684
0 0 0 0
1 0 0 0
-0.309785 0.002977 0.619574
0 1 0
255 255 255 255
0.128724 0.582042
0 0 0 0
1 0 0 0
-0.299813 0.002977 0.619574
0 1 0
255 255 255 255
0.130047 0.582042
0 0 0 0
1 0 0 0
-0.299813 0.002977 2E-06
0 1 0
255 255 255 255
0.130047 0.500684
0 0 0 0
1 0 0 0
-0.309785 0.002977 2E-06
0 1 0
255 255 255 255
0.128724 0.500684
0 0 0 0
1 0 0 0
-0.216082 0.002977 2E-06
0 1 0
255 255 255 255
0.127699 0.500684
0 0 0 0
1 0 0 0
-0.226055 0.002977 2E-06
0 1 0
255 255 255 255
0.126376 0.500684
0 0 0 0
1 0 0 0
-0.226055 0.002977 0.619574
0 1 0
255 255 255 255
0.126376 0.582042
0 0 0 0
1 0 0 0
-0.216082 0.002977 0.619574
0 1 0
255 255 255 255
0.127699 0.582042
0 0 0 0
1 0 0 0
-0.299813 -0.000761 0.619574
0 1 0
255 255 255 255
0.171392 0.500504
0 0 0 0
1 0 0 0
-0.226055 -0.000761 0.619574
0 1 0
255 255 255 255
0.156674 0.500504
0 0 0 0
1 0 0 0
-0.226055 -0.00076 2E-06
0 1 0
255 255 255 255
0.156674 0.624132
0 0 0 0
1 0 0 0
-0.299813 -0.00076 2E-06
0 1 0
255 255 255 255
0.171392 0.624132
0 0 0 0
1 0 0 0
-0.226055 -0.00076 2E-06
-1 0 0
255 255 255 255
0.12588 0.500684
0 0 0 0
1 0 0 0
-0.226055 -0.000761 0.619574
-1 0 0
255 255 255 255
0.12588 0.582042
0 0 0 0
1 0 0 0
-0.226055 0.002977 0.619574
-1 0 0
255 255 255 255
0.126376 0.582042
0 0 0 0
1 0 0 0
-0.226055 0.002977 2E-06
-1 0 0
255 255 255 255
0.126376 0.500684
0 0 0 0
1 0 0 0
-0.299813 -0.000761 0.619574
1 0 0
255 255 255 255
0.130543 0.582042
0 0 0 0
1 0 0 0
-0.299813 -0.00076 2E-06
1 0 0
255 255 255 255
0.130543 0.500684
0 0 0 0
1 0 0 0
-0.299813 0.002977 2E-06
1 0 0
255 255 255 255
0.130047 0.500684
0 0 0 0
1 0 0 0
-0.299813 0.002977 0.619574
1 0 0
255 255 255 255
0.130047 0.582042
0 0 0 0
1 0 0 0
-0.216082 -0.000761 0.619574
0 1 0
255 255 255 255
0.000225 0.501498
0 0 0 0
1 0 0 0
1E-06 -0.000761 0.619574
0 1 0
255 255 255 255
0.062967 0.501498
0 0 0 0
1 0 0 0
1E-06 -0.00076 2E-06
0 1 0
255 255 255 255
0.062967 0.624477
0 0 0 0
1 0 0 0
-0.216082 -0.00076 2E-06
0 1 0
255 255 255 255
0.000225 0.624477
0 0 0 0
1 0 0 0
0.216084 -0.00076 -0.619571
-1 0 0
255 255 255 255
0.12588 0.500684
0 0 0 0
1 0 0 0
0.216084 -0.00076 2E-06
-1 0 0
255 255 255 255
0.12588 0.582042
0 0 0 0
1 0 0 0
0.216084 0.002977 2E-06
-1 0 0
255 255 255 255
0.126376 0.582042
0 0 0 0
1 0 0 0
0.216084 0.002978 -0.619571
-1 0 0
255 255 255 255
0.126376 0.500684
0 0 0 0
1 0 0 0
0.309788 -0.018874 2E-06
1 0 0
255 255 255 255
0.130541 0.582042
0 0 0 0
1 0 0 0
0.309788 -0.018873 -0.619571
1 0 0
255 255 255 255
0.130541 0.500684
0 0 0 0
1 0 0 0
0.309788 0.002978 -0.619571
1 0 0
255 255 255 255
0.127642 0.500684
0 0 0 0
1 0 0 0
0.309788 0.002977 2E-06
1 0 0
255 255 255 255
0.127642 0.582042
0 0 0 0
1 0 0 0
0.309788 0.002977 2E-06
0 1 0
255 255 255 255
0.127642 0.582042
0 0 0 0
1 0 0 0
0.309788 0.002978 -0.619571
0 1 0
255 255 255 255
0.127642 0.500684
0 0 0 0
1 0 0 0
0.299815 0.002978 -0.619571
0 1 0
255 255 255 255
0.126319 0.500684
0 0 0 0
1 0 0 0
0.299815 0.002977 2E-06
0 1 0
255 255 255 255
0.126319 0.582042
0 0 0 0
1 0 0 0
0.216084 0.002978 -0.619571
0 1 0
255 255 255 255
0.126376 0.500684
0 0 0 0
1 0 0 0
0.216084 0.002977 2E-06
0 1 0
255 255 255 255
0.126376 0.582042
0 0 0 0
1 0 0 0
0.226056 0.002977 2E-06
0 1 0
255 255 255 255
0.127699 0.582042
0 0 0 0
1 0 0 0
0.226056 0.002978 -0.619571
0 1 0
255 255 255 255
0.127699 0.500684
0 0 0 0
1 0 0 0
0.299815 -0.00076 2E-06
0 1 0
255 255 255 255
0.144215 0.500504
0 0 0 0
1 0 0 0
0.299815 -0.00076 -0.619571
0 1 0
255 255 255 255
0.144215 0.624132
0 0 0 0
1 0 0 0
0.226056 -0.00076 -0.619571
0 1 0
255 255 255 255
0.158933 0.624132
0 0 0 0
1 0 0 0
0.226056 -0.00076 2E-06
0 1 0
255 255 255 255
0.158933 0.500504
0 0 0 0
1 0 0 0
0.226056 -0.00076 -0.619571
1 0 0
255 255 255 255
0.128194 0.500684
0 0 0 0
1 0 0 0
0.226056 0.002978 -0.619571
1 0 0
255 255 255 255
0.127699 0.500684
0 0 0 0
1 0 0 0
0.226056 0.002977 2E-06
1 0 0
255 255 255 255
0.127699 0.582042
0 0 0 0
1 0 0 0
0.226056 -0.00076 2E-06
1 0 0
255 255 255 255
0.128194 0.582042
0 0 0 0
1 0 0 0
0.299815 -0.00076 2E-06
-1 0 0
255 255 255 255
0.125824 0.582042
0 0 0 0
1 0 0 0
0.299815 0.002977 2E-06
-1 0 0
255 255 255 255
0.126319 0.582042
0 0 0 0
1 0 0 0
0.299815 0.002978 -0.619571
-1 0 0
255 255 255 255
0.126319 0.500684
0 0 0 0
1 0 0 0
0.299815 -0.00076 -0.619571
-1 0 0
255 255 255 255
0.125824 0.500684
0 0 0 0
1 0 0 0
0.216084 -0.00076 2E-06
0 1 0
255 255 255 255
0.9998 0.249322
0 0 0 0
1 0 0 0
0.216084 -0.00076 -0.619571
0 1 0
255 255 255 255
0.9998 0.126343
0 0 0 0
1 0 0 0
1E-06 -0.00076 -0.619571
0 1 0
255 255 255 255
0.93827 0.126342
0 0 0 0
1 0 0 0
1E-06 -0.00076 2E-06
0 1 0
255 255 255 255
0.93827 0.249322
0 0 0 0
1 0 0 0
-0.216082 -0.00076 -0.619571
1 0 0
255 255 255 255
0.128194 0.500684
0 0 0 0
1 0 0 0
-0.216082 0.002978 -0.619571
1 0 0
255 255 255 255
0.127699 0.500684
0 0 0 0
1 0 0 0
-0.216082 0.002977 2E-06
1 0 0
255 255 255 255
0.127699 0.582042
0 0 0 0
1 0 0 0
-0.216082 -0.00076 2E-06
1 0 0
255 255 255 255
0.128194 0.582042
0 0 0 0
1 0 0 0
-0.309785 -0.018874 2E-06
-1 0 0
255 255 255 255
0.125825 0.582042
0 0 0 0
1 0 0 0
-0.309785 0.002977 2E-06
-1 0 0
255 255 255 255
0.128724 0.582042
0 0 0 0
1 0 0 0
-0.309785 0.002978 -0.619571
-1 0 0
255 255 255 255
0.128724 0.500684
0 0 0 0
1 0 0 0
-0.309785 -0.018873 -0.619571
-1 0 0
255 255 255 255
0.125825 0.500684
0 0 0 0
1 0 0 0
-0.309785 0.002977 2E-06
0 1 0
255 255 255 255
0.128724 0.582042
0 0 0 0
1 0 0 0
-0.299813 0.002977 2E-06
0 1 0
255 255 255 255
0.130047 0.582042
0 0 0 0
1 0 0 0
-0.299813 0.002978 -0.619571
0 1 0
255 255 255 255
0.130047 0.500684
0 0 0 0
1 0 0 0
-0.309785 0.002978 -0.619571
0 1 0
255 255 255 255
0.128724 0.500684
0 0 0 0
1 0 0 0
-0.216082 0.002978 -0.619571
0 1 0
255 255 255 255
0.127699 0.500684
0 0 0 0
1 0 0 0
-0.226055 0.002978 -0.619571
0 1 0
255 255 255 255
0.126376 0.500684
0 0 0 0
1 0 0 0
-0.226055 0.002977 2E-06
0 1 0
255 255 255 255
0.126376 0.582042
0 0 0 0
1 0 0 0
-0.216082 0.002977 2E-06
0 1 0
255 255 255 255
0.127699 0.582042
0 0 0 0
1 0 0 0
-0.299813 -0.00076 2E-06
0 1 0
255 255 255 255
0.146391 0.500504
0 0 0 0
1 0 0 0
-0.226055 -0.00076 2E-06
0 1 0
255 255 255 255
0.131673 0.500504
0 0 0 0
1 0 0 0
-0.226055 -0.00076 -0.619571
0 1 0
255 255 255 255
0.131673 0.624131
0 0 0 0
1 0 0 0
-0.299813 -0.00076 -0.619571
0 1 0
255 255 255 255
0.146391 0.624131
0 0 0 0
1 0 0 0
-0.226055 -0.00076 -0.619571
-1 0 0
255 255 255 255
0.12588 0.500684
0 0 0 0
1 0 0 0
-0.226055 -0.00076 2E-06
-1 0 0
255 255 255 255
0.12588 0.582042
0 0 0 0
1 0 0 0
-0.226055 0.002977 2E-06
-1 0 0
255 255 255 255
0.126376 0.582042
0 0 0 0
1 0 0 0
-0.226055 0.002978 -0.619571
-1 0 0
255 255 255 255
0.126376 0.500684
0 0 0 0
1 0 0 0
-0.299813 -0.00076 2E-06
1 0 0
255 255 255 255
0.130543 0.582042
0 0 0 0
1 0 0 0
-0.299813 -0.00076 -0.619571
1 0 0
255 255 255 255
0.130543 0.500684
0 0 0 0
1 0 0 0
-0.299813 0.002978 -0.619571
1 0 0
255 255 255 255
0.130047 0.500684
0 0 0 0
1 0 0 0
-0.299813 0.002977 2E-06
1 0 0
255 255 255 255
0.130047 0.582042
0 0 0 0
1 0 0 0
-0.216082 -0.00076 2E-06
0 1 0
255 255 255 255
0.875203 0.126342
0 0 0 0
1 0 0 0
1E-06 -0.00076 2E-06
0 1 0
255 255 255 255
0.9382 0.126342
0 0 0 0
1 0 0 0
1E-06 -0.00076 -0.619571
0 1 0
255 255 255 255
0.9382 0.249322
0 0 0 0
1 0 0 0
-0.216082 -0.00076 -0.619571
0 1 0
255 255 255 255
0.875203 0.249322
0 0 0 0
1 0 0 0
64 # faces
0 2 1
2 0 3
4 6 5
6 4 7
8 10 9
10 8 11
12 14 13
14 12 15
16 18 17
18 16 19
20 22 21
22 20 23
24 26 25
26 24 27
28 30 29
30 28 31
32 34 33
34 32 35
36 38 37
38 36 39
40 42 41
42 40 43
44 46 45
46 44 47
48 50 49
50 48 51
52 54 53
54 52 55
56 58 57
58 56 59
60 62 61
62 60 63
64 66 65
66 64 67
68 70 69
70 68 71
72 74 73
74 72 75
76 78 77
78 76 79
80 82 81
82 80 83
84 86 85
86 84 87
88 90 89
90 88 91
92 94 93
94 92 95
96 98 97
98 96 99
100 102 101
102 100 103
104 106 105
106 104 107
108 110 109
110 108 111
112 114 113
114 112 115
116 118 117
118 116 119
120 122 121
122 120 123
124 126 125
126 124 127
