1 # bones
root
-1
0 0 0
1 # meshes
10_Road-Streight-A_0_0_0_root_root
1 # uv layers
1 # textures
atlas.jpg
0 # uv layer index
64 # vertices
0.216083 -0.000761 -0.309786
-1 0 0
255 255 255 255
0.12588 0.500684
0 0 0 0
1 0 0 0
0.216083 -0.000761 0.309787
-1 0 0
255 255 255 255
0.12588 0.582042
0 0 0 0
1 0 0 0
0.216083 0.002977 0.309787
-1 0 0
255 255 255 255
0.126376 0.582042
0 0 0 0
1 0 0 0
0.216083 0.002977 -0.309786
-1 0 0
255 255 255 255
0.126376 0.500684
0 0 0 0
1 0 0 0
0.309787 -0.018874 0.309787
1 0 0
255 255 255 255
0.130541 0.582042
0 0 0 0
1 0 0 0
0.309787 -0.018874 -0.309786
1 0 0
255 255 255 255
0.130541 0.500684
0 0 0 0
1 0 0 0
0.309787 0.002977 -0.309786
1 0 0
255 255 255 255
0.127642 0.500684
0 0 0 0
1 0 0 0
0.309787 0.002977 0.309787
1 0 0
255 255 255 255
0.127642 0.582042
0 0 0 0
1 0 0 0
0.309787 0.002977 0.309787
0 1 0
255 255 255 255
0.127642 0.582042
0 0 0 0
1 0 0 0
0.309787 0.002977 -0.309786
0 1 0
255 255 255 255
0.127642 0.500684
0 0 0 0
1 0 0 0
0.299815 0.002977 -0.309786
0 1 0
255 255 255 255
0.126319 0.500684
0 0 0 0
1 0 0 0
0.299815 0.002977 0.309787
0 1 0
255 255 255 255
0.126319 0.582042
0 0 0 0
1 0 0 0
0.216083 0.002977 -0.309786
0 1 0
255 255 255 255
0.126376 0.500684
0 0 0 0
1 0 0 0
0.216083 0.002977 0.309787
0 1 0
255 255 255 255
0.126376 0.582042
0 0 0 0
1 0 0 0
0.226056 0.002977 0.309787
0 1 0
255 255 255 255
0.127699 0.582042
0 0 0 0
1 0 0 0
0.226056 0.002977 -0.309786
0 1 0
255 255 255 255
0.127699 0.500684
0 0 0 0
1 0 0 0
0.299815 -0.000761 0.309787
0 1 0
255 255 255 255
0.144215 0.500504
0 0 0 0
1 0 0 0
0.299815 -0.000761 -0.309786
0 1 0
255 255 255 255
0.144215 0.624132
0 0 0 0
1 0 0 0
0.226056 -0.000761 -0.309786
0 1 0
255 255 255 255
0.158933 0.624132
0 0 0 0
1 0 0 0
0.226056 -0.000761 0.309787
0 1 0
255 255 255 255
0.158933 0.500504
0 0 0 0
1 0 0 0
0.226056 -0.000761 -0.309786
1 0 0
255 255 255 255
0.128194 0.500684
0 0 0 0
1 0 0 0
0.226056 0.002977 -0.309786
1 0 0
255 255 255 255
0.127699 0.500684
0 0 0 0
1 0 0 0
0.226056 0.002977 0.309787
1 0 0
255 255 255 255
0.127699 0.582042
0 0 0 0
1 0 0 0
0.226056 -0.000761 0.309787
1 0 0
255 255 255 255
0.128194 0.582042
0 0 0 0
1 0 0 0
0.299815 -0.000761 0.309787
-1 0 0
255 255 255 255
0.125824 0.582042
0 0 0 0
1 0 0 0
0.299815 0.002977 0.309787
-1 0 0
255 255 255 255
0.126319 0.582042
0 0 0 0
1 0 0 0
0.299815 0.002977 -0.309786
-1 0 0
255 255 255 255
0.126319 0.500684
0 0 0 0
1 0 0 0
0.299815 -0.000761 -0.309786
-1 0 0
255 255 255 255
0.125824 0.500684
0 0 0 0
1 0 0 0
0.216083 -0.000761 0.309787
0 1 0
255 255 255 255
0.9998 0.249322
0 0 0 0
1 0 0 0
0.216083 -0.000761 -0.309786
0 1 0
255 255 255 255
0.9998 0.126343
0 0 0 0
1 0 0 0
0 -0.000761 -0.309786
0 1 0
255 255 255 255
0.93827 0.126342
0 0 0 0
1 0 0 0
0 -0.000761 0.309787
0 1 0
255 255 255 255
0.93827 0.249322
0 0 0 0
1 0 0 0
-0.216083 -0.000761 -0.309786
1 0 0
255 255 255 255
0.128194 0.500684
0 0 0 0
1 0 0 0
-0.216083 0.002977 -0.309786
1 0 0
255 255 255 255
0.127699 0.500684
0 0 0 0
1 0 0 0
-0.216083 0.002977 0.309787
1 0 0
255 255 255 255
0.127699 0.582042
0 0 0 0
1 0 0 0
-0.216083 -0.000761 0.309787
1 0 0
255 255 255 255
0.128194 0.582042
0 0 0 0
1 0 0 0
-0.309786 -0.018874 0.309787
-1 0 0
255 255 255 255
0.125825 0.582042
0 0 0 0
1 0 0 0
-0.309786 0.002977 0.309787
-1 0 0
255 255 255 255
0.128724 0.582042
0 0 0 0
1 0 0 0
-0.309786 0.002977 -0.309786
-1 0 0
255 255 255 255
0.128724 0.500684
0 0 0 0
1 0 0 0
-0.309786 -0.018874 -0.309786
-1 0 0
255 255 255 255
0.125825 0.500684
0 0 0 0
1 0 0 0
-0.309786 0.002977 0.309787
0 1 0
255 255 255 255
0.128724 0.582042
0 0 0 0
1 0 0 0
-0.299814 0.002977 0.309787
0 1 0
255 255 255 255
0.130047 0.582042
0 0 0 0
1 0 0 0
-0.299814 0.002977 -0.309786
0 1 0
255 255 255 255
0.130047 0.500684
0 0 0 0
1 0 0 0
-0.309786 0.002977 -0.309786
0 1 0
255 255 255 255
0.128724 0.500684
0 0 0 0
1 0 0 0
-0.216083 0.002977 -0.309786
0 1 0
255 255 255 255
0.127699 0.500684
0 0 0 0
1 0 0 0
-0.226055 0.002977 -0.309786
0 1 0
255 255 255 255
0.126376 0.500684
0 0 0 0
1 0 0 0
-0.226055 0.002977 0.309787
0 1 0
255 255 255 255
0.126376 0.582042
0 0 0 0
1 0 0 0
-0.216083 0.002977 0.309787
0 1 0
255 255 255 255
0.127699 0.582042
0 0 0 0
1 0 0 0
-0.299814 -0.000761 0.309787
0 1 0
255 255 255 255
0.146391 0.500504
0 0 0 0
1 0 0 0
-0.226055 -0.000761 0.309787
0 1 0
255 255 255 255
0.131673 0.500504
0 0 0 0
1 0 0 0
-0.226055 -0.000761 -0.309786
0 1 0
255 255 255 255
0.131673 0.624131
0 0 0 0
1 0 0 0
-0.299814 -0.000761 -0.309786
0 1 0
255 255 255 255
0.146391 0.624131
0 0 0 0
1 0 0 0
-0.226055 -0.000761 -0.309786
-1 0 0
255 255 255 255
0.12588 0.500684
0 0 0 0
1 0 0 0
-0.226055 -0.000761 0.309787
-1 0 0
255 255 255 255
0.12588 0.582042
0 0 0 0
1 0 0 0
-0.226055 0.002977 0.309787
-1 0 0
255 255 255 255
0.126376 0.582042
0 0 0 0
1 0 0 0
-0.226055 0.002977 -0.309786
-1 0 0
255 255 255 255
0.126376 0.500684
0 0 0 0
1 0 0 0
-0.299814 -0.000761 0.309787
1 0 0
255 255 255 255
0.130543 0.582042
0 0 0 0
1 0 0 0
-0.299814 -0.000761 -0.309786
1 0 0
255 255 255 255
0.130543 0.500684
0 0 0 0
1 0 0 0
-0.299814 0.002977 -0.309786
1 0 0
255 255 255 255
0.130047 0.500684
0 0 0 0
1 0 0 0
-0.299814 0.002977 0.309787
1 0 0
255 255 255 255
0.130047 0.582042
0 0 0 0
1 0 0 0
-0.216083 -0.000761 0.309787
0 1 0
255 255 255 255
0.875203 0.126342
0 0 0 0
1 0 0 0
0 -0.000761 0.309787
0 1 0
255 255 255 255
0.9382 0.126342
0 0 0 0
1 0 0 0
0 -0.000761 -0.309786
0 1 0
255 255 255 255
0.9382 0.249322
0 0 0 0
1 0 0 0
-0.216083 -0.000761 -0.309786
0 1 0
255 255 255 255
0.875203 0.249322
0 0 0 0
1 0 0 0
32 # faces
0 2 1
2 0 3
4 6 5
6 4 7
8 10 9
10 8 11
12 14 13
14 12 15
16 18 17
18 16 19
20 22 21
22 20 23
24 26 25
26 24 27
28 30 29
30 28 31
32 34 33
34 32 35
36 38 37
38 36 39
40 42 41
42 40 43
44 46 45
46 44 47
48 50 49
50 48 51
52 54 53
54 52 55
56 58 57
58 56 59
60 62 61
62 60 63
