1 # bones
root
-1
0 0 0
1 # meshes
10_Road-BusStop-Double_0_0_0_root_root
1 # uv layers
1 # textures
atlas.jpg
0 # uv layer index
197 # vertices
-0.228806 -0.000787 0.621292
0 1 0
255 255 255 255
0.124672 0.624477
0 0 0 0
1 0 0 0
-0.228806 -0.000787 0.001719
0 1 0
255 255 255 255
0.124672 0.501498
0 0 0 0
1 0 0 0
-0.44489 -0.000787 0.001719
0 1 0
255 255 255 255
0.063037 0.501498
0 0 0 0
1 0 0 0
-0.44489 -0.000787 0.621292
0 1 0
255 255 255 255
0.063037 0.624477
0 0 0 0
1 0 0 0
-0.660973 -0.000787 0.001719
1 0 0
255 255 255 255
0.128194 0.500684
0 0 0 0
1 0 0 0
-0.660973 0.002951 0.001719
1 0 0
255 255 255 255
0.127699 0.500684
0 0 0 0
1 0 0 0
-0.660973 0.002951 0.621292
1 0 0
255 255 255 255
0.127699 0.582042
0 0 0 0
1 0 0 0
-0.660973 -0.000787 0.621292
1 0 0
255 255 255 255
0.128194 0.582042
0 0 0 0
1 0 0 0
-0.754678 -0.018901 0.621292
-1 0 0
255 255 255 255
0.125825 0.582042
0 0 0 0
1 0 0 0
-0.754678 0.002951 0.621292
-1 0 0
255 255 255 255
0.128724 0.582042
0 0 0 0
1 0 0 0
-0.754678 0.002951 0.001719
-1 0 0
255 255 255 255
0.128724 0.500684
0 0 0 0
1 0 0 0
-0.754678 -0.018901 0.001719
-1 0 0
255 255 255 255
0.125825 0.500684
0 0 0 0
1 0 0 0
-0.754678 0.002951 0.621292
0 1 0
255 255 255 255
0.128724 0.582042
0 0 0 0
1 0 0 0
-0.744705 0.002951 0.621292
0 1 0
255 255 255 255
0.130047 0.582042
0 0 0 0
1 0 0 0
-0.744705 0.002951 0.001719
0 1 0
255 255 255 255
0.130047 0.500684
0 0 0 0
1 0 0 0
-0.754678 0.002951 0.001719
0 1 0
255 255 255 255
0.128724 0.500684
0 0 0 0
1 0 0 0
-0.660973 0.002951 0.001719
0 1 0
255 255 255 255
0.127699 0.500684
0 0 0 0
1 0 0 0
-0.670946 0.002951 0.001719
0 1 0
255 255 255 255
0.126376 0.500684
0 0 0 0
1 0 0 0
-0.670946 0.002951 0.621292
0 1 0
255 255 255 255
0.126376 0.582042
0 0 0 0
1 0 0 0
-0.660973 0.002951 0.621292
0 1 0
255 255 255 255
0.127699 0.582042
0 0 0 0
1 0 0 0
-0.744705 -0.000787 0.621292
0 1 0
255 255 255 255
0.171392 0.500504
0 0 0 0
1 0 0 0
-0.670946 -0.000787 0.621292
0 1 0
255 255 255 255
0.156674 0.500504
0 0 0 0
1 0 0 0
-0.670946 -0.000787 0.001719
0 1 0
255 255 255 255
0.156674 0.624132
0 0 0 0
1 0 0 0
-0.744705 -0.000787 0.001719
0 1 0
255 255 255 255
0.171392 0.624132
0 0 0 0
1 0 0 0
-0.670946 -0.000787 0.001719
-1 0 0
255 255 255 255
0.12588 0.500684
0 0 0 0
1 0 0 0
-0.670946 -0.000787 0.621292
-1 0 0
255 255 255 255
0.12588 0.582042
0 0 0 0
1 0 0 0
-0.670946 0.002951 0.621292
-1 0 0
255 255 255 255
0.126376 0.582042
0 0 0 0
1 0 0 0
-0.670946 0.002951 0.001719
-1 0 0
255 255 255 255
0.126376 0.500684
0 0 0 0
1 0 0 0
-0.744705 -0.000787 0.621292
1 0 0
255 255 255 255
0.130543 0.582042
0 0 0 0
1 0 0 0
-0.744705 -0.000787 0.001719
1 0 0
255 255 255 255
0.130543 0.500684
0 0 0 0
1 0 0 0
-0.744705 0.002951 0.001719
1 0 0
255 255 255 255
0.130047 0.500684
0 0 0 0
1 0 0 0
-0.744705 0.002951 0.621292
1 0 0
255 255 255 255
0.130047 0.582042
0 0 0 0
1 0 0 0
-0.660973 -0.000787 0.621292
0 1 0
255 255 255 255
0.000225 0.501498
0 0 0 0
1 0 0 0
-0.44489 -0.000787 0.621292
0 1 0
255 255 255 255
0.062967 0.501498
0 0 0 0
1 0 0 0
-0.44489 -0.000787 0.001719
0 1 0
255 255 255 255
0.062967 0.624477
0 0 0 0
1 0 0 0
-0.660973 -0.000787 0.001719
0 1 0
255 255 255 255
0.000225 0.624477
0 0 0 0
1 0 0 0
-0.228806 -0.000787 0.001719
0 1 0
255 255 255 255
0.9998 0.249322
0 0 0 0
1 0 0 0
-0.228806 -0.000787 -0.617853
0 1 0
255 255 255 255
0.9998 0.126343
0 0 0 0
1 0 0 0
-0.44489 -0.000787 -0.617853
0 1 0
255 255 255 255
0.93827 0.126342
0 0 0 0
1 0 0 0
-0.44489 -0.000787 0.001719
0 1 0
255 255 255 255
0.93827 0.249322
0 0 0 0
1 0 0 0
-0.660973 -0.000787 -0.617853
1 0 0
255 255 255 255
0.128194 0.500684
0 0 0 0
1 0 0 0
-0.660973 0.002951 -0.617853
1 0 0
255 255 255 255
0.127699 0.500684
0 0 0 0
1 0 0 0
-0.660973 0.002951 0.001719
1 0 0
255 255 255 255
0.127699 0.582042
0 0 0 0
1 0 0 0
-0.660973 -0.000787 0.001719
1 0 0
255 255 255 255
0.128194 0.582042
0 0 0 0
1 0 0 0
-0.754678 -0.018901 0.001719
-1 0 0
255 255 255 255
0.125825 0.582042
0 0 0 0
1 0 0 0
-0.754678 0.002951 0.001719
-1 0 0
255 255 255 255
0.128724 0.582042
0 0 0 0
1 0 0 0
-0.754678 0.002951 -0.617853
-1 0 0
255 255 255 255
0.128724 0.500684
0 0 0 0
1 0 0 0
-0.754678 -0.018901 -0.617853
-1 0 0
255 255 255 255
0.125825 0.500684
0 0 0 0
1 0 0 0
-0.754678 0.002951 0.001719
0 1 0
255 255 255 255
0.128724 0.582042
0 0 0 0
1 0 0 0
-0.744705 0.002951 0.001719
0 1 0
255 255 255 255
0.130047 0.582042
0 0 0 0
1 0 0 0
-0.744705 0.002951 -0.617853
0 1 0
255 255 255 255
0.130047 0.500684
0 0 0 0
1 0 0 0
-0.754678 0.002951 -0.617853
0 1 0
255 255 255 255
0.128724 0.500684
0 0 0 0
1 0 0 0
-0.660973 0.002951 -0.617853
0 1 0
255 255 255 255
0.127699 0.500684
0 0 0 0
1 0 0 0
-0.670946 0.002951 -0.617853
0 1 0
255 255 255 255
0.126376 0.500684
0 0 0 0
1 0 0 0
-0.670946 0.002951 0.001719
0 1 0
255 255 255 255
0.126376 0.582042
0 0 0 0
1 0 0 0
-0.660973 0.002951 0.001719
0 1 0
255 255 255 255
0.127699 0.582042
0 0 0 0
1 0 0 0
-0.744705 -0.000787 0.001719
0 1 0
255 255 255 255
0.146391 0.500504
0 0 0 0
1 0 0 0
-0.670946 -0.000787 0.001719
0 1 0
255 255 255 255
0.131673 0.500504
0 0 0 0
1 0 0 0
-0.670946 -0.000787 -0.617853
0 1 0
255 255 255 255
0.131673 0.624131
0 0 0 0
1 0 0 0
-0.744705 -0.000787 -0.617853
0 1 0
255 255 255 255
0.146391 0.624131
0 0 0 0
1 0 0 0
-0.670946 -0.000787 -0.617853
-1 0 0
255 255 255 255
0.12588 0.500684
0 0 0 0
1 0 0 0
-0.670946 -0.000787 0.001719
-1 0 0
255 255 255 255
0.12588 0.582042
0 0 0 0
1 0 0 0
-0.670946 0.002951 0.001719
-1 0 0
255 255 255 255
0.126376 0.582042
0 0 0 0
1 0 0 0
-0.670946 0.002951 -0.617853
-1 0 0
255 255 255 255
0.126376 0.500684
0 0 0 0
1 0 0 0
-0.744705 -0.000787 0.001719
1 0 0
255 255 255 255
0.130543 0.582042
0 0 0 0
1 0 0 0
-0.744705 -0.000787 -0.617853
1 0 0
255 255 255 255
0.130543 0.500684
0 0 0 0
1 0 0 0
-0.744705 0.002951 -0.617853
1 0 0
255 255 255 255
0.130047 0.500684
0 0 0 0
1 0 0 0
-0.744705 0.002951 0.001719
1 0 0
255 255 255 255
0.130047 0.582042
0 0 0 0
1 0 0 0
-0.660973 -0.000787 0.001719
0 1 0
255 255 255 255
0.875203 0.126342
0 0 0 0
1 0 0 0
-0.44489 -0.000787 0.001719
0 1 0
255 255 255 255
0.9382 0.126342
0 0 0 0
1 0 0 0
-0.44489 -0.000787 -0.617853
0 1 0
255 255 255 255
0.9382 0.249322
0 0 0 0
1 0 0 0
-0.660973 -0.000787 -0.617853
0 1 0
255 255 255 255
0.875203 0.249322
0 0 0 0
1 0 0 0
-0.012725 -0.000787 0.621292
0 1 0
255 255 255 255
0.063037 0.624477
0 0 0 0
1 0 0 0
-0.012725 -0.000787 0.001719
0 1 0
255 255 255 255
0.063037 0.501498
0 0 0 0
1 0 0 0
0.20336 -0.000788 0.621292
0 1 0
255 255 255 255
0.000225 0.501498
0 0 0 0
1 0 0 0
0.20336 -0.000788 0.001719
0 1 0
255 255 255 255
0.000225 0.624477
0 0 0 0
1 0 0 0
-0.012725 -0.000787 0.001719
0 1 0
255 255 255 255
0.062967 0.624477
0 0 0 0
1 0 0 0
-0.012725 -0.000787 0.621292
0 1 0
255 255 255 255
0.062967 0.501498
0 0 0 0
1 0 0 0
-0.012725 -0.000787 -0.617853
0 1 0
255 255 255 255
0.93827 0.126342
0 0 0 0
1 0 0 0
-0.012725 -0.000787 0.001719
0 1 0
255 255 255 255
0.93827 0.249322
0 0 0 0
1 0 0 0
0.20336 -0.000788 0.001719
0 1 0
255 255 255 255
0.875203 0.126342
0 0 0 0
1 0 0 0
0.203359 -0.000788 -0.617853
0 1 0
255 255 255 255
0.875203 0.249322
0 0 0 0
1 0 0 0
-0.012725 -0.000787 -0.617853
0 1 0
255 255 255 255
0.9382 0.249322
0 0 0 0
1 0 0 0
-0.012725 -0.000787 0.001719
0 1 0
255 255 255 255
0.9382 0.126342
0 0 0 0
1 0 0 0
0.20336 -0.000788 0.001719
0 1 0
255 255 255 255
0.948579 0.131202
0 0 0 0
1 0 0 0
0.20336 -0.000788 0.621292
0 1 0
255 255 255 255
0.948579 0.2471
0 0 0 0
1 0 0 0
0.376009 -0.000788 0.358295
0 1 0
255 255 255 255
0.980875 0.197904
0 0 0 0
1 0 0 0
0.376009 -0.000788 0.001719
0 1 0
255 255 255 255
0.980875 0.131202
0 0 0 0
1 0 0 0
0.203359 -0.000788 -0.617853
0 1 0
255 255 255 255
0.924772 0.247585
0 0 0 0
1 0 0 0
0.20336 -0.000788 0.001719
0 1 0
255 255 255 255
0.924772 0.131687
0 0 0 0
1 0 0 0
0.376009 -0.000788 0.001719
0 1 0
255 255 255 255
0.892476 0.131687
0 0 0 0
1 0 0 0
0.376007 -0.000788 -0.354856
0 1 0
255 255 255 255
0.892476 0.198388
0 0 0 0
1 0 0 0
0.376009 -0.000788 0.001719
-1 0 0
255 255 255 255
0.128194 0.547053
0 0 0 0
1 0 0 0
0.376007 0.00295 0.001719
-1 0 0
255 255 255 255
0.127699 0.547053
0 0 0 0
1 0 0 0
0.376007 0.00295 -0.354856
-1 0 0
255 255 255 255
0.127699 0.50023
0 0 0 0
1 0 0 0
0.376007 -0.000788 -0.354856
-1 0 0
255 255 255 255
0.128194 0.50023
0 0 0 0
1 0 0 0
0.469711 -0.018901 0.001719
1 0 0
255 255 255 255
0.125825 0.547053
0 0 0 0
1 0 0 0
0.469711 0.00295 0.001719
1 0 0
255 255 255 255
0.128724 0.547053
0 0 0 0
1 0 0 0
0.469711 0.00295 0.358295
0.9581093 0 0.2864028
255 255 255 255
0.128724 0.593877
0 0 0 0
1 0 0 0
0.469711 -0.018901 0.358295
0.9581093 0 0.2864028
255 255 255 255
0.125825 0.593877
0 0 0 0
1 0 0 0
0.469711 0.00295 0.358295
0 1 0
255 255 255 255
0.128724 0.593877
0 0 0 0
1 0 0 0
0.469711 0.00295 0.001719
0 1 0
255 255 255 255
0.128724 0.547053
0 0 0 0
1 0 0 0
0.459739 0.00295 0.001719
0 1 0
255 255 255 255
0.130047 0.547053
0 0 0 0
1 0 0 0
0.459739 0.00295 0.358295
0 1 0
255 255 255 255
0.130047 0.593877
0 0 0 0
1 0 0 0
0.376007 0.00295 -0.354856
0 1 0
255 255 255 255
0.127699 0.50023
0 0 0 0
1 0 0 0
0.376007 0.00295 0.001719
0 1 0
255 255 255 255
0.127699 0.547053
0 0 0 0
1 0 0 0
0.385981 0.00295 0.001719
0 1 0
255 255 255 255
0.126376 0.547053
0 0 0 0
1 0 0 0
0.38598 0.00295 -0.354856
0 1 0
255 255 255 255
0.126376 0.50023
0 0 0 0
1 0 0 0
0.459739 -0.000788 0.358295
0 1 0
255 255 255 255
0.146391 0.500504
0 0 0 0
1 0 0 0
0.459739 -0.000788 0.001719
0 1 0
255 255 255 255
0.146391 0.562176
0 0 0 0
1 0 0 0
0.38598 -0.000788 0.001719
0 1 0
255 255 255 255
0.131673 0.562176
0 0 0 0
1 0 0 0
0.385981 -0.000788 0.358295
0 1 0
255 255 255 255
0.131673 0.500504
0 0 0 0
1 0 0 0
0.38598 -0.000788 0.001719
1 -0.0003 0
255 255 255 255
0.12588 0.547053
0 0 0 0
1 0 0 0
0.385981 0.00295 0.001719
1 -0.0003 0
255 255 255 255
0.126376 0.547053
0 0 0 0
1 0 0 0
0.385981 0.00295 0.358295
0.9581093 0 0.2864028
255 255 255 255
0.126376 0.593876
0 0 0 0
1 0 0 0
0.385981 -0.000788 0.358295
0.9581093 0 0.2864028
255 255 255 255
0.12588 0.593876
0 0 0 0
1 0 0 0
0.459739 -0.000788 0.001719
-1 0 0
255 255 255 255
0.130543 0.547054
0 0 0 0
1 0 0 0
0.459739 0.00295 0.001719
-1 0 0
255 255 255 255
0.130047 0.547053
0 0 0 0
1 0 0 0
0.459738 0.00295 -0.354856
-0.9581093 0 0.2864028
255 255 255 255
0.130047 0.50023
0 0 0 0
1 0 0 0
0.459738 -0.000788 -0.354856
-0.9581093 0 0.2864028
255 255 255 255
0.130543 0.50023
0 0 0 0
1 0 0 0
0.469711 -0.018901 0.358295
0.9581093 0 0.2864028
255 255 255 255
0.125825 0.559342
0 0 0 0
1 0 0 0
0.469711 0.00295 0.358295
0.9581093 0 0.2864028
255 255 255 255
0.128724 0.559342
0 0 0 0
1 0 0 0
0.297064 0.00295 0.621293
0.8359677 0 0.5487787
255 255 255 255
0.128724 0.609399
0 0 0 0
1 0 0 0
0.297064 -0.018901 0.621293
0.8359677 0 0.5487787
255 255 255 255
0.125825 0.609399
0 0 0 0
1 0 0 0
0.297064 0.00295 0.621293
0 1 0
255 255 255 255
0.128724 0.609399
0 0 0 0
1 0 0 0
0.469711 0.00295 0.358295
0 1 0
255 255 255 255
0.128724 0.559342
0 0 0 0
1 0 0 0
0.459739 0.00295 0.358295
0 1 0
255 255 255 255
0.130046 0.559342
0 0 0 0
1 0 0 0
0.28709 0.00295 0.621293
0 1 0
255 255 255 255
0.130047 0.609399
0 0 0 0
1 0 0 0
0.28709 -0.000788 0.621293
0 1 0
255 255 255 255
0.146391 0.500504
0 0 0 0
1 0 0 0
0.459739 -0.000788 0.358295
0 1 0
255 255 255 255
0.185003 0.556123
0 0 0 0
1 0 0 0
0.385981 -0.000788 0.358295
0 1 0
255 255 255 255
0.170286 0.556123
0 0 0 0
1 0 0 0
0.213332 -0.000788 0.621293
0 1 0
255 255 255 255
0.131673 0.500504
0 0 0 0
1 0 0 0
0.385981 -0.000788 0.358295
0.9581093 0 0.2864028
255 255 255 255
0.12588 0.559341
0 0 0 0
1 0 0 0
0.385981 0.00295 0.358295
0.9581093 0 0.2864028
255 255 255 255
0.126376 0.559341
0 0 0 0
1 0 0 0
0.213332 0.00295 0.621293
0.8359677 0 0.5487787
255 255 255 255
0.126376 0.609399
0 0 0 0
1 0 0 0
0.213332 -0.000788 0.621293
0.8359677 0 0.5487787
255 255 255 255
0.12588 0.609399
0 0 0 0
1 0 0 0
0.20336 -0.000788 0.621292
-0.8359677 -0.0002999884 -0.5487787
255 255 255 255
0.128194 0.609399
0 0 0 0
1 0 0 0
0.20336 0.00295 0.621293
-0.8359677 9.999613E-05 -0.5487787
255 255 255 255
0.127699 0.609399
0 0 0 0
1 0 0 0
0.376009 0.00295 0.358295
-0.8359677 -0.0002999884 -0.5487787
255 255 255 255
0.127698 0.559342
0 0 0 0
1 0 0 0
0.376009 0.00295 0.358295
-0.8359677 0 -0.5487787
255 255 255 255
0.127698 0.559342
0 0 0 0
1 0 0 0
0.376009 -0.000788 0.358295
-0.8359677 0 -0.5487787
255 255 255 255
0.128194 0.559342
0 0 0 0
1 0 0 0
0.20336 -0.000788 0.621292
-0.8359677 0 -0.5487787
255 255 255 255
0.128194 0.609399
0 0 0 0
1 0 0 0
0.20336 0.00295 0.621293
0 1 0
255 255 255 255
0.127699 0.609399
0 0 0 0
1 0 0 0
0.213332 0.00295 0.621293
0 1 0
255 255 255 255
0.126376 0.609399
0 0 0 0
1 0 0 0
0.385981 0.00295 0.358295
0 1 0
255 255 255 255
0.126376 0.559341
0 0 0 0
1 0 0 0
0.376009 0.00295 0.358295
0 1 0
255 255 255 255
0.127698 0.559342
0 0 0 0
1 0 0 0
0.28709 -0.000788 0.621293
-0.8359677 0 -0.5487787
255 255 255 255
0.130543 0.609399
0 0 0 0
1 0 0 0
0.28709 0.00295 0.621293
-0.8359677 0 -0.5487787
255 255 255 255
0.130047 0.609399
0 0 0 0
1 0 0 0
0.459739 0.00295 0.358295
-0.9581093 0 -0.2864028
255 255 255 255
0.130046 0.559342
0 0 0 0
1 0 0 0
0.459739 -0.000788 0.358295
-0.9581093 0 -0.2864028
255 255 255 255
0.130542 0.559342
0 0 0 0
1 0 0 0
0.469711 -0.018901 -0.354856
0.9581093 0 -0.2864028
255 255 255 255
0.125825 0.559342
0 0 0 0
1 0 0 0
0.297062 -0.018901 -0.617852
0.8359677 0 -0.5487787
255 255 255 255
0.125825 0.609399
0 0 0 0
1 0 0 0
0.297062 0.00295 -0.617852
0.8359677 0 -0.5487787
255 255 255 255
0.128724 0.609399
0 0 0 0
1 0 0 0
0.469711 0.00295 -0.354856
0.9581093 0 -0.2864028
255 255 255 255
0.128724 0.559342
0 0 0 0
1 0 0 0
0.297062 0.00295 -0.617852
0 1 0
255 255 255 255
0.128724 0.609399
0 0 0 0
1 0 0 0
0.28709 0.00295 -0.617852
0 1 0
255 255 255 255
0.130047 0.609399
0 0 0 0
1 0 0 0
0.459738 0.00295 -0.354856
0 1 0
255 255 255 255
0.130046 0.559342
0 0 0 0
1 0 0 0
0.469711 0.00295 -0.354856
0 1 0
255 255 255 255
0.128724 0.559342
0 0 0 0
1 0 0 0
0.28709 -0.000788 -0.617852
0 1 0
255 255 255 255
0.146391 0.500504
0 0 0 0
1 0 0 0
0.21333 -0.000788 -0.617852
0 1 0
255 255 255 255
0.131673 0.500504
0 0 0 0
1 0 0 0
0.38598 -0.000788 -0.354856
0 1 0
255 255 255 255
0.170286 0.556123
0 0 0 0
1 0 0 0
0.459738 -0.000788 -0.354856
0 1 0
255 255 255 255
0.185003 0.556123
0 0 0 0
1 0 0 0
0.38598 -0.000788 -0.354856
0.9581093 0 -0.2864028
255 255 255 255
0.12588 0.559341
0 0 0 0
1 0 0 0
0.21333 -0.000788 -0.617852
0.8359677 0 -0.5487787
255 255 255 255
0.12588 0.609399
0 0 0 0
1 0 0 0
0.21333 0.00295 -0.617852
0.8359677 0 -0.5487787
255 255 255 255
0.126376 0.609399
0 0 0 0
1 0 0 0
0.38598 0.00295 -0.354856
0.9581093 0 -0.2864028
255 255 255 255
0.126376 0.559341
0 0 0 0
1 0 0 0
0.203359 -0.000788 -0.617853
-0.8359677 0 0.5487787
255 255 255 255
0.128194 0.609399
0 0 0 0
1 0 0 0
0.376007 -0.000788 -0.354856
-0.8359677 0 0.5487787
255 255 255 255
0.128194 0.559342
0 0 0 0
1 0 0 0
0.376007 0.00295 -0.354856
-0.8359677 0 0.5487787
255 255 255 255
0.127698 0.559342
0 0 0 0
1 0 0 0
0.376007 0.00295 -0.354856
-0.8359677 -9.999613E-05 0.5487787
255 255 255 255
0.127698 0.559342
0 0 0 0
1 0 0 0
0.203359 0.00295 -0.617852
-0.8359677 -9.999613E-05 0.5487787
255 255 255 255
0.127699 0.609399
0 0 0 0
1 0 0 0
0.203359 -0.000788 -0.617853
-0.8359677 -9.999613E-05 0.5487787
255 255 255 255
0.128194 0.609399
0 0 0 0
1 0 0 0
0.203359 0.00295 -0.617852
0 1 0
255 255 255 255
0.127699 0.609399
0 0 0 0
1 0 0 0
0.376007 0.00295 -0.354856
0 1 0
255 255 255 255
0.127698 0.559342
0 0 0 0
1 0 0 0
0.38598 0.00295 -0.354856
0 1 0
255 255 255 255
0.126376 0.559341
0 0 0 0
1 0 0 0
0.21333 0.00295 -0.617852
0 1 0
255 255 255 255
0.126376 0.609399
0 0 0 0
1 0 0 0
0.28709 -0.000788 -0.617852
-0.8359677 0 0.5487787
255 255 255 255
0.130543 0.609399
0 0 0 0
1 0 0 0
0.459738 -0.000788 -0.354856
-0.9581093 0 0.2864028
255 255 255 255
0.130542 0.559342
0 0 0 0
1 0 0 0
0.459738 0.00295 -0.354856
-0.9581093 0 0.2864028
255 255 255 255
0.130046 0.559342
0 0 0 0
1 0 0 0
0.28709 0.00295 -0.617852
-0.8359677 0 0.5487787
255 255 255 255
0.130047 0.609399
0 0 0 0
1 0 0 0
0.376009 -0.000788 0.358295
-1 0 0
255 255 255 255
0.128194 0.593876
0 0 0 0
1 0 0 0
0.376009 0.00295 0.358295
-1 0 0
255 255 255 255
0.127699 0.593876
0 0 0 0
1 0 0 0
0.376007 0.00295 0.001719
-0.9999999 -0.0003999999 0
255 255 255 255
0.127699 0.547053
0 0 0 0
1 0 0 0
0.376009 -0.000788 0.001719
-0.9999999 -0.0003999999 0
255 255 255 255
0.128194 0.547053
0 0 0 0
1 0 0 0
0.376009 -0.000788 0.358295
-0.9999999 -0.0003999999 0
255 255 255 255
0.128194 0.593876
0 0 0 0
1 0 0 0
0.469711 -0.018901 -0.354856
0.9581093 0 -0.2864028
255 255 255 255
0.125825 0.50023
0 0 0 0
1 0 0 0
0.469711 0.00295 -0.354856
0.9581093 0 -0.2864028
255 255 255 255
0.128725 0.50023
0 0 0 0
1 0 0 0
0.469711 0.00295 -0.354856
0 1 0
255 255 255 255
0.128725 0.50023
0 0 0 0
1 0 0 0
0.459738 0.00295 -0.354856
0 1 0
255 255 255 255
0.130047 0.50023
0 0 0 0
1 0 0 0
0.376009 0.00295 0.358295
0 1 0
255 255 255 255
0.127699 0.593876
0 0 0 0
1 0 0 0
0.385981 0.00295 0.358295
0 1 0
255 255 255 255
0.126376 0.593876
0 0 0 0
1 0 0 0
0.459738 -0.000788 -0.354856
0 1 0
255 255 255 255
0.146391 0.623849
0 0 0 0
1 0 0 0
0.38598 -0.000788 -0.354856
0 1 0
255 255 255 255
0.131673 0.623849
0 0 0 0
1 0 0 0
0.38598 -0.000788 -0.354856
0.9581093 0 -0.2864028
255 255 255 255
0.12588 0.50023
0 0 0 0
1 0 0 0
0.38598 0.00295 -0.354856
0.9581093 0 -0.2864028
255 255 255 255
0.126376 0.50023
0 0 0 0
1 0 0 0
0.459739 -0.000788 0.358295
-0.9581093 0 -0.2864028
255 255 255 255
0.130543 0.593877
0 0 0 0
1 0 0 0
0.459739 0.00295 0.358295
-0.9581093 0 -0.2864028
255 255 255 255
0.130047 0.593877
0 0 0 0
1 0 0 0
104 # faces
0 2 1
2 0 3
4 6 5
6 4 7
8 10 9
10 8 11
12 14 13
14 12 15
16 18 17
18 16 19
20 22 21
22 20 23
24 26 25
26 24 27
28 30 29
30 28 31
32 34 33
34 32 35
36 38 37
38 36 39
40 42 41
42 40 43
44 46 45
46 44 47
48 50 49
50 48 51
52 54 53
54 52 55
56 58 57
58 56 59
60 62 61
62 60 63
64 66 65
66 64 67
68 70 69
70 68 71
0 73 72
73 0 1
74 76 75
76 74 77
78 36 37
36 78 79
80 82 81
82 80 83
84 86 85
86 84 87
88 90 89
90 88 91
92 94 93
94 92 95
96 98 97
98 96 99
100 102 101
102 100 103
104 106 105
106 104 107
108 110 109
110 108 111
112 114 113
114 112 115
116 118 117
118 116 119
120 122 121
122 120 123
124 126 125
126 124 127
128 130 129
130 128 131
132 134 133
134 132 135
136 138 137
139 141 140
142 144 143
144 142 145
146 148 147
148 146 149
150 152 151
152 150 153
154 156 155
156 154 157
158 160 159
160 158 161
162 164 163
164 162 165
166 168 167
169 171 170
172 174 173
174 172 175
176 178 177
178 176 179
180 93 181
182 184 183
97 185 96
185 97 186
102 187 101
187 102 188
106 189 105
189 106 190
110 191 109
191 110 192
113 193 112
193 113 194
117 195 116
195 117 196
