1 # bones
root
-1
0 0 0
1 # meshes
10_Road-Crosswalk_0_0_0_root_root
1 # uv layers
1 # textures
atlas.jpg
0 # uv layer index
286 # vertices
0.214809 -0.00146 -0.172278
-1 0 0
255 255 255 255
0.125847 0.515238
0 0 0 0
1 0 0 0
0.214809 0.002278 -0.172278
-1 0 0
255 255 255 255
0.126342 0.515238
0 0 0 0
1 0 0 0
0.214809 0.002278 -0.283114
-1 0 0
255 255 255 255
0.126343 0.500684
0 0 0 0
1 0 0 0
0.214809 -0.00146 -0.283114
-1 0 0
255 255 255 255
0.125847 0.500684
0 0 0 0
1 0 0 0
0.214809 0.002278 -0.283114
0 1 0
255 255 255 255
0.126343 0.500684
0 0 0 0
1 0 0 0
0.214809 0.002278 -0.172278
0 1 0
255 255 255 255
0.126342 0.515238
0 0 0 0
1 0 0 0
0.224781 0.002278 -0.172278
0 1 0
255 255 255 255
0.127665 0.515238
0 0 0 0
1 0 0 0
0.224781 0.002278 -0.283114
0 1 0
255 255 255 255
0.127666 0.500684
0 0 0 0
1 0 0 0
0.298539 -0.00146 -0.172278
-1 0 0
255 255 255 255
0.125844 0.515238
0 0 0 0
1 0 0 0
0.298539 0.002278 -0.172278
-1 0 0
255 255 255 255
0.126339 0.515238
0 0 0 0
1 0 0 0
0.29854 0.002278 -0.283114
-1 0 0
255 255 255 255
0.12634 0.500684
0 0 0 0
1 0 0 0
0.29854 -0.00146 -0.283114
-1 0 0
255 255 255 255
0.125844 0.500684
0 0 0 0
1 0 0 0
-0.217358 0.002278 -0.283114
1 0 0
255 255 255 255
0.127699 0.500684
0 0 0 0
1 0 0 0
-0.217358 0.002278 -0.172278
1 0 0
255 255 255 255
0.127699 0.515238
0 0 0 0
1 0 0 0
-0.217358 -0.00146 -0.172278
1 0 0
255 255 255 255
0.128194 0.515238
0 0 0 0
1 0 0 0
-0.217358 -0.00146 -0.283114
1 0 0
255 255 255 255
0.128194 0.500684
0 0 0 0
1 0 0 0
-0.22733 0.002278 -0.172278
0 1 0
255 255 255 255
0.126377 0.515238
0 0 0 0
1 0 0 0
-0.217358 0.002278 -0.172278
0 1 0
255 255 255 255
0.127699 0.515238
0 0 0 0
1 0 0 0
-0.217358 0.002278 -0.283114
0 1 0
255 255 255 255
0.127699 0.500684
0 0 0 0
1 0 0 0
-0.22733 0.002278 -0.283114
0 1 0
255 255 255 255
0.126376 0.500684
0 0 0 0
1 0 0 0
-0.301089 0.002278 -0.283114
1 0 0
255 255 255 255
0.130047 0.500684
0 0 0 0
1 0 0 0
-0.301089 0.002278 -0.172278
1 0 0
255 255 255 255
0.130047 0.515238
0 0 0 0
1 0 0 0
-0.301089 -0.00146 -0.172278
1 0 0
255 255 255 255
0.130543 0.515238
0 0 0 0
1 0 0 0
-0.301089 -0.00146 -0.283114
1 0 0
255 255 255 255
0.130543 0.500684
0 0 0 0
1 0 0 0
0.308512 -0.019573 -0.394581
1 0 0
255 255 255 255
0.130541 0.567405
0 0 0 0
1 0 0 0
0.308512 0.002278 -0.394581
1 0 0
255 255 255 255
0.127643 0.567405
0 0 0 0
1 0 0 0
0.308512 0.002278 -0.283114
1 0 0
255 255 255 255
0.127642 0.582042
0 0 0 0
1 0 0 0
0.308512 -0.019573 -0.283114
1 0 0
255 255 255 255
0.130541 0.582042
0 0 0 0
1 0 0 0
0.308512 0.002278 -0.283114
0 1 0
255 255 255 255
0.127642 0.582042
0 0 0 0
1 0 0 0
0.308512 0.002278 -0.394581
0 1 0
255 255 255 255
0.127643 0.567405
0 0 0 0
1 0 0 0
0.298539 0.002278 -0.394581
0 1 0
255 255 255 255
0.12632 0.567405
0 0 0 0
1 0 0 0
0.29854 0.002278 -0.283114
0 1 0
255 255 255 255
0.126319 0.582042
0 0 0 0
1 0 0 0
0.29854 -0.00146 -0.283114
0 1 0
255 255 255 255
0.144215 0.500504
0 0 0 0
1 0 0 0
0.298539 -0.00146 -0.394581
0 1 0
255 255 255 255
0.144215 0.522746
0 0 0 0
1 0 0 0
0.224781 -0.00146 -0.394581
0 1 0
255 255 255 255
0.158933 0.522746
0 0 0 0
1 0 0 0
0.224781 -0.00146 -0.283114
0 1 0
255 255 255 255
0.158933 0.500504
0 0 0 0
1 0 0 0
0.224781 -0.00146 -0.394581
1 0 0
255 255 255 255
0.128194 0.567405
0 0 0 0
1 0 0 0
0.224781 0.002278 -0.394581
1 0 0
255 255 255 255
0.127699 0.567405
0 0 0 0
1 0 0 0
0.224781 0.002278 -0.283114
1 0 0
255 255 255 255
0.127699 0.582042
0 0 0 0
1 0 0 0
0.224781 -0.00146 -0.283114
1 0 0
255 255 255 255
0.128194 0.582042
0 0 0 0
1 0 0 0
0.214809 -0.00146 -0.283114
0 1 0
255 255 255 255
0.49985 0.750942
0 0 0 0
1 0 0 0
0.214809 -0.00146 -0.394581
0 1 0
255 255 255 255
0.49985 0.773067
0 0 0 0
1 0 0 0
-0.001275 -0.00146 -0.394581
0 1 0
255 255 255 255
0.437651 0.773067
0 0 0 0
1 0 0 0
-0.001275 -0.00146 -0.283114
0 1 0
255 255 255 255
0.437651 0.750942
0 0 0 0
1 0 0 0
-0.311061 0.002278 -0.283114
-1 0 0
255 255 255 255
0.128724 0.582042
0 0 0 0
1 0 0 0
-0.311061 0.002278 -0.394581
-1 0 0
255 255 255 255
0.128723 0.567405
0 0 0 0
1 0 0 0
-0.311061 -0.019573 -0.394581
-1 0 0
255 255 255 255
0.125825 0.567405
0 0 0 0
1 0 0 0
-0.311061 -0.019573 -0.283114
-1 0 0
255 255 255 255
0.125825 0.582042
0 0 0 0
1 0 0 0
-0.301089 0.002278 -0.394581
0 1 0
255 255 255 255
0.130046 0.567405
0 0 0 0
1 0 0 0
-0.311061 0.002278 -0.394581
0 1 0
255 255 255 255
0.128723 0.567405
0 0 0 0
1 0 0 0
-0.311061 0.002278 -0.283114
0 1 0
255 255 255 255
0.128724 0.582042
0 0 0 0
1 0 0 0
-0.301089 0.002278 -0.283114
0 1 0
255 255 255 255
0.130047 0.582042
0 0 0 0
1 0 0 0
-0.22733 -0.00146 -0.394581
0 1 0
255 255 255 255
0.131673 0.522746
0 0 0 0
1 0 0 0
-0.301089 -0.00146 -0.394581
0 1 0
255 255 255 255
0.146391 0.522746
0 0 0 0
1 0 0 0
-0.301089 -0.00146 -0.283114
0 1 0
255 255 255 255
0.146391 0.500504
0 0 0 0
1 0 0 0
-0.22733 -0.00146 -0.283114
0 1 0
255 255 255 255
0.131673 0.500504
0 0 0 0
1 0 0 0
-0.22733 0.002278 -0.283114
-1 0 0
255 255 255 255
0.126376 0.582042
0 0 0 0
1 0 0 0
-0.22733 0.002278 -0.394581
-1 0 0
255 255 255 255
0.126375 0.567405
0 0 0 0
1 0 0 0
-0.22733 -0.00146 -0.394581
-1 0 0
255 255 255 255
0.12588 0.567405
0 0 0 0
1 0 0 0
-0.22733 -0.00146 -0.283114
-1 0 0
255 255 255 255
0.12588 0.582042
0 0 0 0
1 0 0 0
-0.001275 -0.00146 -0.394581
0 1 0
255 255 255 255
0.437581 0.773067
0 0 0 0
1 0 0 0
-0.217358 -0.00146 -0.394581
0 1 0
255 255 255 255
0.375207 0.773067
0 0 0 0
1 0 0 0
-0.217358 -0.00146 -0.283114
0 1 0
255 255 255 255
0.375207 0.750942
0 0 0 0
1 0 0 0
-0.001275 -0.00146 -0.283114
0 1 0
255 255 255 255
0.437581 0.750942
0 0 0 0
1 0 0 0
0.214809 -0.00146 -0.283114
-1 0 0
255 255 255 255
0.12588 0.582042
0 0 0 0
1 0 0 0
0.214809 0.002278 -0.283114
-1 0 0
255 255 255 255
0.126376 0.582042
0 0 0 0
1 0 0 0
0.214809 0.002278 -0.394581
-1 0 0
255 255 255 255
0.126376 0.567405
0 0 0 0
1 0 0 0
0.214809 -0.00146 -0.394581
-1 0 0
255 255 255 255
0.12588 0.567405
0 0 0 0
1 0 0 0
0.214809 0.002278 -0.283114
0 1 0
255 255 255 255
0.126376 0.582042
0 0 0 0
1 0 0 0
0.224781 0.002278 -0.283114
0 1 0
255 255 255 255
0.127699 0.582042
0 0 0 0
1 0 0 0
0.224781 0.002278 -0.394581
0 1 0
255 255 255 255
0.127699 0.567405
0 0 0 0
1 0 0 0
0.214809 0.002278 -0.394581
0 1 0
255 255 255 255
0.126376 0.567405
0 0 0 0
1 0 0 0
0.29854 -0.00146 -0.283114
-1 0 0
255 255 255 255
0.125824 0.582042
0 0 0 0
1 0 0 0
0.29854 0.002278 -0.283114
-1 0 0
255 255 255 255
0.126319 0.582042
0 0 0 0
1 0 0 0
0.298539 0.002278 -0.394581
-1 0 0
255 255 255 255
0.12632 0.567405
0 0 0 0
1 0 0 0
0.298539 -0.00146 -0.394581
-1 0 0
255 255 255 255
0.125824 0.567405
0 0 0 0
1 0 0 0
-0.217358 0.002278 -0.283114
1 0 0
255 255 255 255
0.127699 0.582042
0 0 0 0
1 0 0 0
-0.217358 -0.00146 -0.283114
1 0 0
255 255 255 255
0.128194 0.582042
0 0 0 0
1 0 0 0
-0.217358 -0.00146 -0.394581
1 0 0
255 255 255 255
0.128194 0.567405
0 0 0 0
1 0 0 0
-0.217358 0.002278 -0.394581
1 0 0
255 255 255 255
0.127698 0.567405
0 0 0 0
1 0 0 0
-0.22733 0.002278 -0.283114
0 1 0
255 255 255 255
0.126376 0.582042
0 0 0 0
1 0 0 0
-0.217358 0.002278 -0.283114
0 1 0
255 255 255 255
0.127699 0.582042
0 0 0 0
1 0 0 0
-0.217358 0.002278 -0.394581
0 1 0
255 255 255 255
0.127698 0.567405
0 0 0 0
1 0 0 0
-0.22733 0.002278 -0.394581
0 1 0
255 255 255 255
0.126375 0.567405
0 0 0 0
1 0 0 0
-0.301089 0.002278 -0.283114
1 0 0
255 255 255 255
0.130047 0.582042
0 0 0 0
1 0 0 0
-0.301089 -0.00146 -0.283114
1 0 0
255 255 255 255
0.130543 0.582042
0 0 0 0
1 0 0 0
-0.301089 -0.00146 -0.394581
1 0 0
255 255 255 255
0.130543 0.567405
0 0 0 0
1 0 0 0
-0.301089 0.002278 -0.394581
1 0 0
255 255 255 255
0.130046 0.567405
0 0 0 0
1 0 0 0
0.214809 -0.00146 -0.048763
-1 0 0
255 255 255 255
0.125847 0.536008
0 0 0 0
1 0 0 0
0.214809 0.002278 -0.048763
-1 0 0
255 255 255 255
0.126342 0.536008
0 0 0 0
1 0 0 0
0.308512 -0.019573 -0.283114
1 0 0
255 255 255 255
0.130562 0.500684
0 0 0 0
1 0 0 0
0.308512 0.002278 -0.283114
1 0 0
255 255 255 255
0.127663 0.500684
0 0 0 0
1 0 0 0
0.308512 0.002278 -0.172278
1 0 0
255 255 255 255
0.127662 0.515238
0 0 0 0
1 0 0 0
0.308512 -0.019573 -0.172278
1 0 0
255 255 255 255
0.130562 0.515238
0 0 0 0
1 0 0 0
0.308512 0.002278 -0.283114
0 1 0
255 255 255 255
0.127663 0.500684
0 0 0 0
1 0 0 0
0.29854 0.002278 -0.283114
0 1 0
255 255 255 255
0.12634 0.500684
0 0 0 0
1 0 0 0
0.298539 0.002278 -0.172278
0 1 0
255 255 255 255
0.126339 0.515238
0 0 0 0
1 0 0 0
0.308512 0.002278 -0.172278
0 1 0
255 255 255 255
0.127662 0.515238
0 0 0 0
1 0 0 0
0.214809 0.002278 -0.048763
0 1 0
255 255 255 255
0.126342 0.536008
0 0 0 0
1 0 0 0
0.224781 0.002278 -0.048763
0 1 0
255 255 255 255
0.127665 0.536008
0 0 0 0
1 0 0 0
0.29854 -0.00146 -0.283114
0 1 0
255 255 255 255
0.171486 0.624131
0 0 0 0
1 0 0 0
0.224781 -0.00146 -0.283114
0 1 0
255 255 255 255
0.186204 0.624131
0 0 0 0
1 0 0 0
0.224781 -0.00146 -0.172278
0 1 0
255 255 255 255
0.186204 0.602016
0 0 0 0
1 0 0 0
0.298539 -0.00146 -0.172278
0 1 0
255 255 255 255
0.171486 0.602016
0 0 0 0
1 0 0 0
0.224781 -0.00146 -0.283114
1 0 0
255 255 255 255
0.128162 0.500684
0 0 0 0
1 0 0 0
0.224781 0.002278 -0.283114
1 0 0
255 255 255 255
0.127666 0.500684
0 0 0 0
1 0 0 0
0.224781 0.002278 -0.172278
1 0 0
255 255 255 255
0.127665 0.515238
0 0 0 0
1 0 0 0
0.224781 -0.00146 -0.172278
1 0 0
255 255 255 255
0.128162 0.515238
0 0 0 0
1 0 0 0
0.298539 -0.00146 -0.048763
-1 0 0
255 255 255 255
0.125844 0.536008
0 0 0 0
1 0 0 0
0.298539 0.002278 -0.048763
-1 0 0
255 255 255 255
0.126339 0.536008
0 0 0 0
1 0 0 0
0.214809 -0.00146 -0.283114
0 1 0
255 255 255 255
0.49985 0.751052
0 0 0 0
1 0 0 0
-0.001275 -0.00146 -0.283114
0 1 0
255 255 255 255
0.437672 0.751052
0 0 0 0
1 0 0 0
-0.001275 -0.00146 -0.172278
0 1 0
255 255 255 255
0.437672 0.773052
0 0 0 0
1 0 0 0
0.214809 -0.00146 -0.172278
0 1 0
255 255 255 255
0.49985 0.773052
0 0 0 0
1 0 0 0
-0.217358 0.002278 -0.048763
1 0 0
255 255 255 255
0.127699 0.536008
0 0 0 0
1 0 0 0
-0.217358 -0.00146 -0.048763
1 0 0
255 255 255 255
0.128194 0.536008
0 0 0 0
1 0 0 0
-0.311061 0.002278 -0.283114
-1 0 0
255 255 255 255
0.128724 0.500684
0 0 0 0
1 0 0 0
-0.311061 -0.019573 -0.283114
-1 0 0
255 255 255 255
0.125825 0.500684
0 0 0 0
1 0 0 0
-0.311061 -0.019573 -0.172278
-1 0 0
255 255 255 255
0.125825 0.515238
0 0 0 0
1 0 0 0
-0.311061 0.002278 -0.172278
-1 0 0
255 255 255 255
0.128725 0.515238
0 0 0 0
1 0 0 0
-0.301089 0.002278 -0.283114
0 1 0
255 255 255 255
0.130047 0.500684
0 0 0 0
1 0 0 0
-0.311061 0.002278 -0.283114
0 1 0
255 255 255 255
0.128724 0.500684
0 0 0 0
1 0 0 0
-0.311061 0.002278 -0.172278
0 1 0
255 255 255 255
0.128725 0.515238
0 0 0 0
1 0 0 0
-0.301089 0.002278 -0.172278
0 1 0
255 255 255 255
0.130047 0.515238
0 0 0 0
1 0 0 0
-0.22733 0.002278 -0.048763
0 1 0
255 255 255 255
0.126377 0.536008
0 0 0 0
1 0 0 0
-0.217358 0.002278 -0.048763
0 1 0
255 255 255 255
0.127699 0.536008
0 0 0 0
1 0 0 0
-0.22733 -0.00146 -0.283114
0 1 0
255 255 255 255
0.156674 0.624132
0 0 0 0
1 0 0 0
-0.301089 -0.00146 -0.283114
0 1 0
255 255 255 255
0.171392 0.624132
0 0 0 0
1 0 0 0
-0.301089 -0.00146 -0.172278
0 1 0
255 255 255 255
0.171392 0.602016
0 0 0 0
1 0 0 0
-0.22733 -0.00146 -0.172278
0 1 0
255 255 255 255
0.156674 0.602016
0 0 0 0
1 0 0 0
-0.22733 0.002278 -0.283114
-1 0 0
255 255 255 255
0.126376 0.500684
0 0 0 0
1 0 0 0
-0.22733 -0.00146 -0.283114
-1 0 0
255 255 255 255
0.12588 0.500684
0 0 0 0
1 0 0 0
-0.22733 -0.00146 -0.172278
-1 0 0
255 255 255 255
0.12588 0.515238
0 0 0 0
1 0 0 0
-0.22733 0.002278 -0.172278
-1 0 0
255 255 255 255
0.126377 0.515238
0 0 0 0
1 0 0 0
-0.301089 0.002278 -0.048763
1 0 0
255 255 255 255
0.130047 0.536008
0 0 0 0
1 0 0 0
-0.301089 -0.00146 -0.048763
1 0 0
255 255 255 255
0.130543 0.536008
0 0 0 0
1 0 0 0
-0.001275 -0.00146 -0.283114
0 1 0
255 255 255 255
0.437602 0.751052
0 0 0 0
1 0 0 0
-0.217358 -0.00146 -0.283114
0 1 0
255 255 255 255
0.375207 0.751052
0 0 0 0
1 0 0 0
-0.217358 -0.00146 -0.172278
0 1 0
255 255 255 255
0.375207 0.773052
0 0 0 0
1 0 0 0
-0.001275 -0.00146 -0.172278
0 1 0
255 255 255 255
0.437602 0.773052
0 0 0 0
1 0 0 0
0.308512 0.002278 -0.048763
1 0 0
255 255 255 255
0.127662 0.536008
0 0 0 0
1 0 0 0
0.308512 -0.019573 -0.048763
1 0 0
255 255 255 255
0.130562 0.536008
0 0 0 0
1 0 0 0
0.298539 0.002278 -0.048763
0 1 0
255 255 255 255
0.126339 0.536008
0 0 0 0
1 0 0 0
0.308512 0.002278 -0.048763
0 1 0
255 255 255 255
0.127662 0.536008
0 0 0 0
1 0 0 0
0.224781 -0.00146 -0.048763
0 1 0
255 255 255 255
0.186204 0.570455
0 0 0 0
1 0 0 0
0.298539 -0.00146 -0.048763
0 1 0
255 255 255 255
0.171486 0.570455
0 0 0 0
1 0 0 0
0.224781 0.002278 -0.048763
1 0 0
255 255 255 255
0.127665 0.536008
0 0 0 0
1 0 0 0
0.224781 -0.00146 -0.048763
1 0 0
255 255 255 255
0.128162 0.536008
0 0 0 0
1 0 0 0
-0.001275 -0.00146 -0.048763
0 1 0
255 255 255 255
0.437672 0.804448
0 0 0 0
1 0 0 0
0.214809 -0.00146 -0.048763
0 1 0
255 255 255 255
0.49985 0.804448
0 0 0 0
1 0 0 0
-0.311061 -0.019573 -0.048763
-1 0 0
255 255 255 255
0.125825 0.536008
0 0 0 0
1 0 0 0
-0.311061 0.002278 -0.048763
-1 0 0
255 255 255 255
0.128725 0.536008
0 0 0 0
1 0 0 0
-0.311061 0.002278 -0.048763
0 1 0
255 255 255 255
0.128725 0.536008
0 0 0 0
1 0 0 0
-0.301089 0.002278 -0.048763
0 1 0
255 255 255 255
0.130047 0.536008
0 0 0 0
1 0 0 0
-0.301089 -0.00146 -0.048763
0 1 0
255 255 255 255
0.171392 0.570455
0 0 0 0
1 0 0 0
-0.22733 -0.00146 -0.048763
0 1 0
255 255 255 255
0.156674 0.570455
0 0 0 0
1 0 0 0
-0.22733 -0.00146 -0.048763
-1 0 0
255 255 255 255
0.12588 0.536008
0 0 0 0
1 0 0 0
-0.22733 0.002278 -0.048763
-1 0 0
255 255 255 255
0.126377 0.536008
0 0 0 0
1 0 0 0
-0.217358 -0.00146 -0.048763
0 1 0
255 255 255 255
0.375207 0.804448
0 0 0 0
1 0 0 0
-0.001275 -0.00146 -0.048763
0 1 0
255 255 255 255
0.437602 0.804448
0 0 0 0
1 0 0 0
0.308512 -0.019573 -0.048763
1 0 0
255 255 255 255
0.130562 0.546095
0 0 0 0
1 0 0 0
0.308512 0.002278 -0.048763
1 0 0
255 255 255 255
0.127663 0.546095
0 0 0 0
1 0 0 0
0.308512 0.002278 0.224992
1 0 0
255 255 255 255
0.127663 0.582042
0 0 0 0
1 0 0 0
0.308512 -0.019573 0.224992
1 0 0
255 255 255 255
0.130562 0.582042
0 0 0 0
1 0 0 0
0.308512 0.002278 0.224992
0 1 0
255 255 255 255
0.127663 0.582042
0 0 0 0
1 0 0 0
0.308512 0.002278 -0.048763
0 1 0
255 255 255 255
0.127663 0.546095
0 0 0 0
1 0 0 0
0.298539 0.002278 -0.048763
0 1 0
255 255 255 255
0.12634 0.546095
0 0 0 0
1 0 0 0
0.29854 0.002278 0.224992
0 1 0
255 255 255 255
0.12634 0.582042
0 0 0 0
1 0 0 0
0.29854 -0.00146 0.224992
0 1 0
255 255 255 255
0.171486 0.500504
0 0 0 0
1 0 0 0
0.298539 -0.00146 -0.048763
0 1 0
255 255 255 255
0.171486 0.555128
0 0 0 0
1 0 0 0
0.224781 -0.00146 -0.048763
0 1 0
255 255 255 255
0.186204 0.555128
0 0 0 0
1 0 0 0
0.224781 -0.00146 0.224992
0 1 0
255 255 255 255
0.186204 0.500504
0 0 0 0
1 0 0 0
0.224781 -0.00146 -0.048763
1 0 0
255 255 255 255
0.128162 0.546094
0 0 0 0
1 0 0 0
0.224781 0.002278 -0.048763
1 0 0
255 255 255 255
0.127666 0.546094
0 0 0 0
1 0 0 0
0.224781 0.002278 0.224992
1 0 0
255 255 255 255
0.127666 0.582042
0 0 0 0
1 0 0 0
0.224781 -0.00146 0.224992
1 0 0
255 255 255 255
0.128162 0.582042
0 0 0 0
1 0 0 0
0.214809 -0.00146 0.224992
0 1 0
255 255 255 255
0.124672 0.624477
0 0 0 0
1 0 0 0
0.214809 -0.00146 -0.048763
0 1 0
255 255 255 255
0.124672 0.57014
0 0 0 0
1 0 0 0
-0.001275 -0.00146 -0.048763
0 1 0
255 255 255 255
0.063037 0.570139
0 0 0 0
1 0 0 0
-0.001275 -0.00146 0.224992
0 1 0
255 255 255 255
0.063037 0.624477
0 0 0 0
1 0 0 0
-0.311061 0.002278 0.224992
-1 0 0
255 255 255 255
0.128724 0.582042
0 0 0 0
1 0 0 0
-0.311061 0.002278 -0.048763
-1 0 0
255 255 255 255
0.128724 0.546095
0 0 0 0
1 0 0 0
-0.311061 -0.019573 -0.048763
-1 0 0
255 255 255 255
0.125825 0.546095
0 0 0 0
1 0 0 0
-0.311061 -0.019573 0.224992
-1 0 0
255 255 255 255
0.125825 0.582042
0 0 0 0
1 0 0 0
-0.301089 0.002278 -0.048763
0 1 0
255 255 255 255
0.130047 0.546095
0 0 0 0
1 0 0 0
-0.311061 0.002278 -0.048763
0 1 0
255 255 255 255
0.128724 0.546095
0 0 0 0
1 0 0 0
-0.311061 0.002278 0.224992
0 1 0
255 255 255 255
0.128724 0.582042
0 0 0 0
1 0 0 0
-0.301089 0.002278 0.224992
0 1 0
255 255 255 255
0.130047 0.582042
0 0 0 0
1 0 0 0
-0.22733 -0.00146 -0.048763
0 1 0
255 255 255 255
0.156674 0.555128
0 0 0 0
1 0 0 0
-0.301089 -0.00146 -0.048763
0 1 0
255 255 255 255
0.171392 0.555128
0 0 0 0
1 0 0 0
-0.301089 -0.00146 0.224992
0 1 0
255 255 255 255
0.171392 0.500504
0 0 0 0
1 0 0 0
-0.22733 -0.00146 0.224992
0 1 0
255 255 255 255
0.156674 0.500504
0 0 0 0
1 0 0 0
-0.22733 0.002278 0.224992
-1 0 0
255 255 255 255
0.126376 0.582042
0 0 0 0
1 0 0 0
-0.22733 0.002278 -0.048763
-1 0 0
255 255 255 255
0.126376 0.546094
0 0 0 0
1 0 0 0
-0.22733 -0.00146 -0.048763
-1 0 0
255 255 255 255
0.12588 0.546094
0 0 0 0
1 0 0 0
-0.22733 -0.00146 0.224992
-1 0 0
255 255 255 255
0.12588 0.582042
0 0 0 0
1 0 0 0
-0.001275 -0.00146 -0.048763
0 1 0
255 255 255 255
0.062967 0.555835
0 0 0 0
1 0 0 0
-0.217358 -0.00146 -0.048763
0 1 0
255 255 255 255
0.000225 0.555835
0 0 0 0
1 0 0 0
-0.217358 -0.00146 0.224992
0 1 0
255 255 255 255
0.000225 0.501498
0 0 0 0
1 0 0 0
-0.001275 -0.00146 0.224992
0 1 0
255 255 255 255
0.062967 0.501498
0 0 0 0
1 0 0 0
0.214809 -0.00146 0.224992
-1 0 0
255 255 255 255
0.125847 0.582042
0 0 0 0
1 0 0 0
0.214809 0.002278 0.224992
-1 0 0
255 255 255 255
0.126343 0.582042
0 0 0 0
1 0 0 0
0.214809 0.002278 -0.048763
-1 0 0
255 255 255 255
0.126343 0.546094
0 0 0 0
1 0 0 0
0.214809 -0.00146 -0.048763
-1 0 0
255 255 255 255
0.125847 0.546094
0 0 0 0
1 0 0 0
0.214809 0.002278 0.224992
0 1 0
255 255 255 255
0.126343 0.582042
0 0 0 0
1 0 0 0
0.224781 0.002278 0.224992
0 1 0
255 255 255 255
0.127666 0.582042
0 0 0 0
1 0 0 0
0.224781 0.002278 -0.048763
0 1 0
255 255 255 255
0.127666 0.546094
0 0 0 0
1 0 0 0
0.214809 0.002278 -0.048763
0 1 0
255 255 255 255
0.126343 0.546094
0 0 0 0
1 0 0 0
0.29854 -0.00146 0.224992
-1 0 0
255 255 255 255
0.125844 0.582042
0 0 0 0
1 0 0 0
0.29854 0.002278 0.224992
-1 0 0
255 255 255 255
0.12634 0.582042
0 0 0 0
1 0 0 0
0.298539 0.002278 -0.048763
-1 0 0
255 255 255 255
0.12634 0.546095
0 0 0 0
1 0 0 0
0.298539 -0.00146 -0.048763
-1 0 0
255 255 255 255
0.125844 0.546095
0 0 0 0
1 0 0 0
-0.217358 0.002278 0.224992
1 0 0
255 255 255 255
0.127699 0.582042
0 0 0 0
1 0 0 0
-0.217358 -0.00146 0.224992
1 0 0
255 255 255 255
0.128194 0.582042
0 0 0 0
1 0 0 0
-0.217358 -0.00146 -0.048763
1 0 0
255 255 255 255
0.128194 0.546094
0 0 0 0
1 0 0 0
-0.217358 0.002278 -0.048763
1 0 0
255 255 255 255
0.127699 0.546094
0 0 0 0
1 0 0 0
-0.22733 0.002278 0.224992
0 1 0
255 255 255 255
0.126376 0.582042
0 0 0 0
1 0 0 0
-0.217358 0.002278 0.224992
0 1 0
255 255 255 255
0.127699 0.582042
0 0 0 0
1 0 0 0
-0.217358 0.002278 -0.048763
0 1 0
255 255 255 255
0.127699 0.546094
0 0 0 0
1 0 0 0
-0.22733 0.002278 -0.048763
0 1 0
255 255 255 255
0.126376 0.546094
0 0 0 0
1 0 0 0
-0.301089 0.002278 0.224992
1 0 0
255 255 255 255
0.130047 0.582042
0 0 0 0
1 0 0 0
-0.301089 -0.00146 0.224992
1 0 0
255 255 255 255
0.130543 0.582042
0 0 0 0
1 0 0 0
-0.301089 -0.00146 -0.048763
1 0 0
255 255 255 255
0.130543 0.546095
0 0 0 0
1 0 0 0
-0.301089 0.002278 -0.048763
1 0 0
255 255 255 255
0.130047 0.546095
0 0 0 0
1 0 0 0
0.214809 -0.00146 0.224992
-1 0 0
255 255 255 255
0.125847 0.500684
0 0 0 0
1 0 0 0
0.214809 -0.00146 0.844566
-1 0 0
255 255 255 255
0.125847 0.582042
0 0 0 0
1 0 0 0
0.214809 0.002278 0.844566
-1 0 0
255 255 255 255
0.126343 0.582042
0 0 0 0
1 0 0 0
0.214809 0.002278 0.224992
-1 0 0
255 255 255 255
0.126343 0.500684
0 0 0 0
1 0 0 0
0.308512 -0.019573 0.844566
1 0 0
255 255 255 255
0.130562 0.582042
0 0 0 0
1 0 0 0
0.308512 -0.019573 0.224992
1 0 0
255 255 255 255
0.130562 0.500684
0 0 0 0
1 0 0 0
0.308512 0.002278 0.224992
1 0 0
255 255 255 255
0.127663 0.500684
0 0 0 0
1 0 0 0
0.308512 0.002278 0.844566
1 0 0
255 255 255 255
0.127663 0.582042
0 0 0 0
1 0 0 0
0.308512 0.002278 0.844566
0 1 0
255 255 255 255
0.127663 0.582042
0 0 0 0
1 0 0 0
0.308512 0.002278 0.224992
0 1 0
255 255 255 255
0.127663 0.500684
0 0 0 0
1 0 0 0
0.29854 0.002278 0.224992
0 1 0
255 255 255 255
0.12634 0.500684
0 0 0 0
1 0 0 0
0.29854 0.002278 0.844566
0 1 0
255 255 255 255
0.12634 0.582042
0 0 0 0
1 0 0 0
0.214809 0.002278 0.224992
0 1 0
255 255 255 255
0.126343 0.500684
0 0 0 0
1 0 0 0
0.214809 0.002278 0.844566
0 1 0
255 255 255 255
0.126343 0.582042
0 0 0 0
1 0 0 0
0.224781 0.002278 0.844566
0 1 0
255 255 255 255
0.127666 0.582042
0 0 0 0
1 0 0 0
0.224781 0.002278 0.224992
0 1 0
255 255 255 255
0.127666 0.500684
0 0 0 0
1 0 0 0
0.29854 -0.00146 0.844566
0 1 0
255 255 255 255
0.171486 0.500504
0 0 0 0
1 0 0 0
0.29854 -0.00146 0.224992
0 1 0
255 255 255 255
0.171486 0.624131
0 0 0 0
1 0 0 0
0.224781 -0.00146 0.224992
0 1 0
255 255 255 255
0.186204 0.624131
0 0 0 0
1 0 0 0
0.224781 -0.00146 0.844566
0 1 0
255 255 255 255
0.186204 0.500504
0 0 0 0
1 0 0 0
0.224781 -0.00146 0.224992
1 0 0
255 255 255 255
0.128162 0.500684
0 0 0 0
1 0 0 0
0.224781 0.002278 0.224992
1 0 0
255 255 255 255
0.127666 0.500684
0 0 0 0
1 0 0 0
0.224781 0.002278 0.844566
1 0 0
255 255 255 255
0.127666 0.582042
0 0 0 0
1 0 0 0
0.224781 -0.00146 0.844566
1 0 0
255 255 255 255
0.128162 0.582042
0 0 0 0
1 0 0 0
0.29854 -0.00146 0.844566
-1 0 0
255 255 255 255
0.125844 0.582042
0 0 0 0
1 0 0 0
0.29854 0.002278 0.844566
-1 0 0
255 255 255 255
0.12634 0.582042
0 0 0 0
1 0 0 0
0.29854 0.002278 0.224992
-1 0 0
255 255 255 255
0.12634 0.500684
0 0 0 0
1 0 0 0
0.29854 -0.00146 0.224992
-1 0 0
255 255 255 255
0.125844 0.500684
0 0 0 0
1 0 0 0
0.214809 -0.00146 0.844566
0 1 0
255 255 255 255
0.124672 0.624477
0 0 0 0
1 0 0 0
0.214809 -0.00146 0.224992
0 1 0
255 255 255 255
0.124672 0.501498
0 0 0 0
1 0 0 0
-0.001275 -0.00146 0.844564
0 1 0
255 255 255 255
0.063037 0.624477
0 0 0 0
1 0 0 0
-0.217358 -0.00146 0.224992
1 0 0
255 255 255 255
0.128194 0.500684
0 0 0 0
1 0 0 0
-0.217358 0.002278 0.224992
1 0 0
255 255 255 255
0.127699 0.500684
0 0 0 0
1 0 0 0
-0.217358 0.002278 0.844564
1 0 0
255 255 255 255
0.127699 0.582042
0 0 0 0
1 0 0 0
-0.217358 -0.00146 0.844564
1 0 0
255 255 255 255
0.128194 0.582042
0 0 0 0
1 0 0 0
-0.311061 -0.019573 0.844564
-1 0 0
255 255 255 255
0.125825 0.582042
0 0 0 0
1 0 0 0
-0.311061 0.002278 0.844564
-1 0 0
255 255 255 255
0.128724 0.582042
0 0 0 0
1 0 0 0
-0.311061 0.002278 0.224992
-1 0 0
255 255 255 255
0.128724 0.500684
0 0 0 0
1 0 0 0
-0.311061 -0.019573 0.224992
-1 0 0
255 255 255 255
0.125825 0.500684
0 0 0 0
1 0 0 0
-0.311061 0.002278 0.844564
0 1 0
255 255 255 255
0.128724 0.582042
0 0 0 0
1 0 0 0
-0.301089 0.002278 0.844564
0 1 0
255 255 255 255
0.130047 0.582042
0 0 0 0
1 0 0 0
-0.301089 0.002278 0.224992
0 1 0
255 255 255 255
0.130047 0.500684
0 0 0 0
1 0 0 0
-0.311061 0.002278 0.224992
0 1 0
255 255 255 255
0.128724 0.500684
0 0 0 0
1 0 0 0
-0.217358 0.002278 0.224992
0 1 0
255 255 255 255
0.127699 0.500684
0 0 0 0
1 0 0 0
-0.22733 0.002278 0.224992
0 1 0
255 255 255 255
0.126376 0.500684
0 0 0 0
1 0 0 0
-0.22733 0.002278 0.844564
0 1 0
255 255 255 255
0.126376 0.582042
0 0 0 0
1 0 0 0
-0.217358 0.002278 0.844564
0 1 0
255 255 255 255
0.127699 0.582042
0 0 0 0
1 0 0 0
-0.301089 -0.00146 0.844564
0 1 0
255 255 255 255
0.171392 0.500504
0 0 0 0
1 0 0 0
-0.22733 -0.00146 0.844564
0 1 0
255 255 255 255
0.156674 0.500504
0 0 0 0
1 0 0 0
-0.22733 -0.00146 0.224992
0 1 0
255 255 255 255
0.156674 0.624132
0 0 0 0
1 0 0 0
-0.301089 -0.00146 0.224992
0 1 0
255 255 255 255
0.171392 0.624132
0 0 0 0
1 0 0 0
-0.22733 -0.00146 0.224992
-1 0 0
255 255 255 255
0.12588 0.500684
0 0 0 0
1 0 0 0
-0.22733 -0.00146 0.844564
-1 0 0
255 255 255 255
0.12588 0.582042
0 0 0 0
1 0 0 0
-0.22733 0.002278 0.844564
-1 0 0
255 255 255 255
0.126376 0.582042
0 0 0 0
1 0 0 0
-0.22733 0.002278 0.224992
-1 0 0
255 255 255 255
0.126376 0.500684
0 0 0 0
1 0 0 0
-0.301089 -0.00146 0.844564
1 0 0
255 255 255 255
0.130543 0.582042
0 0 0 0
1 0 0 0
-0.301089 -0.00146 0.224992
1 0 0
255 255 255 255
0.130543 0.500684
0 0 0 0
1 0 0 0
-0.301089 0.002278 0.224992
1 0 0
255 255 255 255
0.130047 0.500684
0 0 0 0
1 0 0 0
-0.301089 0.002278 0.844564
1 0 0
255 255 255 255
0.130047 0.582042
0 0 0 0
1 0 0 0
-0.217358 -0.00146 0.844564
0 1 0
255 255 255 255
0.000225 0.501498
0 0 0 0
1 0 0 0
-0.001275 -0.00146 0.844564
0 1 0
255 255 255 255
0.062967 0.501498
0 0 0 0
1 0 0 0
-0.217358 -0.00146 0.224992
0 1 0
255 255 255 255
0.000225 0.624477
0 0 0 0
1 0 0 0
160 # faces
0 2 1
2 0 3
4 6 5
6 4 7
8 10 9
10 8 11
12 14 13
14 12 15
16 18 17
18 16 19
20 22 21
22 20 23
24 26 25
26 24 27
28 30 29
30 28 31
32 34 33
34 32 35
36 38 37
38 36 39
40 42 41
42 40 43
44 46 45
46 44 47
48 50 49
50 48 51
52 54 53
54 52 55
56 58 57
58 56 59
60 62 61
62 60 63
64 66 65
66 64 67
68 70 69
70 68 71
72 74 73
74 72 75
76 78 77
78 76 79
80 82 81
82 80 83
84 86 85
86 84 87
1 88 0
88 1 89
90 92 91
92 90 93
94 96 95
96 94 97
98 6 99
6 98 5
100 102 101
102 100 103
104 106 105
106 104 107
9 108 8
108 9 109
110 112 111
112 110 113
14 114 13
114 14 115
116 118 117
118 116 119
120 122 121
122 120 123
124 17 125
17 124 16
126 128 127
128 126 129
130 132 131
132 130 133
22 134 21
134 22 135
136 138 137
138 136 139
93 140 92
140 93 141
97 142 96
142 97 143
103 144 102
144 103 145
107 146 106
146 107 147
113 148 112
148 113 149
119 150 118
150 119 151
123 152 122
152 123 153
129 154 128
154 129 155
133 156 132
156 133 157
139 158 138
158 139 159
160 162 161
162 160 163
164 166 165
166 164 167
168 170 169
170 168 171
172 174 173
174 172 175
176 178 177
178 176 179
180 182 181
182 180 183
184 186 185
186 184 187
188 190 189
190 188 191
192 194 193
194 192 195
196 198 197
198 196 199
200 202 201
202 200 203
204 206 205
206 204 207
208 210 209
210 208 211
212 214 213
214 212 215
216 218 217
218 216 219
220 222 221
222 220 223
224 226 225
226 224 227
228 230 229
230 228 231
232 234 233
234 232 235
236 238 237
238 236 239
240 242 241
242 240 243
244 246 245
246 244 247
248 250 249
250 248 251
252 199 253
199 252 254
255 257 256
257 255 258
259 261 260
261 259 262
263 265 264
265 263 266
267 269 268
269 267 270
271 273 272
273 271 274
275 277 276
277 275 278
279 281 280
281 279 282
283 179 284
179 283 285
