1 # bones
root
-1
0 0 0
1 # meshes
10_Road-Cross-A-A_0_0_0_root_root
1 # uv layers
1 # textures
atlas.jpg
0 # uv layer index
198 # vertices
0.311972 -0.018955 0.309657
0.7071068 0 0.7071068
255 255 255 255
0.130562 0.541368
0 0 0 0
1 0 0 0
0.311972 0.002896 0.309657
0.7071068 0 0.7071068
255 255 255 255
0.127663 0.541368
0 0 0 0
1 0 0 0
0.311956 0.002896 0.619426
1 0 0.0001
255 255 255 255
0.127663 0.582042
0 0 0 0
1 0 0 0
0.311956 -0.018955 0.619426
1 0 0.0001
255 255 255 255
0.130562 0.582042
0 0 0 0
1 0 0 0
0.301983 0.002896 0.619426
0 1 0
255 255 255 255
0.12634 0.582042
0 0 0 0
1 0 0 0
0.311956 0.002896 0.619426
0 1 0
255 255 255 255
0.127663 0.582042
0 0 0 0
1 0 0 0
0.311972 0.002896 0.309657
0 1 0
255 255 255 255
0.127663 0.541368
0 0 0 0
1 0 0 0
0.302 0.002896 0.299684
0 1 0
255 255 255 255
0.12634 0.540058
0 0 0 0
1 0 0 0
0.228224 -0.000842 0.619426
0 1 0
255 255 255 255
0.186204 0.500504
0 0 0 0
1 0 0 0
0.301983 -0.000842 0.619426
0 1 0
255 255 255 255
0.171486 0.500504
0 0 0 0
1 0 0 0
0.302 -0.000842 0.299684
0 1 0
255 255 255 255
0.171486 0.564301
0 0 0 0
1 0 0 0
0.228237 -0.000842 0.225921
0 1 0
255 255 255 255
0.186204 0.57902
0 0 0 0
1 0 0 0
0.228237 -0.000842 0.225921
0.7071068 0 0.7071068
255 255 255 255
0.128162 0.530371
0 0 0 0
1 0 0 0
0.228237 0.002896 0.225921
0.7071068 0 0.7071068
255 255 255 255
0.127666 0.530371
0 0 0 0
1 0 0 0
0.228224 0.002896 0.619426
1 0 0
255 255 255 255
0.127666 0.582042
0 0 0 0
1 0 0 0
0.228224 -0.000842 0.619426
1 0 0
255 255 255 255
0.128162 0.582042
0 0 0 0
1 0 0 0
0.218252 -0.000842 0.619426
0 1 0
255 255 255 255
0.49985 0.873263
0 0 0 0
1 0 0 0
0.218264 -0.000842 0.215948
0 1 0
255 255 255 255
0.49985 0.806845
0 0 0 0
1 0 0 0
0.002169 -0.000842 -0.000146
0 1 0
255 255 255 255
0.437214 0.771269
0 0 0 0
1 0 0 0
0.002169 -0.000842 0.619426
0 1 0
255 255 255 255
0.437214 0.873263
0 0 0 0
1 0 0 0
-0.307617 0.002896 0.619426
-1 0 0.0001
255 255 255 255
0.128724 0.582042
0 0 0 0
1 0 0 0
-0.307634 0.002896 0.309657
-0.7071068 0 0.7071068
255 255 255 255
0.128724 0.541368
0 0 0 0
1 0 0 0
-0.307634 -0.018955 0.309657
-0.7071068 0 0.7071068
255 255 255 255
0.125825 0.541368
0 0 0 0
1 0 0 0
-0.307617 -0.018955 0.619426
-1 0 0.0001
255 255 255 255
0.125825 0.582042
0 0 0 0
1 0 0 0
-0.297645 0.002896 0.619426
0 1 0
255 255 255 255
0.130047 0.582042
0 0 0 0
1 0 0 0
-0.297661 0.002896 0.299684
0 1 0
255 255 255 255
0.130047 0.540058
0 0 0 0
1 0 0 0
-0.307634 0.002896 0.309657
0 1 0
255 255 255 255
0.128724 0.541368
0 0 0 0
1 0 0 0
-0.307617 0.002896 0.619426
0 1 0
255 255 255 255
0.128724 0.582042
0 0 0 0
1 0 0 0
-0.223886 -0.000842 0.619426
0 1 0
255 255 255 255
0.156674 0.500504
0 0 0 0
1 0 0 0
-0.223899 -0.000842 0.225921
0 1 0
255 255 255 255
0.156674 0.57902
0 0 0 0
1 0 0 0
-0.297661 -0.000842 0.299684
0 1 0
255 255 255 255
0.171392 0.564301
0 0 0 0
1 0 0 0
-0.297645 -0.000842 0.619426
0 1 0
255 255 255 255
0.171392 0.500504
0 0 0 0
1 0 0 0
-0.223886 0.002896 0.619426
-1 0 0
255 255 255 255
0.126376 0.582042
0 0 0 0
1 0 0 0
-0.223899 0.002896 0.225921
-0.7071068 0 0.7071068
255 255 255 255
0.126376 0.530371
0 0 0 0
1 0 0 0
-0.223899 -0.000842 0.225921
-0.7071068 0 0.7071068
255 255 255 255
0.12588 0.530371
0 0 0 0
1 0 0 0
-0.223886 -0.000842 0.619426
-1 0 0
255 255 255 255
0.12588 0.582042
0 0 0 0
1 0 0 0
-0.213914 -0.000842 0.619426
0 1 0
255 255 255 255
0.375207 0.771269
0 0 0 0
1 0 0 0
0.002169 -0.000842 0.619426
0 1 0
255 255 255 255
0.437144 0.771269
0 0 0 0
1 0 0 0
0.002169 -0.000842 -0.000146
0 1 0
255 255 255 255
0.437144 0.873263
0 0 0 0
1 0 0 0
-0.213926 -0.000842 0.215948
0 1 0
255 255 255 255
0.375207 0.837688
0 0 0 0
1 0 0 0
-0.213914 0.002896 0.619426
1 0 0
255 255 255 255
0.127699 0.582042
0 0 0 0
1 0 0 0
-0.213914 -0.000842 0.619426
1 0 0
255 255 255 255
0.128194 0.582042
0 0 0 0
1 0 0 0
-0.213926 -0.000842 0.215948
1 0 0
255 255 255 255
0.128194 0.529061
0 0 0 0
1 0 0 0
-0.213926 0.002896 0.215948
1 0 0
255 255 255 255
0.127699 0.529061
0 0 0 0
1 0 0 0
-0.223899 0.002896 0.225921
0 1 0
255 255 255 255
0.126376 0.530371
0 0 0 0
1 0 0 0
-0.223886 0.002896 0.619426
0 1 0
255 255 255 255
0.126376 0.582042
0 0 0 0
1 0 0 0
-0.213914 0.002896 0.619426
0 1 0
255 255 255 255
0.127699 0.582042
0 0 0 0
1 0 0 0
-0.213926 0.002896 0.215948
0 1 0
255 255 255 255
0.127699 0.529061
0 0 0 0
1 0 0 0
-0.297645 0.002896 0.619426
1 0 -0.0001
255 255 255 255
0.130047 0.582042
0 0 0 0
1 0 0 0
-0.297645 -0.000842 0.619426
1 0 -0.0001
255 255 255 255
0.130543 0.582042
0 0 0 0
1 0 0 0
-0.297661 -0.000842 0.299684
0.7071068 0 -0.7071068
255 255 255 255
0.130543 0.540058
0 0 0 0
1 0 0 0
-0.297661 0.002896 0.299684
0.7071068 0 -0.7071068
255 255 255 255
0.130047 0.540058
0 0 0 0
1 0 0 0
-0.617403 0.002896 -0.309933
0.0001 0 -1
255 255 255 255
0.127663 0.582042
0 0 0 0
1 0 0 0
-0.307601 0.002896 -0.309916
-0.7071068 0 -0.7071068
255 255 255 255
0.127663 0.541359
0 0 0 0
1 0 0 0
-0.307601 -0.018955 -0.309916
-0.7071068 0 -0.7071068
255 255 255 255
0.130562 0.541359
0 0 0 0
1 0 0 0
-0.617403 -0.018955 -0.309933
0.0001 0 -1
255 255 255 255
0.130562 0.582042
0 0 0 0
1 0 0 0
-0.617403 0.002896 -0.299961
0 1 0
255 255 255 255
0.12634 0.582042
0 0 0 0
1 0 0 0
-0.297629 0.002896 -0.299944
0 1 0
255 255 255 255
0.12634 0.54005
0 0 0 0
1 0 0 0
-0.307601 0.002896 -0.309916
0 1 0
255 255 255 255
0.127663 0.541359
0 0 0 0
1 0 0 0
-0.617403 0.002896 -0.309933
0 1 0
255 255 255 255
0.127663 0.582042
0 0 0 0
1 0 0 0
-0.617403 -0.000842 -0.226201
0 1 0
255 255 255 255
0.186204 0.500504
0 0 0 0
1 0 0 0
-0.223874 -0.000842 -0.22619
0 1 0
255 255 255 255
0.186204 0.57903
0 0 0 0
1 0 0 0
-0.297629 -0.000842 -0.299944
0 1 0
255 255 255 255
0.171486 0.564314
0 0 0 0
1 0 0 0
-0.617403 -0.000842 -0.299961
0 1 0
255 255 255 255
0.171486 0.500504
0 0 0 0
1 0 0 0
-0.617403 0.002896 -0.226201
0 0 -1
255 255 255 255
0.127666 0.582042
0 0 0 0
1 0 0 0
-0.223874 0.002896 -0.22619
-0.7071068 0 -0.7071068
255 255 255 255
0.127666 0.530365
0 0 0 0
1 0 0 0
-0.223874 -0.000842 -0.22619
-0.7071068 0 -0.7071068
255 255 255 255
0.128162 0.530365
0 0 0 0
1 0 0 0
-0.617403 -0.000842 -0.226201
0 0 -1
255 255 255 255
0.128162 0.582042
0 0 0 0
1 0 0 0
-0.617403 -0.000842 -0.216229
0 1 0
255 255 255 255
0.49985 0.873263
0 0 0 0
1 0 0 0
-0.617403 -0.000842 -0.000146
0 1 0
255 255 255 255
0.437214 0.873263
0 0 0 0
1 0 0 0
-0.213902 -0.000842 -0.216217
0 1 0
255 255 255 255
0.49985 0.806837
0 0 0 0
1 0 0 0
-0.617403 0.002896 0.30964
-0.0001 0 1
255 255 255 255
0.128724 0.582042
0 0 0 0
1 0 0 0
-0.617403 -0.018955 0.30964
-0.0001 0 1
255 255 255 255
0.125825 0.582042
0 0 0 0
1 0 0 0
-0.617403 0.002896 0.299668
0 1 0
255 255 255 255
0.130047 0.582042
0 0 0 0
1 0 0 0
-0.617403 0.002896 0.30964
0 1 0
255 255 255 255
0.128724 0.582042
0 0 0 0
1 0 0 0
-0.617403 -0.000842 0.22591
0 1 0
255 255 255 255
0.156674 0.500504
0 0 0 0
1 0 0 0
-0.617403 -0.000842 0.299668
0 1 0
255 255 255 255
0.171392 0.500504
0 0 0 0
1 0 0 0
-0.617403 0.002896 0.22591
0 0 1
255 255 255 255
0.126376 0.582042
0 0 0 0
1 0 0 0
-0.617403 -0.000842 0.22591
0 0 1
255 255 255 255
0.12588 0.582042
0 0 0 0
1 0 0 0
-0.617403 -0.000842 0.215937
0 1 0
255 255 255 255
0.375207 0.771269
0 0 0 0
1 0 0 0
-0.617403 -0.000842 -0.000146
0 1 0
255 255 255 255
0.437144 0.771269
0 0 0 0
1 0 0 0
-0.617403 0.002896 0.215937
0 0 -1
255 255 255 255
0.127699 0.582042
0 0 0 0
1 0 0 0
-0.213926 0.002896 0.215948
0 0 -1
255 255 255 255
0.127699 0.529061
0 0 0 0
1 0 0 0
-0.213926 -0.000842 0.215948
0 0 -1
255 255 255 255
0.128194 0.529061
0 0 0 0
1 0 0 0
-0.617403 -0.000842 0.215937
0 0 -1
255 255 255 255
0.128194 0.582042
0 0 0 0
1 0 0 0
-0.617403 0.002896 0.215937
0 1 0
255 255 255 255
0.127699 0.582042
0 0 0 0
1 0 0 0
-0.617403 0.002896 0.22591
0 1 0
255 255 255 255
0.126376 0.582042
0 0 0 0
1 0 0 0
-0.617403 0.002896 0.299668
0 0 -1
255 255 255 255
0.130047 0.582042
0 0 0 0
1 0 0 0
-0.617403 -0.000842 0.299668
0 0 -1
255 255 255 255
0.130543 0.582042
0 0 0 0
1 0 0 0
0.218252 -0.000842 0.619426
-1 0 0
255 255 255 255
0.125847 0.582042
0 0 0 0
1 0 0 0
0.218252 0.002896 0.619426
-1 0 0
255 255 255 255
0.126343 0.582042
0 0 0 0
1 0 0 0
0.218264 0.002896 0.215948
-1 0 0
255 255 255 255
0.126343 0.529061
0 0 0 0
1 0 0 0
0.218264 -0.000842 0.215948
-1 0 0
255 255 255 255
0.125847 0.529061
0 0 0 0
1 0 0 0
0.218252 0.002896 0.619426
0 1 0
255 255 255 255
0.126343 0.582042
0 0 0 0
1 0 0 0
0.228224 0.002896 0.619426
0 1 0
255 255 255 255
0.127666 0.582042
0 0 0 0
1 0 0 0
0.228237 0.002896 0.225921
0 1 0
255 255 255 255
0.127666 0.530371
0 0 0 0
1 0 0 0
0.218264 0.002896 0.215948
0 1 0
255 255 255 255
0.126343 0.529061
0 0 0 0
1 0 0 0
0.301983 -0.000842 0.619426
-1 0 -0.0001
255 255 255 255
0.125844 0.582042
0 0 0 0
1 0 0 0
0.301983 0.002896 0.619426
-1 0 -0.0001
255 255 255 255
0.12634 0.582042
0 0 0 0
1 0 0 0
0.302 0.002896 0.299684
-0.7071068 0 -0.7071068
255 255 255 255
0.12634 0.540058
0 0 0 0
1 0 0 0
0.302 -0.000842 0.299684
-0.7071068 0 -0.7071068
255 255 255 255
0.125844 0.540058
0 0 0 0
1 0 0 0
-0.617403 0.002896 -0.216229
0 0 1
255 255 255 255
0.126343 0.582042
0 0 0 0
1 0 0 0
-0.617403 -0.000842 -0.216229
0 0 1
255 255 255 255
0.125847 0.582042
0 0 0 0
1 0 0 0
-0.213902 -0.000842 -0.216217
0 0 1
255 255 255 255
0.125847 0.529055
0 0 0 0
1 0 0 0
-0.213902 0.002896 -0.216217
0 0 1
255 255 255 255
0.126343 0.529055
0 0 0 0
1 0 0 0
-0.223874 0.002896 -0.22619
0 1 0
255 255 255 255
0.127666 0.530365
0 0 0 0
1 0 0 0
-0.617403 0.002896 -0.226201
0 1 0
255 255 255 255
0.127666 0.582042
0 0 0 0
1 0 0 0
-0.617403 0.002896 -0.216229
0 1 0
255 255 255 255
0.126343 0.582042
0 0 0 0
1 0 0 0
-0.213902 0.002896 -0.216217
0 1 0
255 255 255 255
0.126343 0.529055
0 0 0 0
1 0 0 0
-0.617403 0.002896 -0.299961
-0.0001 0 1
255 255 255 255
0.12634 0.582042
0 0 0 0
1 0 0 0
-0.617403 -0.000842 -0.299961
-0.0001 0 1
255 255 255 255
0.125844 0.582042
0 0 0 0
1 0 0 0
-0.297629 -0.000842 -0.299944
0.7071068 0 0.7071068
255 255 255 255
0.125844 0.54005
0 0 0 0
1 0 0 0
-0.297629 0.002896 -0.299944
0.7071068 0 0.7071068
255 255 255 255
0.12634 0.54005
0 0 0 0
1 0 0 0
0.621741 0.002896 0.30964
0.0001 0 1
255 255 255 255
0.127663 0.582042
0 0 0 0
1 0 0 0
0.621741 -0.018955 0.30964
0.0001 0 1
255 255 255 255
0.130562 0.582042
0 0 0 0
1 0 0 0
0.621741 0.002896 0.299668
0 1 0
255 255 255 255
0.12634 0.582042
0 0 0 0
1 0 0 0
0.621741 0.002896 0.30964
0 1 0
255 255 255 255
0.127663 0.582042
0 0 0 0
1 0 0 0
0.621741 -0.000842 0.22591
0 1 0
255 255 255 255
0.186204 0.500504
0 0 0 0
1 0 0 0
0.621741 -0.000842 0.299668
0 1 0
255 255 255 255
0.171486 0.500504
0 0 0 0
1 0 0 0
0.621741 -0.000842 0.22591
0 0 1
255 255 255 255
0.128162 0.582042
0 0 0 0
1 0 0 0
0.621741 0.002896 0.22591
0 0 1
255 255 255 255
0.127666 0.582042
0 0 0 0
1 0 0 0
0.621741 -0.000842 0.215937
0 1 0
255 255 255 255
0.49985 0.873263
0 0 0 0
1 0 0 0
0.621741 -0.000842 -0.000146
0 1 0
255 255 255 255
0.437214 0.873263
0 0 0 0
1 0 0 0
0.621741 0.002896 -0.309933
0.0001 0 -1
255 255 255 255
0.128724 0.582042
0 0 0 0
1 0 0 0
0.621741 -0.018955 -0.309933
0.0001 0 -1
255 255 255 255
0.125825 0.582042
0 0 0 0
1 0 0 0
0.311972 -0.018955 -0.309949
0.7071068 0 -0.7071068
255 255 255 255
0.125825 0.541368
0 0 0 0
1 0 0 0
0.311972 0.002896 -0.309949
0.7071068 0 -0.7071068
255 255 255 255
0.128724 0.541368
0 0 0 0
1 0 0 0
0.621741 0.002896 -0.299961
0 1 0
255 255 255 255
0.130047 0.582042
0 0 0 0
1 0 0 0
0.621741 0.002896 -0.309933
0 1 0
255 255 255 255
0.128724 0.582042
0 0 0 0
1 0 0 0
0.311972 0.002896 -0.309949
0 1 0
255 255 255 255
0.128724 0.541368
0 0 0 0
1 0 0 0
0.302 0.002896 -0.299976
0 1 0
255 255 255 255
0.130047 0.540058
0 0 0 0
1 0 0 0
0.621741 -0.000842 -0.226201
0 1 0
255 255 255 255
0.156674 0.500504
0 0 0 0
1 0 0 0
0.621741 -0.000842 -0.299961
0 1 0
255 255 255 255
0.171392 0.500504
0 0 0 0
1 0 0 0
0.302 -0.000842 -0.299976
0 1 0
255 255 255 255
0.171392 0.564301
0 0 0 0
1 0 0 0
0.228237 -0.000842 -0.226214
0 1 0
255 255 255 255
0.156674 0.57902
0 0 0 0
1 0 0 0
0.621741 0.002896 -0.226201
0 0 -1
255 255 255 255
0.126376 0.582042
0 0 0 0
1 0 0 0
0.621741 -0.000842 -0.226201
0 0 -1
255 255 255 255
0.12588 0.582042
0 0 0 0
1 0 0 0
0.228237 -0.000842 -0.226214
0.7071068 0 -0.7071068
255 255 255 255
0.12588 0.530371
0 0 0 0
1 0 0 0
0.228237 0.002896 -0.226214
0.7071068 0 -0.7071068
255 255 255 255
0.126376 0.530371
0 0 0 0
1 0 0 0
0.621741 -0.000842 -0.216229
0 1 0
255 255 255 255
0.375207 0.771269
0 0 0 0
1 0 0 0
0.218264 -0.000842 -0.21624
0 1 0
255 255 255 255
0.375207 0.837688
0 0 0 0
1 0 0 0
0.621741 -0.000842 -0.000146
0 1 0
255 255 255 255
0.437144 0.771269
0 0 0 0
1 0 0 0
0.621741 0.002896 -0.216229
0 0 1
255 255 255 255
0.127699 0.582042
0 0 0 0
1 0 0 0
0.218264 0.002896 -0.21624
0 0 1
255 255 255 255
0.127699 0.529061
0 0 0 0
1 0 0 0
0.218264 -0.000842 -0.21624
0 0 1
255 255 255 255
0.128194 0.529061
0 0 0 0
1 0 0 0
0.621741 -0.000842 -0.216229
0 0 1
255 255 255 255
0.128194 0.582042
0 0 0 0
1 0 0 0
0.228237 0.002896 -0.226214
0 1 0
255 255 255 255
0.126376 0.530371
0 0 0 0
1 0 0 0
0.218264 0.002896 -0.21624
0 1 0
255 255 255 255
0.127699 0.529061
0 0 0 0
1 0 0 0
0.621741 0.002896 -0.216229
0 1 0
255 255 255 255
0.127699 0.582042
0 0 0 0
1 0 0 0
0.621741 0.002896 -0.226201
0 1 0
255 255 255 255
0.126376 0.582042
0 0 0 0
1 0 0 0
0.621741 0.002896 -0.299961
0 0 1
255 255 255 255
0.130047 0.582042
0 0 0 0
1 0 0 0
0.302 0.002896 -0.299976
-0.7071068 0 0.7071068
255 255 255 255
0.130047 0.540058
0 0 0 0
1 0 0 0
0.302 -0.000842 -0.299976
-0.7071068 0 0.7071068
255 255 255 255
0.130543 0.540058
0 0 0 0
1 0 0 0
0.621741 -0.000842 -0.299961
0 0 1
255 255 255 255
0.130543 0.582042
0 0 0 0
1 0 0 0
-0.307617 0.002896 -0.619719
-1 0 0.0001
255 255 255 255
0.127663 0.582042
0 0 0 0
1 0 0 0
-0.307617 -0.018955 -0.619719
-1 0 0.0001
255 255 255 255
0.130562 0.582042
0 0 0 0
1 0 0 0
-0.297645 0.002896 -0.619719
0 1 0
255 255 255 255
0.12634 0.582042
0 0 0 0
1 0 0 0
-0.307617 0.002896 -0.619719
0 1 0
255 255 255 255
0.127663 0.582042
0 0 0 0
1 0 0 0
-0.223886 -0.000842 -0.619719
0 1 0
255 255 255 255
0.186204 0.500504
0 0 0 0
1 0 0 0
-0.297645 -0.000842 -0.619719
0 1 0
255 255 255 255
0.171486 0.500504
0 0 0 0
1 0 0 0
-0.223886 0.002896 -0.619719
-1 0 0
255 255 255 255
0.127666 0.582042
0 0 0 0
1 0 0 0
-0.223886 -0.000842 -0.619719
-1 0 0
255 255 255 255
0.128162 0.582042
0 0 0 0
1 0 0 0
-0.213914 -0.000842 -0.619719
0 1 0
255 255 255 255
0.49985 0.873263
0 0 0 0
1 0 0 0
0.002169 -0.000842 -0.619719
0 1 0
255 255 255 255
0.437214 0.873263
0 0 0 0
1 0 0 0
0.311956 0.002896 -0.619718
1 0 -0.0001
255 255 255 255
0.128724 0.582042
0 0 0 0
1 0 0 0
0.311956 -0.018955 -0.619718
1 0 -0.0001
255 255 255 255
0.125825 0.582042
0 0 0 0
1 0 0 0
0.301983 0.002896 -0.619719
0 1 0
255 255 255 255
0.130047 0.582042
0 0 0 0
1 0 0 0
0.311956 0.002896 -0.619718
0 1 0
255 255 255 255
0.128724 0.582042
0 0 0 0
1 0 0 0
0.228224 -0.000842 -0.619719
0 1 0
255 255 255 255
0.156674 0.500504
0 0 0 0
1 0 0 0
0.301983 -0.000842 -0.619719
0 1 0
255 255 255 255
0.171392 0.500504
0 0 0 0
1 0 0 0
0.228224 0.002896 -0.619719
1 0 0
255 255 255 255
0.126376 0.582042
0 0 0 0
1 0 0 0
0.228224 -0.000842 -0.619719
1 0 0
255 255 255 255
0.12588 0.582042
0 0 0 0
1 0 0 0
0.218252 -0.000842 -0.619719
0 1 0
255 255 255 255
0.375207 0.771269
0 0 0 0
1 0 0 0
0.002169 -0.000842 -0.619719
0 1 0
255 255 255 255
0.437144 0.771269
0 0 0 0
1 0 0 0
0.218252 0.002896 -0.619719
-1 0 0
255 255 255 255
0.127699 0.582042
0 0 0 0
1 0 0 0
0.218252 -0.000842 -0.619719
-1 0 0
255 255 255 255
0.128194 0.582042
0 0 0 0
1 0 0 0
0.218264 -0.000842 -0.21624
-1 0 0
255 255 255 255
0.128194 0.529061
0 0 0 0
1 0 0 0
0.218264 0.002896 -0.21624
-1 0 0
255 255 255 255
0.127699 0.529061
0 0 0 0
1 0 0 0
0.218252 0.002896 -0.619719
0 1 0
255 255 255 255
0.127699 0.582042
0 0 0 0
1 0 0 0
0.228224 0.002896 -0.619719
0 1 0
255 255 255 255
0.126376 0.582042
0 0 0 0
1 0 0 0
0.301983 0.002896 -0.619719
-1 0 0.0001
255 255 255 255
0.130047 0.582042
0 0 0 0
1 0 0 0
0.301983 -0.000842 -0.619719
-1 0 0.0001
255 255 255 255
0.130543 0.582042
0 0 0 0
1 0 0 0
0.621741 -0.000842 0.215937
0 0 -1
255 255 255 255
0.125847 0.582042
0 0 0 0
1 0 0 0
0.218264 -0.000842 0.215948
0 0 -1
255 255 255 255
0.125847 0.529061
0 0 0 0
1 0 0 0
0.218264 0.002896 0.215948
0 0 -1
255 255 255 255
0.126343 0.529061
0 0 0 0
1 0 0 0
0.621741 0.002896 0.215937
0 0 -1
255 255 255 255
0.126343 0.582042
0 0 0 0
1 0 0 0
0.621741 0.002896 0.215937
0 1 0
255 255 255 255
0.126343 0.582042
0 0 0 0
1 0 0 0
0.621741 0.002896 0.22591
0 1 0
255 255 255 255
0.127666 0.582042
0 0 0 0
1 0 0 0
0.621741 -0.000842 0.299668
0 0 -1
255 255 255 255
0.125844 0.582042
0 0 0 0
1 0 0 0
0.621741 0.002896 0.299668
0 0 -1
255 255 255 255
0.12634 0.582042
0 0 0 0
1 0 0 0
-0.213914 0.002896 -0.619719
1 0 0
255 255 255 255
0.126343 0.582042
0 0 0 0
1 0 0 0
-0.213902 0.002896 -0.216217
1 0 0
255 255 255 255
0.126343 0.529055
0 0 0 0
1 0 0 0
-0.213902 -0.000842 -0.216217
1 0 0
255 255 255 255
0.125847 0.529055
0 0 0 0
1 0 0 0
-0.213914 -0.000842 -0.619719
1 0 0
255 255 255 255
0.125847 0.582042
0 0 0 0
1 0 0 0
-0.213914 0.002896 -0.619719
0 1 0
255 255 255 255
0.126343 0.582042
0 0 0 0
1 0 0 0
-0.223886 0.002896 -0.619719
0 1 0
255 255 255 255
0.127666 0.582042
0 0 0 0
1 0 0 0
-0.297645 0.002896 -0.619719
1 0 -0.0001
255 255 255 255
0.12634 0.582042
0 0 0 0
1 0 0 0
-0.297645 -0.000842 -0.619719
1 0 -0.0001
255 255 255 255
0.125844 0.582042
0 0 0 0
1 0 0 0
128 # faces
0 2 1
2 0 3
4 6 5
6 4 7
8 10 9
10 8 11
12 14 13
14 12 15
16 18 17
18 16 19
20 22 21
22 20 23
24 26 25
26 24 27
28 30 29
30 28 31
32 34 33
34 32 35
36 38 37
38 36 39
40 42 41
42 40 43
44 46 45
46 44 47
48 50 49
50 48 51
52 54 53
54 52 55
56 58 57
58 56 59
60 62 61
62 60 63
64 66 65
66 64 67
68 18 69
18 68 70
22 71 21
71 22 72
26 73 25
73 26 74
30 75 29
75 30 76
34 77 33
77 34 78
79 38 39
38 79 80
81 83 82
83 81 84
44 85 47
85 44 86
87 50 51
50 87 88
89 91 90
91 89 92
93 95 94
95 93 96
97 99 98
99 97 100
101 103 102
103 101 104
105 107 106
107 105 108
109 111 110
111 109 112
113 0 1
0 113 114
115 6 7
6 115 116
117 10 11
10 117 118
12 120 119
120 12 13
18 121 17
121 18 122
123 125 124
125 123 126
127 129 128
129 127 130
131 133 132
133 131 134
135 137 136
137 135 138
139 38 140
38 139 141
142 144 143
144 142 145
146 148 147
148 146 149
150 152 151
152 150 153
54 154 53
154 54 155
58 156 57
156 58 157
62 158 61
158 62 159
66 160 65
160 66 161
162 18 70
18 162 163
164 125 126
125 164 165
166 129 130
129 166 167
168 133 134
133 168 169
170 137 138
137 170 171
38 172 140
172 38 173
174 176 175
176 174 177
178 146 147
146 178 179
152 180 151
180 152 181
182 184 183
184 182 185
186 95 96
95 186 187
188 99 100
99 188 189
190 192 191
192 190 193
105 194 108
194 105 195
196 111 112
111 196 197
