1 # bones
root
-1
0 0 0
1 # meshes
10_Road-Cross-B-A_0_0_0_root_root
1 # uv layers
1 # textures
atlas.jpg
0 # uv layer index
210 # vertices
-0.61351 0.002918 -0.536071
0.0001 0 -1
255 255 255 255
0.127663 0.582042
0 0 0 0
1 0 0 0
-0.303709 0.002918 -0.536054
-0.7071068 0 -0.7071068
255 255 255 255
0.127663 0.541359
0 0 0 0
1 0 0 0
-0.303709 -0.018933 -0.536054
-0.7071068 0 -0.7071068
255 255 255 255
0.130562 0.541359
0 0 0 0
1 0 0 0
-0.61351 -0.018933 -0.536071
0.0001 0 -1
255 255 255 255
0.130562 0.582042
0 0 0 0
1 0 0 0
-0.61351 0.002918 -0.526098
0 1 0
255 255 255 255
0.12634 0.582042
0 0 0 0
1 0 0 0
-0.293737 0.002918 -0.526082
0 1 0
255 255 255 255
0.12634 0.54005
0 0 0 0
1 0 0 0
-0.303709 0.002918 -0.536054
0 1 0
255 255 255 255
0.127663 0.541359
0 0 0 0
1 0 0 0
-0.61351 0.002918 -0.536071
0 1 0
255 255 255 255
0.127663 0.582042
0 0 0 0
1 0 0 0
-0.61351 -0.00082 -0.452339
0 1 0
255 255 255 255
0.186204 0.500504
0 0 0 0
1 0 0 0
-0.219983 -0.00082 -0.452327
0 1 0
255 255 255 255
0.186204 0.57903
0 0 0 0
1 0 0 0
-0.293737 -0.00082 -0.526082
0 1 0
255 255 255 255
0.171486 0.564314
0 0 0 0
1 0 0 0
-0.61351 -0.00082 -0.526098
0 1 0
255 255 255 255
0.171486 0.500504
0 0 0 0
1 0 0 0
-0.61351 0.002918 -0.452339
0 0 -1
255 255 255 255
0.127666 0.582042
0 0 0 0
1 0 0 0
-0.219983 0.002918 -0.452327
-0.7071068 0 -0.7071068
255 255 255 255
0.127666 0.530365
0 0 0 0
1 0 0 0
-0.219983 -0.00082 -0.452327
-0.7071068 0 -0.7071068
255 255 255 255
0.128162 0.530365
0 0 0 0
1 0 0 0
-0.61351 -0.00082 -0.452339
0 0 -1
255 255 255 255
0.128162 0.582042
0 0 0 0
1 0 0 0
-0.61351 -0.00082 -0.442367
0 1 0
255 255 255 255
0.49985 0.873263
0 0 0 0
1 0 0 0
-0.61351 -0.00082 -0.226284
0 1 0
255 255 255 255
0.437214 0.873263
0 0 0 0
1 0 0 0
0.006061 -0.00082 -0.226284
0 1 0
255 255 255 255
0.437214 0.771269
0 0 0 0
1 0 0 0
-0.210011 -0.00082 -0.442355
0 1 0
255 255 255 255
0.49985 0.806837
0 0 0 0
1 0 0 0
-0.61351 -0.00082 -0.226284
0 1 0
255 255 255 255
0.437144 0.771269
0 0 0 0
1 0 0 0
-0.61351 -0.00082 -0.0102
0 1 0
255 255 255 255
0.375207 0.771269
0 0 0 0
1 0 0 0
-0.209999 -0.00082 -0.0102
0 1 0
255 255 255 255
0.375207 0.837688
0 0 0 0
1 0 0 0
0.006061 -0.00082 -0.226284
0 1 0
255 255 255 255
0.437144 0.873263
0 0 0 0
1 0 0 0
-0.61351 0.002918 -0.442367
0 0 1
255 255 255 255
0.126343 0.582042
0 0 0 0
1 0 0 0
-0.61351 -0.00082 -0.442367
0 0 1
255 255 255 255
0.125847 0.582042
0 0 0 0
1 0 0 0
-0.210011 -0.00082 -0.442355
0 0 1
255 255 255 255
0.125847 0.529055
0 0 0 0
1 0 0 0
-0.210011 0.002918 -0.442355
0 0 1
255 255 255 255
0.126343 0.529055
0 0 0 0
1 0 0 0
-0.219983 0.002918 -0.452327
0 1 0
255 255 255 255
0.127666 0.530365
0 0 0 0
1 0 0 0
-0.61351 0.002918 -0.452339
0 1 0
255 255 255 255
0.127666 0.582042
0 0 0 0
1 0 0 0
-0.61351 0.002918 -0.442367
0 1 0
255 255 255 255
0.126343 0.582042
0 0 0 0
1 0 0 0
-0.210011 0.002918 -0.442355
0 1 0
255 255 255 255
0.126343 0.529055
0 0 0 0
1 0 0 0
-0.61351 0.002918 -0.526098
0 0 1
255 255 255 255
0.12634 0.582042
0 0 0 0
1 0 0 0
-0.61351 -0.00082 -0.526098
0 0 1
255 255 255 255
0.125844 0.582042
0 0 0 0
1 0 0 0
-0.293737 -0.00082 -0.526082
0.7071068 0 0.7071068
255 255 255 255
0.125844 0.54005
0 0 0 0
1 0 0 0
-0.293737 0.002918 -0.526082
0.7071068 0 0.7071068
255 255 255 255
0.12634 0.54005
0 0 0 0
1 0 0 0
0.625633 -0.00082 -0.226284
0 1 0
255 255 255 255
0.437214 0.873263
0 0 0 0
1 0 0 0
0.222167 -0.00082 -0.0102
0 1 0
255 255 255 255
0.49985 0.806845
0 0 0 0
1 0 0 0
0.625633 -0.00082 -0.0102
0 1 0
255 255 255 255
0.49985 0.873263
0 0 0 0
1 0 0 0
0.625633 0.002918 -0.53607
0.0001 0 -1
255 255 255 255
0.128724 0.582042
0 0 0 0
1 0 0 0
0.625633 -0.018933 -0.53607
0.0001 0 -1
255 255 255 255
0.125825 0.582042
0 0 0 0
1 0 0 0
0.315864 -0.018933 -0.536087
0.7071068 0 -0.7071068
255 255 255 255
0.125825 0.541368
0 0 0 0
1 0 0 0
0.315864 0.002918 -0.536087
0.7071068 0 -0.7071068
255 255 255 255
0.128724 0.541368
0 0 0 0
1 0 0 0
0.625633 0.002918 -0.526098
0 1 0
255 255 255 255
0.130047 0.582042
0 0 0 0
1 0 0 0
0.625633 0.002918 -0.53607
0 1 0
255 255 255 255
0.128724 0.582042
0 0 0 0
1 0 0 0
0.315864 0.002918 -0.536087
0 1 0
255 255 255 255
0.128724 0.541368
0 0 0 0
1 0 0 0
0.305891 0.002918 -0.526114
0 1 0
255 255 255 255
0.130047 0.540058
0 0 0 0
1 0 0 0
0.625633 -0.00082 -0.452339
0 1 0
255 255 255 255
0.156674 0.500504
0 0 0 0
1 0 0 0
0.625633 -0.00082 -0.526098
0 1 0
255 255 255 255
0.171392 0.500504
0 0 0 0
1 0 0 0
0.305891 -0.00082 -0.526114
0 1 0
255 255 255 255
0.171392 0.564301
0 0 0 0
1 0 0 0
0.232129 -0.00082 -0.452351
0 1 0
255 255 255 255
0.156674 0.57902
0 0 0 0
1 0 0 0
0.625633 0.002918 -0.452339
0 0 -1
255 255 255 255
0.126376 0.582042
0 0 0 0
1 0 0 0
0.625633 -0.00082 -0.452339
0 0 -1
255 255 255 255
0.12588 0.582042
0 0 0 0
1 0 0 0
0.232129 -0.00082 -0.452351
0.7071068 0 -0.7071068
255 255 255 255
0.12588 0.530371
0 0 0 0
1 0 0 0
0.232129 0.002918 -0.452351
0.7071068 0 -0.7071068
255 255 255 255
0.126376 0.530371
0 0 0 0
1 0 0 0
0.625633 -0.00082 -0.442366
0 1 0
255 255 255 255
0.375207 0.771269
0 0 0 0
1 0 0 0
0.222156 -0.00082 -0.442378
0 1 0
255 255 255 255
0.375207 0.837688
0 0 0 0
1 0 0 0
0.625633 -0.00082 -0.226284
0 1 0
255 255 255 255
0.437144 0.771269
0 0 0 0
1 0 0 0
0.625633 0.002918 -0.442366
0 0 1
255 255 255 255
0.127699 0.582042
0 0 0 0
1 0 0 0
0.222156 0.002918 -0.442378
0 0 1
255 255 255 255
0.127699 0.529061
0 0 0 0
1 0 0 0
0.222156 -0.00082 -0.442378
0 0 1
255 255 255 255
0.128194 0.529061
0 0 0 0
1 0 0 0
0.625633 -0.00082 -0.442366
0 0 1
255 255 255 255
0.128194 0.582042
0 0 0 0
1 0 0 0
0.232129 0.002918 -0.452351
0 1 0
255 255 255 255
0.126376 0.530371
0 0 0 0
1 0 0 0
0.222156 0.002918 -0.442378
0 1 0
255 255 255 255
0.127699 0.529061
0 0 0 0
1 0 0 0
0.625633 0.002918 -0.442366
0 1 0
255 255 255 255
0.127699 0.582042
0 0 0 0
1 0 0 0
0.625633 0.002918 -0.452339
0 1 0
255 255 255 255
0.126376 0.582042
0 0 0 0
1 0 0 0
0.625633 0.002918 -0.526098
-0.0001 0 1
255 255 255 255
0.130047 0.582042
0 0 0 0
1 0 0 0
0.305891 0.002918 -0.526114
-0.7071068 0 0.7071068
255 255 255 255
0.130047 0.540058
0 0 0 0
1 0 0 0
0.305891 -0.00082 -0.526114
-0.7071068 0 0.7071068
255 255 255 255
0.130543 0.540058
0 0 0 0
1 0 0 0
0.625633 -0.00082 -0.526098
-0.0001 0 1
255 255 255 255
0.130543 0.582042
0 0 0 0
1 0 0 0
-0.303726 0.002918 -0.845856
-1 0 0.0001
255 255 255 255
0.127663 0.582042
0 0 0 0
1 0 0 0
-0.303726 -0.018933 -0.845856
-1 0 0.0001
255 255 255 255
0.130562 0.582042
0 0 0 0
1 0 0 0
-0.293753 0.002918 -0.845856
0 1 0
255 255 255 255
0.12634 0.582042
0 0 0 0
1 0 0 0
-0.303726 0.002918 -0.845856
0 1 0
255 255 255 255
0.127663 0.582042
0 0 0 0
1 0 0 0
-0.219995 -0.00082 -0.845856
0 1 0
255 255 255 255
0.186204 0.500504
0 0 0 0
1 0 0 0
-0.293753 -0.00082 -0.845856
0 1 0
255 255 255 255
0.171486 0.500504
0 0 0 0
1 0 0 0
-0.219995 0.002918 -0.845856
-1 0 0
255 255 255 255
0.127666 0.582042
0 0 0 0
1 0 0 0
-0.219995 -0.00082 -0.845856
-1 0 0
255 255 255 255
0.128162 0.582042
0 0 0 0
1 0 0 0
-0.210022 -0.00082 -0.845856
0 1 0
255 255 255 255
0.49985 0.873263
0 0 0 0
1 0 0 0
0.006061 -0.00082 -0.845856
0 1 0
255 255 255 255
0.437214 0.873263
0 0 0 0
1 0 0 0
0.315848 0.002918 -0.845856
1 0 -0.0001
255 255 255 255
0.128724 0.582042
0 0 0 0
1 0 0 0
0.315848 -0.018933 -0.845856
1 0 -0.0001
255 255 255 255
0.125825 0.582042
0 0 0 0
1 0 0 0
0.305875 0.002918 -0.845856
0 1 0
255 255 255 255
0.130047 0.582042
0 0 0 0
1 0 0 0
0.315848 0.002918 -0.845856
0 1 0
255 255 255 255
0.128724 0.582042
0 0 0 0
1 0 0 0
0.232116 -0.00082 -0.845856
0 1 0
255 255 255 255
0.156674 0.500504
0 0 0 0
1 0 0 0
0.305875 -0.00082 -0.845856
0 1 0
255 255 255 255
0.171392 0.500504
0 0 0 0
1 0 0 0
0.232116 0.002918 -0.845856
1 0 0
255 255 255 255
0.126376 0.582042
0 0 0 0
1 0 0 0
0.232116 -0.00082 -0.845856
1 0 0
255 255 255 255
0.12588 0.582042
0 0 0 0
1 0 0 0
0.222144 -0.00082 -0.845856
0 1 0
255 255 255 255
0.375207 0.771269
0 0 0 0
1 0 0 0
0.006061 -0.00082 -0.845856
0 1 0
255 255 255 255
0.437144 0.771269
0 0 0 0
1 0 0 0
0.222144 0.002918 -0.845856
-1 0 0
255 255 255 255
0.127699 0.582042
0 0 0 0
1 0 0 0
0.222144 -0.00082 -0.845856
-1 0 0
255 255 255 255
0.128194 0.582042
0 0 0 0
1 0 0 0
0.222156 -0.00082 -0.442378
-1 0 0
255 255 255 255
0.128194 0.529061
0 0 0 0
1 0 0 0
0.222156 0.002918 -0.442378
-1 0 0
255 255 255 255
0.127699 0.529061
0 0 0 0
1 0 0 0
0.222144 0.002918 -0.845856
0 1 0
255 255 255 255
0.127699 0.582042
0 0 0 0
1 0 0 0
0.232116 0.002918 -0.845856
0 1 0
255 255 255 255
0.126376 0.582042
0 0 0 0
1 0 0 0
0.305875 0.002918 -0.845856
-1 0 0.0001
255 255 255 255
0.130047 0.582042
0 0 0 0
1 0 0 0
0.305875 -0.00082 -0.845856
-1 0 0.0001
255 255 255 255
0.130543 0.582042
0 0 0 0
1 0 0 0
-0.210022 0.002918 -0.845856
1 0 0
255 255 255 255
0.126343 0.582042
0 0 0 0
1 0 0 0
-0.210011 0.002918 -0.442355
1 0 0
255 255 255 255
0.126343 0.529055
0 0 0 0
1 0 0 0
-0.210011 -0.00082 -0.442355
1 0 0
255 255 255 255
0.125847 0.529055
0 0 0 0
1 0 0 0
-0.210022 -0.00082 -0.845856
1 0 0
255 255 255 255
0.125847 0.582042
0 0 0 0
1 0 0 0
-0.210022 0.002918 -0.845856
0 1 0
255 255 255 255
0.126343 0.582042
0 0 0 0
1 0 0 0
-0.219995 0.002918 -0.845856
0 1 0
255 255 255 255
0.127666 0.582042
0 0 0 0
1 0 0 0
-0.293753 0.002918 -0.845856
1 0 -0.0001
255 255 255 255
0.12634 0.582042
0 0 0 0
1 0 0 0
-0.293753 -0.00082 -0.845856
1 0 -0.0001
255 255 255 255
0.125844 0.582042
0 0 0 0
1 0 0 0
0.006061 -0.00082 -0.0102
0 1 0
255 255 255 255
0.437214 0.806841
0 0 0 0
1 0 0 0
0.006061 -0.00082 -0.0102
0 1 0
255 255 255 255
0.437144 0.837692
0 0 0 0
1 0 0 0
-0.61351 0.002918 0.515669
0.0001 0 1
255 255 255 255
0.127663 0.582042
0 0 0 0
1 0 0 0
-0.61351 -0.018933 0.515669
0.0001 0 1
255 255 255 255
0.130562 0.582042
0 0 0 0
1 0 0 0
-0.303709 -0.018933 0.515652
-0.7071068 0 0.7071068
255 255 255 255
0.130562 0.541359
0 0 0 0
1 0 0 0
-0.303709 0.002918 0.515652
-0.7071068 0 0.7071068
255 255 255 255
0.127663 0.541359
0 0 0 0
1 0 0 0
-0.61351 0.002918 0.505697
0 1 0
255 255 255 255
0.12634 0.582042
0 0 0 0
1 0 0 0
-0.61351 0.002918 0.515669
0 1 0
255 255 255 255
0.127663 0.582042
0 0 0 0
1 0 0 0
-0.303709 0.002918 0.515652
0 1 0
255 255 255 255
0.127663 0.541359
0 0 0 0
1 0 0 0
-0.293737 0.002918 0.505681
0 1 0
255 255 255 255
0.12634 0.54005
0 0 0 0
1 0 0 0
-0.61351 -0.00082 0.431938
0 1 0
255 255 255 255
0.186204 0.500504
0 0 0 0
1 0 0 0
-0.61351 -0.00082 0.505697
0 1 0
255 255 255 255
0.171486 0.500504
0 0 0 0
1 0 0 0
-0.293737 -0.00082 0.505681
0 1 0
255 255 255 255
0.171486 0.564314
0 0 0 0
1 0 0 0
-0.219983 -0.00082 0.431926
0 1 0
255 255 255 255
0.186204 0.57903
0 0 0 0
1 0 0 0
-0.61351 0.002918 0.431938
0 0 1
255 255 255 255
0.127666 0.582042
0 0 0 0
1 0 0 0
-0.61351 -0.00082 0.431938
0 0 1
255 255 255 255
0.128162 0.582042
0 0 0 0
1 0 0 0
-0.219983 -0.00082 0.431926
-0.7071068 0 0.7071068
255 255 255 255
0.128162 0.530365
0 0 0 0
1 0 0 0
-0.219983 0.002918 0.431926
-0.7071068 0 0.7071068
255 255 255 255
0.127666 0.530365
0 0 0 0
1 0 0 0
-0.61351 -0.00082 0.421966
0 1 0
255 255 255 255
0.49985 0.873263
0 0 0 0
1 0 0 0
-0.210011 -0.00082 0.421954
0 1 0
255 255 255 255
0.49985 0.806837
0 0 0 0
1 0 0 0
0.006061 -0.00082 0.205882
0 1 0
255 255 255 255
0.437214 0.771269
0 0 0 0
1 0 0 0
-0.61351 -0.00082 0.205882
0 1 0
255 255 255 255
0.437214 0.873263
0 0 0 0
1 0 0 0
-0.61351 -0.00082 0.205882
0 1 0
255 255 255 255
0.437144 0.771269
0 0 0 0
1 0 0 0
0.006061 -0.00082 0.205882
0 1 0
255 255 255 255
0.437144 0.873263
0 0 0 0
1 0 0 0
-0.61351 0.002918 0.421966
0 0 -1
255 255 255 255
0.126343 0.582042
0 0 0 0
1 0 0 0
-0.210011 0.002918 0.421954
0 0 -1
255 255 255 255
0.126343 0.529055
0 0 0 0
1 0 0 0
-0.210011 -0.00082 0.421954
0 0 -1
255 255 255 255
0.125847 0.529055
0 0 0 0
1 0 0 0
-0.61351 -0.00082 0.421966
0 0 -1
255 255 255 255
0.125847 0.582042
0 0 0 0
1 0 0 0
-0.219983 0.002918 0.431926
0 1 0
255 255 255 255
0.127666 0.530365
0 0 0 0
1 0 0 0
-0.210011 0.002918 0.421954
0 1 0
255 255 255 255
0.126343 0.529055
0 0 0 0
1 0 0 0
-0.61351 0.002918 0.421966
0 1 0
255 255 255 255
0.126343 0.582042
0 0 0 0
1 0 0 0
-0.61351 0.002918 0.431938
0 1 0
255 255 255 255
0.127666 0.582042
0 0 0 0
1 0 0 0
-0.61351 0.002918 0.505697
0 0 -1
255 255 255 255
0.12634 0.582042
0 0 0 0
1 0 0 0
-0.293737 0.002918 0.505681
0.7071068 0 -0.7071068
255 255 255 255
0.12634 0.54005
0 0 0 0
1 0 0 0
-0.293737 -0.00082 0.505681
0.7071068 0 -0.7071068
255 255 255 255
0.125844 0.54005
0 0 0 0
1 0 0 0
-0.61351 -0.00082 0.505697
0 0 -1
255 255 255 255
0.125844 0.582042
0 0 0 0
1 0 0 0
0.625633 -0.00082 0.205882
0 1 0
255 255 255 255
0.437214 0.873263
0 0 0 0
1 0 0 0
0.625633 0.002918 0.515669
0.0001 0 1
255 255 255 255
0.128724 0.582042
0 0 0 0
1 0 0 0
0.315864 0.002918 0.515686
0.7071068 0 0.7071068
255 255 255 255
0.128724 0.541368
0 0 0 0
1 0 0 0
0.315864 -0.018933 0.515686
0.7071068 0 0.7071068
255 255 255 255
0.125825 0.541368
0 0 0 0
1 0 0 0
0.625633 -0.018933 0.515669
0.0001 0 1
255 255 255 255
0.125825 0.582042
0 0 0 0
1 0 0 0
0.625633 0.002918 0.505697
0 1 0
255 255 255 255
0.130047 0.582042
0 0 0 0
1 0 0 0
0.305891 0.002918 0.505713
0 1 0
255 255 255 255
0.130047 0.540058
0 0 0 0
1 0 0 0
0.315864 0.002918 0.515686
0 1 0
255 255 255 255
0.128724 0.541368
0 0 0 0
1 0 0 0
0.625633 0.002918 0.515669
0 1 0
255 255 255 255
0.128724 0.582042
0 0 0 0
1 0 0 0
0.625633 -0.00082 0.431938
0 1 0
255 255 255 255
0.156674 0.500504
0 0 0 0
1 0 0 0
0.232129 -0.00082 0.43195
0 1 0
255 255 255 255
0.156674 0.57902
0 0 0 0
1 0 0 0
0.305891 -0.00082 0.505713
0 1 0
255 255 255 255
0.171392 0.564301
0 0 0 0
1 0 0 0
0.625633 -0.00082 0.505697
0 1 0
255 255 255 255
0.171392 0.500504
0 0 0 0
1 0 0 0
0.625633 0.002918 0.431938
0 0 1
255 255 255 255
0.126376 0.582042
0 0 0 0
1 0 0 0
0.232129 0.002918 0.43195
0.7071068 0 0.7071068
255 255 255 255
0.126376 0.530371
0 0 0 0
1 0 0 0
0.232129 -0.00082 0.43195
0.7071068 0 0.7071068
255 255 255 255
0.12588 0.530371
0 0 0 0
1 0 0 0
0.625633 -0.00082 0.431938
0 0 1
255 255 255 255
0.12588 0.582042
0 0 0 0
1 0 0 0
0.625633 -0.00082 0.421965
0 1 0
255 255 255 255
0.375207 0.771269
0 0 0 0
1 0 0 0
0.625633 -0.00082 0.205882
0 1 0
255 255 255 255
0.437144 0.771269
0 0 0 0
1 0 0 0
0.222156 -0.00082 0.421977
0 1 0
255 255 255 255
0.375207 0.837688
0 0 0 0
1 0 0 0
0.625633 0.002918 0.421965
0 0 -1
255 255 255 255
0.127699 0.582042
0 0 0 0
1 0 0 0
0.625633 -0.00082 0.421965
0 0 -1
255 255 255 255
0.128194 0.582042
0 0 0 0
1 0 0 0
0.222156 -0.00082 0.421977
0 0 -1
255 255 255 255
0.128194 0.529061
0 0 0 0
1 0 0 0
0.222156 0.002918 0.421977
0 0 -1
255 255 255 255
0.127699 0.529061
0 0 0 0
1 0 0 0
0.232129 0.002918 0.43195
0 1 0
255 255 255 255
0.126376 0.530371
0 0 0 0
1 0 0 0
0.625633 0.002918 0.431938
0 1 0
255 255 255 255
0.126376 0.582042
0 0 0 0
1 0 0 0
0.625633 0.002918 0.421965
0 1 0
255 255 255 255
0.127699 0.582042
0 0 0 0
1 0 0 0
0.222156 0.002918 0.421977
0 1 0
255 255 255 255
0.127699 0.529061
0 0 0 0
1 0 0 0
0.625633 0.002918 0.505697
-0.0001 0 -1
255 255 255 255
0.130047 0.582042
0 0 0 0
1 0 0 0
0.625633 -0.00082 0.505697
-0.0001 0 -1
255 255 255 255
0.130543 0.582042
0 0 0 0
1 0 0 0
0.305891 -0.00082 0.505713
-0.7071068 0 -0.7071068
255 255 255 255
0.130543 0.540058
0 0 0 0
1 0 0 0
0.305891 0.002918 0.505713
-0.7071068 0 -0.7071068
255 255 255 255
0.130047 0.540058
0 0 0 0
1 0 0 0
-0.303726 0.002918 0.825454
-1 0 -0.0001
255 255 255 255
0.127663 0.582042
0 0 0 0
1 0 0 0
-0.303726 -0.018933 0.825454
-1 0 -0.0001
255 255 255 255
0.130562 0.582042
0 0 0 0
1 0 0 0
-0.293753 0.002918 0.825455
0 1 0
255 255 255 255
0.12634 0.582042
0 0 0 0
1 0 0 0
-0.303726 0.002918 0.825454
0 1 0
255 255 255 255
0.127663 0.582042
0 0 0 0
1 0 0 0
-0.219995 -0.00082 0.825454
0 1 0
255 255 255 255
0.186204 0.500504
0 0 0 0
1 0 0 0
-0.293753 -0.00082 0.825455
0 1 0
255 255 255 255
0.171486 0.500504
0 0 0 0
1 0 0 0
-0.219995 0.002918 0.825454
-1 0 0
255 255 255 255
0.127666 0.582042
0 0 0 0
1 0 0 0
-0.219995 -0.00082 0.825454
-1 0 0
255 255 255 255
0.128162 0.582042
0 0 0 0
1 0 0 0
-0.210022 -0.00082 0.825454
0 1 0
255 255 255 255
0.49985 0.873263
0 0 0 0
1 0 0 0
0.006061 -0.00082 0.825454
0 1 0
255 255 255 255
0.437214 0.873263
0 0 0 0
1 0 0 0
0.315848 0.002918 0.825454
1 0 0.0001
255 255 255 255
0.128724 0.582042
0 0 0 0
1 0 0 0
0.315848 -0.018933 0.825454
1 0 0.0001
255 255 255 255
0.125825 0.582042
0 0 0 0
1 0 0 0
0.305875 0.002918 0.825454
0 1 0
255 255 255 255
0.130047 0.582042
0 0 0 0
1 0 0 0
0.315848 0.002918 0.825454
0 1 0
255 255 255 255
0.128724 0.582042
0 0 0 0
1 0 0 0
0.232116 -0.00082 0.825454
0 1 0
255 255 255 255
0.156674 0.500504
0 0 0 0
1 0 0 0
0.305875 -0.00082 0.825454
0 1 0
255 255 255 255
0.171392 0.500504
0 0 0 0
1 0 0 0
0.232116 0.002918 0.825454
1 0 0
255 255 255 255
0.126376 0.582042
0 0 0 0
1 0 0 0
0.232116 -0.00082 0.825454
1 0 0
255 255 255 255
0.12588 0.582042
0 0 0 0
1 0 0 0
0.222144 -0.00082 0.825454
0 1 0
255 255 255 255
0.375207 0.771269
0 0 0 0
1 0 0 0
0.006061 -0.00082 0.825454
0 1 0
255 255 255 255
0.437144 0.771269
0 0 0 0
1 0 0 0
0.222144 0.002918 0.825454
-1 0 0
255 255 255 255
0.127699 0.582042
0 0 0 0
1 0 0 0
0.222156 0.002918 0.421977
-1 0 0
255 255 255 255
0.127699 0.529061
0 0 0 0
1 0 0 0
0.222156 -0.00082 0.421977
-1 0 0
255 255 255 255
0.128194 0.529061
0 0 0 0
1 0 0 0
0.222144 -0.00082 0.825454
-1 0 0
255 255 255 255
0.128194 0.582042
0 0 0 0
1 0 0 0
0.222144 0.002918 0.825454
0 1 0
255 255 255 255
0.127699 0.582042
0 0 0 0
1 0 0 0
0.232116 0.002918 0.825454
0 1 0
255 255 255 255
0.126376 0.582042
0 0 0 0
1 0 0 0
0.305875 0.002918 0.825454
-1 0 -0.0001
255 255 255 255
0.130047 0.582042
0 0 0 0
1 0 0 0
0.305875 -0.00082 0.825454
-1 0 -0.0001
255 255 255 255
0.130543 0.582042
0 0 0 0
1 0 0 0
-0.210022 0.002918 0.825454
1 0 0
255 255 255 255
0.126343 0.582042
0 0 0 0
1 0 0 0
-0.210022 -0.00082 0.825454
1 0 0
255 255 255 255
0.125847 0.582042
0 0 0 0
1 0 0 0
-0.210011 -0.00082 0.421954
1 0 0
255 255 255 255
0.125847 0.529055
0 0 0 0
1 0 0 0
-0.210011 0.002918 0.421954
1 0 0
255 255 255 255
0.126343 0.529055
0 0 0 0
1 0 0 0
-0.210022 0.002918 0.825454
0 1 0
255 255 255 255
0.126343 0.582042
0 0 0 0
1 0 0 0
-0.219995 0.002918 0.825454
0 1 0
255 255 255 255
0.127666 0.582042
0 0 0 0
1 0 0 0
-0.293753 0.002918 0.825455
1 0 0.0001
255 255 255 255
0.12634 0.582042
0 0 0 0
1 0 0 0
-0.293753 -0.00082 0.825455
1 0 0.0001
255 255 255 255
0.125844 0.582042
0 0 0 0
1 0 0 0
140 # faces
0 2 1
2 0 3
4 6 5
6 4 7
8 10 9
10 8 11
12 14 13
14 12 15
16 18 17
18 16 19
20 22 21
22 20 23
24 26 25
26 24 27
28 30 29
30 28 31
32 34 33
34 32 35
36 37 18
37 36 38
39 41 40
41 39 42
43 45 44
45 43 46
47 49 48
49 47 50
51 53 52
53 51 54
55 23 56
23 55 57
58 60 59
60 58 61
62 64 63
64 62 65
66 68 67
68 66 69
2 70 1
70 2 71
6 72 5
72 6 73
10 74 9
74 10 75
14 76 13
76 14 77
78 18 19
18 78 79
80 41 42
41 80 81
82 45 46
45 82 83
84 49 50
49 84 85
86 53 54
53 86 87
23 88 56
88 23 89
90 92 91
92 90 93
94 62 63
62 94 95
68 96 67
96 68 97
98 100 99
100 98 101
28 102 31
102 28 103
104 34 35
34 104 105
37 106 18
107 22 23
108 110 109
110 108 111
112 114 113
114 112 115
116 118 117
118 116 119
120 122 121
122 120 123
124 126 125
37 126 106
126 124 127
22 128 21
128 22 129
107 129 22
130 132 131
132 130 133
134 136 135
136 134 137
138 140 139
140 138 141
142 37 38
37 142 126
143 145 144
145 143 146
147 149 148
149 147 150
151 153 152
153 151 154
155 157 156
157 155 158
159 129 160
129 159 161
162 164 163
164 162 165
166 168 167
168 166 169
170 172 171
172 170 173
174 110 111
110 174 175
176 114 115
114 176 177
178 118 119
118 178 179
180 122 123
122 180 181
126 182 125
182 126 183
145 184 144
184 145 185
149 186 148
186 149 187
153 188 152
188 153 189
157 190 156
190 157 191
192 129 161
129 192 193
194 196 195
196 194 197
166 198 169
198 166 199
200 172 173
172 200 201
202 204 203
204 202 205
206 134 135
134 206 207
140 208 139
208 140 209
