1 # bones
root
-1
0 0 0
1 # meshes
10_Road-Intersection-A_0_0_0_root_root
1 # uv layers
1 # textures
atlas.jpg
0 # uv layer index
232 # vertices
-0.407264 -0.018984 -0.310778
0.0001 0 -1
255 255 255 255
0.130562 0.582042
0 0 0 0
1 0 0 0
-0.407264 0.002867 -0.310778
0.0001 0 -1
255 255 255 255
0.127663 0.582042
0 0 0 0
1 0 0 0
-0.174912 0.002867 -0.310766
-0.2858889 0 -0.9582627
255 255 255 255
0.127663 0.55153
0 0 0 0
1 0 0 0
-0.174912 -0.018984 -0.310766
-0.2858889 0 -0.9582627
255 255 255 255
0.130562 0.55153
0 0 0 0
1 0 0 0
-0.407264 0.002867 -0.300806
0 1 0
255 255 255 255
0.12634 0.582042
0 0 0 0
1 0 0 0
-0.167433 0.002867 -0.300794
0 1 0
255 255 255 255
0.12634 0.550548
0 0 0 0
1 0 0 0
-0.174912 0.002867 -0.310766
0 1 0
255 255 255 255
0.127663 0.55153
0 0 0 0
1 0 0 0
-0.407264 0.002867 -0.310778
0 1 0
255 255 255 255
0.127663 0.582042
0 0 0 0
1 0 0 0
-0.407264 -0.000871 -0.227046
0 1 0
255 255 255 255
0.175576 0.50172
0 0 0 0
1 0 0 0
-0.112117 -0.000871 -0.227037
0 1 0
255 255 255 255
0.168523 0.56268
0 0 0 0
1 0 0 0
-0.167433 -0.000871 -0.300794
0 1 0
255 255 255 255
0.185298 0.552852
0 0 0 0
1 0 0 0
-0.407264 -0.000871 -0.300806
0 1 0
255 255 255 255
0.19103 0.50172
0 0 0 0
1 0 0 0
-0.407264 0.002867 -0.227046
0 0 -1
255 255 255 255
0.127666 0.582042
0 0 0 0
1 0 0 0
-0.112117 0.002867 -0.227037
-0.2387928 0 -0.9710706
255 255 255 255
0.127666 0.543284
0 0 0 0
1 0 0 0
-0.112117 -0.000871 -0.227037
-0.2387928 0 -0.9710706
255 255 255 255
0.128162 0.543284
0 0 0 0
1 0 0 0
-0.407264 -0.000871 -0.227046
0 0 -1
255 255 255 255
0.128162 0.582042
0 0 0 0
1 0 0 0
0.212309 -0.000871 -0.000992
0 1 0
255 255 255 255
0.437214 0.771269
0 0 0 0
1 0 0 0
-0.104638 -0.000871 -0.217066
0 1 0
255 255 255 255
0.49985 0.823444
0 0 0 0
1 0 0 0
-0.407264 -0.000871 -0.217075
0 1 0
255 255 255 255
0.49985 0.873263
0 0 0 0
1 0 0 0
-0.407264 -0.000871 -0.000992
0 1 0
255 255 255 255
0.437214 0.873263
0 0 0 0
1 0 0 0
-0.104638 0.002867 -0.217066
0.426293 0 0.9045851
255 255 255 255
0.126343 0.542302
0 0 0 0
1 0 0 0
-0.104638 -0.000871 -0.217066
0.426293 0 0.9045851
255 255 255 255
0.125847 0.542302
0 0 0 0
1 0 0 0
-0.036079 -0.000871 -0.249378
0.426293 0 0.9045851
255 255 255 255
0.125847 0.529055
0 0 0 0
1 0 0 0
-0.036079 0.002867 -0.249378
0.426293 0 0.9045851
255 255 255 255
0.126343 0.529055
0 0 0 0
1 0 0 0
-0.047542 0.002867 -0.260843
0 1 0
255 255 255 255
0.127666 0.530365
0 0 0 0
1 0 0 0
-0.112117 0.002867 -0.227037
0 1 0
255 255 255 255
0.127666 0.543284
0 0 0 0
1 0 0 0
-0.104638 0.002867 -0.217066
0 1 0
255 255 255 255
0.126343 0.542302
0 0 0 0
1 0 0 0
-0.036079 0.002867 -0.249378
0 1 0
255 255 255 255
0.126343 0.529055
0 0 0 0
1 0 0 0
-0.167433 0.002867 -0.300794
0.2633966 0 0.9646877
255 255 255 255
0.12634 0.550548
0 0 0 0
1 0 0 0
-0.167433 -0.000871 -0.300794
0.2633966 0 0.9646877
255 255 255 255
0.125844 0.550548
0 0 0 0
1 0 0 0
-0.117159 -0.000871 -0.330459
0.7071068 0 0.7071068
255 255 255 255
0.125844 0.54005
0 0 0 0
1 0 0 0
-0.117159 0.002867 -0.330459
0.7071068 0 0.7071068
255 255 255 255
0.12634 0.54005
0 0 0 0
1 0 0 0
-0.097466 -0.018984 -0.388211
-0.9582627 0 -0.2858889
255 255 255 255
0.130562 0.55153
0 0 0 0
1 0 0 0
-0.097466 0.002867 -0.388211
-0.9582627 0 -0.2858889
255 255 255 255
0.127663 0.55153
0 0 0 0
1 0 0 0
-0.097478 0.002867 -0.620564
-1 0 0.0001
255 255 255 255
0.127663 0.582042
0 0 0 0
1 0 0 0
-0.097478 -0.018984 -0.620564
-1 0 0.0001
255 255 255 255
0.130562 0.582042
0 0 0 0
1 0 0 0
-0.087506 0.002867 -0.620564
0 1 0
255 255 255 255
0.12634 0.582042
0 0 0 0
1 0 0 0
-0.097478 0.002867 -0.620564
0 1 0
255 255 255 255
0.127663 0.582042
0 0 0 0
1 0 0 0
-0.097466 0.002867 -0.388211
0 1 0
255 255 255 255
0.127663 0.55153
0 0 0 0
1 0 0 0
-0.087494 0.002867 -0.380733
0 1 0
255 255 255 255
0.12634 0.550548
0 0 0 0
1 0 0 0
-0.013747 -0.000871 -0.620564
0 1 0
255 255 255 255
0.189277 0.50172
0 0 0 0
1 0 0 0
-0.087506 -0.000871 -0.620564
0 1 0
255 255 255 255
0.173723 0.50172
0 0 0 0
1 0 0 0
-0.087494 -0.000871 -0.380733
0 1 0
255 255 255 255
0.173725 0.552194
0 0 0 0
1 0 0 0
-0.013738 -0.000871 -0.325417
0 1 0
255 255 255 255
0.189279 0.563858
0 0 0 0
1 0 0 0
-0.013738 -0.000871 -0.325417
-0.9710706 0 -0.2387928
255 255 255 255
0.128162 0.543284
0 0 0 0
1 0 0 0
-0.013738 0.002867 -0.325417
-0.9710706 0 -0.2387928
255 255 255 255
0.127666 0.543284
0 0 0 0
1 0 0 0
-0.013747 0.002867 -0.620564
-1 0 0
255 255 255 255
0.127666 0.582042
0 0 0 0
1 0 0 0
-0.013747 -0.000871 -0.620564
-1 0 0
255 255 255 255
0.128162 0.582042
0 0 0 0
1 0 0 0
-0.003774 -0.000871 -0.620564
0 1 0
255 255 255 255
0.49985 0.873263
0 0 0 0
1 0 0 0
-0.003766 -0.000871 -0.317938
0 1 0
255 255 255 255
0.49985 0.823444
0 0 0 0
1 0 0 0
0.212309 -0.000871 -0.620564
0 1 0
255 255 255 255
0.437214 0.873263
0 0 0 0
1 0 0 0
-0.036079 -0.000871 -0.249378
0.9045851 0 0.426293
255 255 255 255
0.125847 0.529055
0 0 0 0
1 0 0 0
-0.003766 -0.000871 -0.317938
0.9045851 0 0.426293
255 255 255 255
0.125847 0.542302
0 0 0 0
1 0 0 0
-0.003766 0.002867 -0.317938
0.9045851 0 0.426293
255 255 255 255
0.126343 0.542302
0 0 0 0
1 0 0 0
-0.036079 0.002867 -0.249378
0.9045851 0 0.426293
255 255 255 255
0.126343 0.529055
0 0 0 0
1 0 0 0
-0.003766 0.002867 -0.317938
0 1 0
255 255 255 255
0.126343 0.542302
0 0 0 0
1 0 0 0
-0.013738 0.002867 -0.325417
0 1 0
255 255 255 255
0.127666 0.543284
0 0 0 0
1 0 0 0
-0.087494 0.002867 -0.380733
0.9646877 0 0.2633966
255 255 255 255
0.12634 0.550548
0 0 0 0
1 0 0 0
-0.087494 -0.000871 -0.380733
0.9646877 0 0.2633966
255 255 255 255
0.125844 0.550548
0 0 0 0
1 0 0 0
-0.407264 0.002867 -0.217075
0 0 1
255 255 255 255
0.126343 0.582042
0 0 0 0
1 0 0 0
-0.407264 -0.000871 -0.217075
0 0 1
255 255 255 255
0.125847 0.582042
0 0 0 0
1 0 0 0
-0.104638 -0.000871 -0.217066
0 0 1
255 255 255 255
0.125847 0.542302
0 0 0 0
1 0 0 0
-0.104638 0.002867 -0.217066
0 0 1
255 255 255 255
0.126343 0.542302
0 0 0 0
1 0 0 0
-0.407264 0.002867 -0.227046
0 1 0
255 255 255 255
0.127666 0.582042
0 0 0 0
1 0 0 0
-0.407264 0.002867 -0.217075
0 1 0
255 255 255 255
0.126343 0.582042
0 0 0 0
1 0 0 0
-0.407264 0.002867 -0.300806
0 0 1
255 255 255 255
0.12634 0.582042
0 0 0 0
1 0 0 0
-0.407264 -0.000871 -0.300806
0 0 1
255 255 255 255
0.125844 0.582042
0 0 0 0
1 0 0 0
-0.003774 -0.000871 -0.620564
1 0 0
255 255 255 255
0.125847 0.582042
0 0 0 0
1 0 0 0
-0.003774 0.002867 -0.620564
1 0 0
255 255 255 255
0.126343 0.582042
0 0 0 0
1 0 0 0
-0.003766 0.002867 -0.317938
1 0 0
255 255 255 255
0.126343 0.542302
0 0 0 0
1 0 0 0
-0.003766 -0.000871 -0.317938
1 0 0
255 255 255 255
0.125847 0.542302
0 0 0 0
1 0 0 0
-0.003774 0.002867 -0.620564
0 1 0
255 255 255 255
0.126343 0.582042
0 0 0 0
1 0 0 0
-0.013747 0.002867 -0.620564
0 1 0
255 255 255 255
0.127666 0.582042
0 0 0 0
1 0 0 0
-0.087506 -0.000871 -0.620564
1 0 0
255 255 255 255
0.125844 0.582042
0 0 0 0
1 0 0 0
-0.087506 0.002867 -0.620564
1 0 0
255 255 255 255
0.12634 0.582042
0 0 0 0
1 0 0 0
-0.128117 0.002867 -0.341418
-0.7071068 0 -0.7071068
255 255 255 255
0.127663 0.541359
0 0 0 0
1 0 0 0
-0.128117 -0.018984 -0.341418
-0.7071068 0 -0.7071068
255 255 255 255
0.130562 0.541359
0 0 0 0
1 0 0 0
-0.128117 0.002867 -0.341418
0 1 0
255 255 255 255
0.127663 0.541359
0 0 0 0
1 0 0 0
-0.117159 0.002867 -0.330459
0 1 0
255 255 255 255
0.12634 0.54005
0 0 0 0
1 0 0 0
-0.047542 -0.000871 -0.260843
0 1 0
255 255 255 255
0.174065 0.577017
0 0 0 0
1 0 0 0
-0.117159 -0.000871 -0.330459
0 1 0
255 255 255 255
0.190313 0.564093
0 0 0 0
1 0 0 0
-0.047542 0.002867 -0.260843
-0.7071068 0 -0.7071068
255 255 255 255
0.127666 0.530365
0 0 0 0
1 0 0 0
-0.047542 -0.000871 -0.260843
-0.7071068 0 -0.7071068
255 255 255 255
0.128162 0.530365
0 0 0 0
1 0 0 0
-0.117159 -0.000871 -0.330459
0 1 0
255 255 255 255
0.16747 0.562796
0 0 0 0
1 0 0 0
-0.047542 -0.000871 -0.260843
0 1 0
255 255 255 255
0.18215 0.577476
0 0 0 0
1 0 0 0
-0.036079 -0.000871 -0.249378
0 1 0
255 255 255 255
0.49985 0.806837
0 0 0 0
1 0 0 0
0.428392 -0.000871 -0.000992
0 1 0
255 255 255 255
0.49977 0.874554
0 0 0 0
1 0 0 0
0.428392 -0.000871 -0.620564
0 1 0
255 255 255 255
0.49977 0.770266
0 0 0 0
1 0 0 0
0.212309 -0.000871 -0.620564
0 1 0
255 255 255 255
0.43664 0.770266
0 0 0 0
1 0 0 0
0.212309 -0.000871 -0.000992
0 1 0
255 255 255 255
0.43664 0.874554
0 0 0 0
1 0 0 0
-0.407264 -0.018984 0.308795
0.0001 0 1
255 255 255 255
0.130562 0.582042
0 0 0 0
1 0 0 0
-0.174912 -0.018984 0.308784
-0.2858889 0 0.9582627
255 255 255 255
0.130562 0.55153
0 0 0 0
1 0 0 0
-0.174912 0.002867 0.308784
-0.2858889 0 0.9582627
255 255 255 255
0.127663 0.55153
0 0 0 0
1 0 0 0
-0.407264 0.002867 0.308795
0.0001 0 1
255 255 255 255
0.127663 0.582042
0 0 0 0
1 0 0 0
-0.407264 0.002867 0.298822
0 1 0
255 255 255 255
0.12634 0.582042
0 0 0 0
1 0 0 0
-0.407264 0.002867 0.308795
0 1 0
255 255 255 255
0.127663 0.582042
0 0 0 0
1 0 0 0
-0.174912 0.002867 0.308784
0 1 0
255 255 255 255
0.127663 0.55153
0 0 0 0
1 0 0 0
-0.167433 0.002867 0.298811
0 1 0
255 255 255 255
0.12634 0.550548
0 0 0 0
1 0 0 0
-0.407264 -0.000871 0.225065
0 1 0
255 255 255 255
0.175576 0.50172
0 0 0 0
1 0 0 0
-0.407264 -0.000871 0.298822
0 1 0
255 255 255 255
0.19103 0.50172
0 0 0 0
1 0 0 0
-0.167433 -0.000871 0.298811
0 1 0
255 255 255 255
0.185298 0.552852
0 0 0 0
1 0 0 0
-0.112117 -0.000871 0.225055
0 1 0
255 255 255 255
0.168523 0.56268
0 0 0 0
1 0 0 0
-0.407264 0.002867 0.225065
0 0 1
255 255 255 255
0.127666 0.582042
0 0 0 0
1 0 0 0
-0.407264 -0.000871 0.225065
0 0 1
255 255 255 255
0.128162 0.582042
0 0 0 0
1 0 0 0
-0.112117 -0.000871 0.225055
-0.2387928 0 0.9710706
255 255 255 255
0.128162 0.543284
0 0 0 0
1 0 0 0
-0.112117 0.002867 0.225055
-0.2387928 0 0.9710706
255 255 255 255
0.127666 0.543284
0 0 0 0
1 0 0 0
-0.407264 -0.000871 0.215091
0 1 0
255 255 255 255
0.49985 0.873263
0 0 0 0
1 0 0 0
-0.104638 -0.000871 0.215083
0 1 0
255 255 255 255
0.49985 0.823444
0 0 0 0
1 0 0 0
-0.104638 0.002867 0.215083
0.426293 0 -0.9045851
255 255 255 255
0.126343 0.542302
0 0 0 0
1 0 0 0
-0.036079 0.002867 0.247396
0.426293 0 -0.9045851
255 255 255 255
0.126343 0.529055
0 0 0 0
1 0 0 0
-0.036079 -0.000871 0.247396
0.426293 0 -0.9045851
255 255 255 255
0.125847 0.529055
0 0 0 0
1 0 0 0
-0.104638 -0.000871 0.215083
0.426293 0 -0.9045851
255 255 255 255
0.125847 0.542302
0 0 0 0
1 0 0 0
-0.047542 0.002867 0.258859
0 1 0
255 255 255 255
0.127666 0.530365
0 0 0 0
1 0 0 0
-0.036079 0.002867 0.247396
0 1 0
255 255 255 255
0.126343 0.529055
0 0 0 0
1 0 0 0
-0.104638 0.002867 0.215083
0 1 0
255 255 255 255
0.126343 0.542302
0 0 0 0
1 0 0 0
-0.112117 0.002867 0.225055
0 1 0
255 255 255 255
0.127666 0.543284
0 0 0 0
1 0 0 0
-0.167433 0.002867 0.298811
0.2633966 0 -0.9646877
255 255 255 255
0.12634 0.550548
0 0 0 0
1 0 0 0
-0.117159 0.002867 0.328476
0.7071068 0 -0.7071068
255 255 255 255
0.12634 0.54005
0 0 0 0
1 0 0 0
-0.117159 -0.000871 0.328476
0.7071068 0 -0.7071068
255 255 255 255
0.125844 0.54005
0 0 0 0
1 0 0 0
-0.167433 -0.000871 0.298811
0.2633966 0 -0.9646877
255 255 255 255
0.125844 0.550548
0 0 0 0
1 0 0 0
-0.097466 -0.018984 0.38623
-0.9582627 0 0.2858889
255 255 255 255
0.130562 0.55153
0 0 0 0
1 0 0 0
-0.097478 -0.018984 0.618582
-1 0 -0.0001
255 255 255 255
0.130562 0.582042
0 0 0 0
1 0 0 0
-0.097478 0.002867 0.618582
-1 0 -0.0001
255 255 255 255
0.127663 0.582042
0 0 0 0
1 0 0 0
-0.097466 0.002867 0.38623
-0.9582627 0 0.2858889
255 255 255 255
0.127663 0.55153
0 0 0 0
1 0 0 0
-0.087506 0.002867 0.618582
0 1 0
255 255 255 255
0.12634 0.582042
0 0 0 0
1 0 0 0
-0.087494 0.002867 0.378751
0 1 0
255 255 255 255
0.12634 0.550548
0 0 0 0
1 0 0 0
-0.097466 0.002867 0.38623
0 1 0
255 255 255 255
0.127663 0.55153
0 0 0 0
1 0 0 0
-0.097478 0.002867 0.618582
0 1 0
255 255 255 255
0.127663 0.582042
0 0 0 0
1 0 0 0
-0.013747 -0.000871 0.618582
0 1 0
255 255 255 255
0.189277 0.50172
0 0 0 0
1 0 0 0
-0.013738 -0.000871 0.323434
0 1 0
255 255 255 255
0.189279 0.563858
0 0 0 0
1 0 0 0
-0.087494 -0.000871 0.378751
0 1 0
255 255 255 255
0.173725 0.552194
0 0 0 0
1 0 0 0
-0.087506 -0.000871 0.618582
0 1 0
255 255 255 255
0.173723 0.50172
0 0 0 0
1 0 0 0
-0.013738 -0.000871 0.323434
-0.9710706 0 0.2387928
255 255 255 255
0.128162 0.543284
0 0 0 0
1 0 0 0
-0.013747 -0.000871 0.618582
-1 0 0
255 255 255 255
0.128162 0.582042
0 0 0 0
1 0 0 0
-0.013747 0.002867 0.618582
-1 0 0
255 255 255 255
0.127666 0.582042
0 0 0 0
1 0 0 0
-0.013738 0.002867 0.323434
-0.9710706 0 0.2387928
255 255 255 255
0.127666 0.543284
0 0 0 0
1 0 0 0
-0.003774 -0.000871 0.618582
0 1 0
255 255 255 255
0.49985 0.873263
0 0 0 0
1 0 0 0
0.212309 -0.000871 0.618582
0 1 0
255 255 255 255
0.437214 0.873263
0 0 0 0
1 0 0 0
-0.003766 -0.000871 0.315955
0 1 0
255 255 255 255
0.49985 0.823444
0 0 0 0
1 0 0 0
-0.036079 -0.000871 0.247396
0.9045851 0 -0.426293
255 255 255 255
0.125847 0.529055
0 0 0 0
1 0 0 0
-0.036079 0.002867 0.247396
0.9045851 0 -0.426293
255 255 255 255
0.126343 0.529055
0 0 0 0
1 0 0 0
-0.003766 0.002867 0.315955
0.9045851 0 -0.426293
255 255 255 255
0.126343 0.542302
0 0 0 0
1 0 0 0
-0.003766 -0.000871 0.315955
0.9045851 0 -0.426293
255 255 255 255
0.125847 0.542302
0 0 0 0
1 0 0 0
-0.003766 0.002867 0.315955
0 1 0
255 255 255 255
0.126343 0.542302
0 0 0 0
1 0 0 0
-0.013738 0.002867 0.323434
0 1 0
255 255 255 255
0.127666 0.543284
0 0 0 0
1 0 0 0
-0.087494 0.002867 0.378751
0.9646877 0 -0.2633966
255 255 255 255
0.12634 0.550548
0 0 0 0
1 0 0 0
-0.087494 -0.000871 0.378751
0.9646877 0 -0.2633966
255 255 255 255
0.125844 0.550548
0 0 0 0
1 0 0 0
-0.407264 0.002867 0.215091
0 0 -1
255 255 255 255
0.126343 0.582042
0 0 0 0
1 0 0 0
-0.104638 0.002867 0.215083
0 0 -1
255 255 255 255
0.126343 0.542302
0 0 0 0
1 0 0 0
-0.104638 -0.000871 0.215083
0 0 -1
255 255 255 255
0.125847 0.542302
0 0 0 0
1 0 0 0
-0.407264 -0.000871 0.215091
0 0 -1
255 255 255 255
0.125847 0.582042
0 0 0 0
1 0 0 0
-0.407264 0.002867 0.215091
0 1 0
255 255 255 255
0.126343 0.582042
0 0 0 0
1 0 0 0
-0.407264 0.002867 0.225065
0 1 0
255 255 255 255
0.127666 0.582042
0 0 0 0
1 0 0 0
-0.407264 0.002867 0.298822
0 0 -1
255 255 255 255
0.12634 0.582042
0 0 0 0
1 0 0 0
-0.407264 -0.000871 0.298822
0 0 -1
255 255 255 255
0.125844 0.582042
0 0 0 0
1 0 0 0
-0.003774 -0.000871 0.618582
1 0 0
255 255 255 255
0.125847 0.582042
0 0 0 0
1 0 0 0
-0.003766 -0.000871 0.315955
1 0 0
255 255 255 255
0.125847 0.542302
0 0 0 0
1 0 0 0
-0.003766 0.002867 0.315955
1 0 0
255 255 255 255
0.126343 0.542302
0 0 0 0
1 0 0 0
-0.003774 0.002867 0.618582
1 0 0
255 255 255 255
0.126343 0.582042
0 0 0 0
1 0 0 0
-0.003774 0.002867 0.618582
0 1 0
255 255 255 255
0.126343 0.582042
0 0 0 0
1 0 0 0
-0.013747 0.002867 0.618582
0 1 0
255 255 255 255
0.127666 0.582042
0 0 0 0
1 0 0 0
-0.087506 -0.000871 0.618582
1 0 0
255 255 255 255
0.125844 0.582042
0 0 0 0
1 0 0 0
-0.087506 0.002867 0.618582
1 0 0
255 255 255 255
0.12634 0.582042
0 0 0 0
1 0 0 0
-0.128117 0.002867 0.339434
-0.7071068 0 0.7071068
255 255 255 255
0.127663 0.541359
0 0 0 0
1 0 0 0
-0.128117 -0.018984 0.339434
-0.7071068 0 0.7071068
255 255 255 255
0.130562 0.541359
0 0 0 0
1 0 0 0
-0.128117 0.002867 0.339434
0 1 0
255 255 255 255
0.127663 0.541359
0 0 0 0
1 0 0 0
-0.117159 0.002867 0.328476
0 1 0
255 255 255 255
0.12634 0.54005
0 0 0 0
1 0 0 0
-0.117159 -0.000871 0.328476
0 1 0
255 255 255 255
0.190313 0.564093
0 0 0 0
1 0 0 0
-0.047542 -0.000871 0.258859
0 1 0
255 255 255 255
0.174065 0.577017
0 0 0 0
1 0 0 0
-0.047542 0.002867 0.258859
-0.7071068 0 0.7071068
255 255 255 255
0.127666 0.530365
0 0 0 0
1 0 0 0
-0.047542 -0.000871 0.258859
-0.7071068 0 0.7071068
255 255 255 255
0.128162 0.530365
0 0 0 0
1 0 0 0
-0.117159 -0.000871 0.328476
0 1 0
255 255 255 255
0.16747 0.562796
0 0 0 0
1 0 0 0
-0.047542 -0.000871 0.258859
0 1 0
255 255 255 255
0.18215 0.577476
0 0 0 0
1 0 0 0
-0.036079 -0.000871 0.247396
0 1 0
255 255 255 255
0.49985 0.806837
0 0 0 0
1 0 0 0
0.212309 -0.000871 0.618582
0 1 0
255 255 255 255
0.43664 0.770266
0 0 0 0
1 0 0 0
0.428392 -0.000871 0.618582
0 1 0
255 255 255 255
0.49977 0.770266
0 0 0 0
1 0 0 0
0.428392 -0.000871 -0.000992
-1 0 0
255 255 255 255
0.125847 0.500684
0 0 0 0
1 0 0 0
0.428392 -0.000871 0.618582
-1 0 0
255 255 255 255
0.125847 0.582042
0 0 0 0
1 0 0 0
0.428392 0.002867 0.618582
-1 0 0
255 255 255 255
0.126343 0.582042
0 0 0 0
1 0 0 0
0.428392 0.002867 -0.000992
-1 0 0
255 255 255 255
0.126343 0.500684
0 0 0 0
1 0 0 0
0.522095 -0.018984 0.618582
1 0 0
255 255 255 255
0.130562 0.582042
0 0 0 0
1 0 0 0
0.522095 -0.018984 -0.000992
1 0 0
255 255 255 255
0.130562 0.500684
0 0 0 0
1 0 0 0
0.522095 0.002867 -0.000992
1 0 0
255 255 255 255
0.127663 0.500684
0 0 0 0
1 0 0 0
0.522095 0.002867 0.618582
1 0 0
255 255 255 255
0.127663 0.582042
0 0 0 0
1 0 0 0
0.522095 0.002867 0.618582
0 1 0
255 255 255 255
0.127663 0.582042
0 0 0 0
1 0 0 0
0.522095 0.002867 -0.000992
0 1 0
255 255 255 255
0.127663 0.500684
0 0 0 0
1 0 0 0
0.512123 0.002867 -0.000992
0 1 0
255 255 255 255
0.12634 0.500684
0 0 0 0
1 0 0 0
0.512123 0.002867 0.618582
0 1 0
255 255 255 255
0.12634 0.582042
0 0 0 0
1 0 0 0
0.428392 0.002867 -0.000992
0 1 0
255 255 255 255
0.126343 0.500684
0 0 0 0
1 0 0 0
0.428392 0.002867 0.618582
0 1 0
255 255 255 255
0.126343 0.582042
0 0 0 0
1 0 0 0
0.438364 0.002867 0.618582
0 1 0
255 255 255 255
0.127666 0.582042
0 0 0 0
1 0 0 0
0.438364 0.002867 -0.000992
0 1 0
255 255 255 255
0.127666 0.500684
0 0 0 0
1 0 0 0
0.512123 -0.000871 0.618582
0 1 0
255 255 255 255
0.171486 0.500504
0 0 0 0
1 0 0 0
0.512123 -0.000871 -0.000992
0 1 0
255 255 255 255
0.171486 0.624131
0 0 0 0
1 0 0 0
0.438364 -0.000871 -0.000992
0 1 0
255 255 255 255
0.186204 0.624131
0 0 0 0
1 0 0 0
0.438364 -0.000871 0.618582
0 1 0
255 255 255 255
0.186204 0.500504
0 0 0 0
1 0 0 0
0.438364 -0.000871 -0.000992
1 0 0
255 255 255 255
0.128162 0.500684
0 0 0 0
1 0 0 0
0.438364 0.002867 -0.000992
1 0 0
255 255 255 255
0.127666 0.500684
0 0 0 0
1 0 0 0
0.438364 0.002867 0.618582
1 0 0
255 255 255 255
0.127666 0.582042
0 0 0 0
1 0 0 0
0.438364 -0.000871 0.618582
1 0 0
255 255 255 255
0.128162 0.582042
0 0 0 0
1 0 0 0
0.512123 -0.000871 0.618582
-1 0 0
255 255 255 255
0.125844 0.582042
0 0 0 0
1 0 0 0
0.512123 0.002867 0.618582
-1 0 0
255 255 255 255
0.12634 0.582042
0 0 0 0
1 0 0 0
0.512123 0.002867 -0.000992
-1 0 0
255 255 255 255
0.12634 0.500684
0 0 0 0
1 0 0 0
0.512123 -0.000871 -0.000992
-1 0 0
255 255 255 255
0.125844 0.500684
0 0 0 0
1 0 0 0
0.428392 -0.000871 -0.620564
-1 0 0
255 255 255 255
0.12588 0.500684
0 0 0 0
1 0 0 0
0.428392 -0.000871 -0.000992
-1 0 0
255 255 255 255
0.12588 0.582042
0 0 0 0
1 0 0 0
0.428392 0.002867 -0.000992
-1 0 0
255 255 255 255
0.126376 0.582042
0 0 0 0
1 0 0 0
0.428392 0.002867 -0.620564
-1 0 0
255 255 255 255
0.126376 0.500684
0 0 0 0
1 0 0 0
0.522095 -0.018984 -0.000992
1 0 0
255 255 255 255
0.130541 0.582042
0 0 0 0
1 0 0 0
0.522095 -0.018984 -0.620564
1 0 0
255 255 255 255
0.130541 0.500684
0 0 0 0
1 0 0 0
0.522095 0.002867 -0.620564
1 0 0
255 255 255 255
0.127642 0.500684
0 0 0 0
1 0 0 0
0.522095 0.002867 -0.000992
1 0 0
255 255 255 255
0.127642 0.582042
0 0 0 0
1 0 0 0
0.522095 0.002867 -0.000992
0 1 0
255 255 255 255
0.127642 0.582042
0 0 0 0
1 0 0 0
0.522095 0.002867 -0.620564
0 1 0
255 255 255 255
0.127642 0.500684
0 0 0 0
1 0 0 0
0.512123 0.002867 -0.620564
0 1 0
255 255 255 255
0.126319 0.500684
0 0 0 0
1 0 0 0
0.512123 0.002867 -0.000992
0 1 0
255 255 255 255
0.126319 0.582042
0 0 0 0
1 0 0 0
0.428392 0.002867 -0.620564
0 1 0
255 255 255 255
0.126376 0.500684
0 0 0 0
1 0 0 0
0.428392 0.002867 -0.000992
0 1 0
255 255 255 255
0.126376 0.582042
0 0 0 0
1 0 0 0
0.438364 0.002867 -0.000992
0 1 0
255 255 255 255
0.127699 0.582042
0 0 0 0
1 0 0 0
0.438364 0.002867 -0.620564
0 1 0
255 255 255 255
0.127699 0.500684
0 0 0 0
1 0 0 0
0.512123 -0.000871 -0.000992
0 1 0
255 255 255 255
0.144215 0.500504
0 0 0 0
1 0 0 0
0.512123 -0.000871 -0.620564
0 1 0
255 255 255 255
0.144215 0.624132
0 0 0 0
1 0 0 0
0.438364 -0.000871 -0.620564
0 1 0
255 255 255 255
0.158933 0.624132
0 0 0 0
1 0 0 0
0.438364 -0.000871 -0.000992
0 1 0
255 255 255 255
0.158933 0.500504
0 0 0 0
1 0 0 0
0.438364 -0.000871 -0.620564
1 0 0
255 255 255 255
0.128194 0.500684
0 0 0 0
1 0 0 0
0.438364 0.002867 -0.620564
1 0 0
255 255 255 255
0.127699 0.500684
0 0 0 0
1 0 0 0
0.438364 0.002867 -0.000992
1 0 0
255 255 255 255
0.127699 0.582042
0 0 0 0
1 0 0 0
0.438364 -0.000871 -0.000992
1 0 0
255 255 255 255
0.128194 0.582042
0 0 0 0
1 0 0 0
0.512123 -0.000871 -0.000992
-1 0 0
255 255 255 255
0.125824 0.582042
0 0 0 0
1 0 0 0
0.512123 0.002867 -0.000992
-1 0 0
255 255 255 255
0.126319 0.582042
0 0 0 0
1 0 0 0
0.512123 0.002867 -0.620564
-1 0 0
255 255 255 255
0.126319 0.500684
0 0 0 0
1 0 0 0
0.512123 -0.000871 -0.620564
-1 0 0
255 255 255 255
0.125824 0.500684
0 0 0 0
1 0 0 0
156 # faces
0 2 1
2 0 3
4 6 5
6 4 7
8 10 9
10 8 11
12 14 13
14 12 15
16 18 17
18 16 19
20 22 21
22 20 23
24 26 25
26 24 27
28 30 29
30 28 31
32 34 33
34 32 35
36 38 37
38 36 39
40 42 41
42 40 43
44 46 45
46 44 47
48 16 49
16 48 50
51 53 52
53 51 54
24 55 27
55 24 56
57 30 31
30 57 58
59 61 60
61 59 62
25 64 63
64 25 26
29 65 28
65 29 66
67 69 68
69 67 70
56 71 55
71 56 72
57 73 58
73 57 74
3 75 2
75 3 76
33 76 32
76 33 75
77 39 78
5 77 78
39 77 38
77 5 6
9 80 79
80 9 10
14 81 13
45 82 44
82 45 81
81 14 82
43 83 42
83 43 84
16 17 85
49 16 85
86 88 87
88 86 89
90 92 91
92 90 93
94 96 95
96 94 97
98 100 99
100 98 101
102 104 103
104 102 105
16 106 19
106 16 107
108 110 109
110 108 111
112 114 113
114 112 115
116 118 117
118 116 119
120 122 121
122 120 123
124 126 125
126 124 127
128 130 129
130 128 131
132 134 133
134 132 135
136 16 137
16 136 138
139 141 140
141 139 142
143 112 113
112 143 144
118 145 117
145 118 146
147 149 148
149 147 150
115 151 114
151 115 152
153 119 116
119 153 154
155 157 156
157 155 158
159 144 143
144 159 160
161 145 146
145 161 162
163 91 92
91 163 164
123 164 163
164 123 120
97 165 96
165 125 126
165 97 166
125 165 166
101 167 100
167 101 168
169 104 105
104 169 170
170 135 132
135 170 169
171 129 130
129 171 172
16 173 107
138 173 16
86 174 89
174 86 175
176 178 177
178 176 179
180 182 181
182 180 183
184 186 185
186 184 187
188 190 189
190 188 191
192 194 193
194 192 195
196 198 197
198 196 199
200 202 201
202 200 203
204 206 205
206 204 207
208 210 209
210 208 211
212 214 213
214 212 215
216 218 217
218 216 219
220 222 221
222 220 223
224 226 225
226 224 227
228 230 229
230 228 231
