1 # bones
root
-1
0 0 0
1 # meshes
10_Road-Crosswalk-Double_0_0_0_root_root
1 # uv layers
1 # textures
atlas.jpg
0 # uv layer index
311 # vertices
-0.432165 0.002356 -0.288637
1 0 0
255 255 255 255
0.127699 0.500684
0 0 0 0
1 0 0 0
-0.432165 0.002356 -0.177801
1 0 0
255 255 255 255
0.127699 0.515238
0 0 0 0
1 0 0 0
-0.432165 -0.001382 -0.177801
1 0 0
255 255 255 255
0.128194 0.515238
0 0 0 0
1 0 0 0
-0.432165 -0.001382 -0.288637
1 0 0
255 255 255 255
0.128194 0.500684
0 0 0 0
1 0 0 0
-0.442138 0.002356 -0.177801
0 1 0
255 255 255 255
0.126377 0.515238
0 0 0 0
1 0 0 0
-0.432165 0.002356 -0.177801
0 1 0
255 255 255 255
0.127699 0.515238
0 0 0 0
1 0 0 0
-0.432165 0.002356 -0.288637
0 1 0
255 255 255 255
0.127699 0.500684
0 0 0 0
1 0 0 0
-0.442138 0.002356 -0.288637
0 1 0
255 255 255 255
0.126376 0.500684
0 0 0 0
1 0 0 0
-0.515896 0.002356 -0.288637
1 0 0
255 255 255 255
0.130047 0.500684
0 0 0 0
1 0 0 0
-0.515896 0.002356 -0.177801
1 0 0
255 255 255 255
0.130047 0.515238
0 0 0 0
1 0 0 0
-0.515896 -0.001382 -0.177801
1 0 0
255 255 255 255
0.130543 0.515238
0 0 0 0
1 0 0 0
-0.515896 -0.001382 -0.288637
1 0 0
255 255 255 255
0.130543 0.500684
0 0 0 0
1 0 0 0
0 -0.001382 -0.288637
0 1 0
255 255 255 255
0.49985 0.750942
0 0 0 0
1 0 0 0
0 -0.001382 -0.400104
0 1 0
255 255 255 255
0.49985 0.773067
0 0 0 0
1 0 0 0
-0.216082 -0.001382 -0.400104
0 1 0
255 255 255 255
0.437651 0.773067
0 0 0 0
1 0 0 0
-0.216082 -0.001382 -0.288637
0 1 0
255 255 255 255
0.437651 0.750942
0 0 0 0
1 0 0 0
-0.525869 0.002356 -0.288637
-1 0 0
255 255 255 255
0.128724 0.582042
0 0 0 0
1 0 0 0
-0.525869 0.002356 -0.400104
-1 0 0
255 255 255 255
0.128723 0.567405
0 0 0 0
1 0 0 0
-0.525869 -0.019495 -0.400104
-1 0 0
255 255 255 255
0.125825 0.567405
0 0 0 0
1 0 0 0
-0.525869 -0.019495 -0.288637
-1 0 0
255 255 255 255
0.125825 0.582042
0 0 0 0
1 0 0 0
-0.515896 0.002356 -0.400104
0 1 0
255 255 255 255
0.130046 0.567405
0 0 0 0
1 0 0 0
-0.525869 0.002356 -0.400104
0 1 0
255 255 255 255
0.128723 0.567405
0 0 0 0
1 0 0 0
-0.525869 0.002356 -0.288637
0 1 0
255 255 255 255
0.128724 0.582042
0 0 0 0
1 0 0 0
-0.515896 0.002356 -0.288637
0 1 0
255 255 255 255
0.130047 0.582042
0 0 0 0
1 0 0 0
-0.442138 -0.001382 -0.400104
0 1 0
255 255 255 255
0.131673 0.522746
0 0 0 0
1 0 0 0
-0.515896 -0.001382 -0.400104
0 1 0
255 255 255 255
0.146391 0.522746
0 0 0 0
1 0 0 0
-0.515896 -0.001382 -0.288637
0 1 0
255 255 255 255
0.146391 0.500504
0 0 0 0
1 0 0 0
-0.442138 -0.001382 -0.288637
0 1 0
255 255 255 255
0.131673 0.500504
0 0 0 0
1 0 0 0
-0.442138 0.002356 -0.288637
-1 0 0
255 255 255 255
0.126376 0.582042
0 0 0 0
1 0 0 0
-0.442138 0.002356 -0.400104
-1 0 0
255 255 255 255
0.126375 0.567405
0 0 0 0
1 0 0 0
-0.442138 -0.001382 -0.400104
-1 0 0
255 255 255 255
0.12588 0.567405
0 0 0 0
1 0 0 0
-0.442138 -0.001382 -0.288637
-1 0 0
255 255 255 255
0.12588 0.582042
0 0 0 0
1 0 0 0
-0.216082 -0.001382 -0.400104
0 1 0
255 255 255 255
0.437581 0.773067
0 0 0 0
1 0 0 0
-0.432165 -0.001382 -0.400104
0 1 0
255 255 255 255
0.375207 0.773067
0 0 0 0
1 0 0 0
-0.432165 -0.001382 -0.288637
0 1 0
255 255 255 255
0.375207 0.750942
0 0 0 0
1 0 0 0
-0.216082 -0.001382 -0.288637
0 1 0
255 255 255 255
0.437581 0.750942
0 0 0 0
1 0 0 0
-0.432165 0.002356 -0.288637
1 0 0
255 255 255 255
0.127699 0.582042
0 0 0 0
1 0 0 0
-0.432165 -0.001382 -0.288637
1 0 0
255 255 255 255
0.128194 0.582042
0 0 0 0
1 0 0 0
-0.432165 -0.001382 -0.400104
1 0 0
255 255 255 255
0.128194 0.567405
0 0 0 0
1 0 0 0
-0.432165 0.002356 -0.400104
1 0 0
255 255 255 255
0.127698 0.567405
0 0 0 0
1 0 0 0
-0.442138 0.002356 -0.288637
0 1 0
255 255 255 255
0.126376 0.582042
0 0 0 0
1 0 0 0
-0.432165 0.002356 -0.288637
0 1 0
255 255 255 255
0.127699 0.582042
0 0 0 0
1 0 0 0
-0.432165 0.002356 -0.400104
0 1 0
255 255 255 255
0.127698 0.567405
0 0 0 0
1 0 0 0
-0.442138 0.002356 -0.400104
0 1 0
255 255 255 255
0.126375 0.567405
0 0 0 0
1 0 0 0
-0.515896 0.002356 -0.288637
1 0 0
255 255 255 255
0.130047 0.582042
0 0 0 0
1 0 0 0
-0.515896 -0.001382 -0.288637
1 0 0
255 255 255 255
0.130543 0.582042
0 0 0 0
1 0 0 0
-0.515896 -0.001382 -0.400104
1 0 0
255 255 255 255
0.130543 0.567405
0 0 0 0
1 0 0 0
-0.515896 0.002356 -0.400104
1 0 0
255 255 255 255
0.130046 0.567405
0 0 0 0
1 0 0 0
-0.432165 0.002356 -0.054286
1 0 0
255 255 255 255
0.127699 0.536008
0 0 0 0
1 0 0 0
-0.432165 -0.001382 -0.054286
1 0 0
255 255 255 255
0.128194 0.536008
0 0 0 0
1 0 0 0
-0.525869 0.002356 -0.288637
-1 0 0
255 255 255 255
0.128724 0.500684
0 0 0 0
1 0 0 0
-0.525869 -0.019495 -0.288637
-1 0 0
255 255 255 255
0.125825 0.500684
0 0 0 0
1 0 0 0
-0.525869 -0.019495 -0.177801
-1 0 0
255 255 255 255
0.125825 0.515238
0 0 0 0
1 0 0 0
-0.525869 0.002356 -0.177801
-1 0 0
255 255 255 255
0.128725 0.515238
0 0 0 0
1 0 0 0
-0.515896 0.002356 -0.288637
0 1 0
255 255 255 255
0.130047 0.500684
0 0 0 0
1 0 0 0
-0.525869 0.002356 -0.288637
0 1 0
255 255 255 255
0.128724 0.500684
0 0 0 0
1 0 0 0
-0.525869 0.002356 -0.177801
0 1 0
255 255 255 255
0.128725 0.515238
0 0 0 0
1 0 0 0
-0.515896 0.002356 -0.177801
0 1 0
255 255 255 255
0.130047 0.515238
0 0 0 0
1 0 0 0
-0.442138 0.002356 -0.054286
0 1 0
255 255 255 255
0.126377 0.536008
0 0 0 0
1 0 0 0
-0.432165 0.002356 -0.054286
0 1 0
255 255 255 255
0.127699 0.536008
0 0 0 0
1 0 0 0
-0.442138 -0.001382 -0.288637
0 1 0
255 255 255 255
0.156674 0.624132
0 0 0 0
1 0 0 0
-0.515896 -0.001382 -0.288637
0 1 0
255 255 255 255
0.171392 0.624132
0 0 0 0
1 0 0 0
-0.515896 -0.001382 -0.177801
0 1 0
255 255 255 255
0.171392 0.602016
0 0 0 0
1 0 0 0
-0.442138 -0.001382 -0.177801
0 1 0
255 255 255 255
0.156674 0.602016
0 0 0 0
1 0 0 0
-0.442138 0.002356 -0.288637
-1 0 0
255 255 255 255
0.126376 0.500684
0 0 0 0
1 0 0 0
-0.442138 -0.001382 -0.288637
-1 0 0
255 255 255 255
0.12588 0.500684
0 0 0 0
1 0 0 0
-0.442138 -0.001382 -0.177801
-1 0 0
255 255 255 255
0.12588 0.515238
0 0 0 0
1 0 0 0
-0.442138 0.002356 -0.177801
-1 0 0
255 255 255 255
0.126377 0.515238
0 0 0 0
1 0 0 0
-0.515896 0.002356 -0.054286
1 0 0
255 255 255 255
0.130047 0.536008
0 0 0 0
1 0 0 0
-0.515896 -0.001382 -0.054286
1 0 0
255 255 255 255
0.130543 0.536008
0 0 0 0
1 0 0 0
-0.216082 -0.001382 -0.288637
0 1 0
255 255 255 255
0.437602 0.751052
0 0 0 0
1 0 0 0
-0.432165 -0.001382 -0.288637
0 1 0
255 255 255 255
0.375207 0.751052
0 0 0 0
1 0 0 0
-0.432165 -0.001382 -0.177801
0 1 0
255 255 255 255
0.375207 0.773052
0 0 0 0
1 0 0 0
-0.216082 -0.001382 -0.177801
0 1 0
255 255 255 255
0.437602 0.773052
0 0 0 0
1 0 0 0
-0.525869 -0.019495 -0.054286
-1 0 0
255 255 255 255
0.125825 0.536008
0 0 0 0
1 0 0 0
-0.525869 0.002356 -0.054286
-1 0 0
255 255 255 255
0.128725 0.536008
0 0 0 0
1 0 0 0
-0.525869 0.002356 -0.054286
0 1 0
255 255 255 255
0.128725 0.536008
0 0 0 0
1 0 0 0
-0.515896 0.002356 -0.054286
0 1 0
255 255 255 255
0.130047 0.536008
0 0 0 0
1 0 0 0
-0.515896 -0.001382 -0.054286
0 1 0
255 255 255 255
0.171392 0.570455
0 0 0 0
1 0 0 0
-0.442138 -0.001382 -0.054286
0 1 0
255 255 255 255
0.156674 0.570455
0 0 0 0
1 0 0 0
-0.442138 -0.001382 -0.054286
-1 0 0
255 255 255 255
0.12588 0.536008
0 0 0 0
1 0 0 0
-0.442138 0.002356 -0.054286
-1 0 0
255 255 255 255
0.126377 0.536008
0 0 0 0
1 0 0 0
-0.432165 -0.001382 -0.054286
0 1 0
255 255 255 255
0.375207 0.804448
0 0 0 0
1 0 0 0
-0.216082 -0.001382 -0.054286
0 1 0
255 255 255 255
0.437602 0.804448
0 0 0 0
1 0 0 0
0 -0.001382 0.219469
0 1 0
255 255 255 255
0.124672 0.624477
0 0 0 0
1 0 0 0
0 -0.001382 -0.054286
0 1 0
255 255 255 255
0.124672 0.57014
0 0 0 0
1 0 0 0
-0.216082 -0.001382 -0.054286
0 1 0
255 255 255 255
0.063037 0.570139
0 0 0 0
1 0 0 0
-0.216082 -0.001382 0.219469
0 1 0
255 255 255 255
0.063037 0.624477
0 0 0 0
1 0 0 0
-0.525869 0.002356 0.219469
-1 0 0
255 255 255 255
0.128724 0.582042
0 0 0 0
1 0 0 0
-0.525869 0.002356 -0.054286
-1 0 0
255 255 255 255
0.128724 0.546095
0 0 0 0
1 0 0 0
-0.525869 -0.019495 -0.054286
-1 0 0
255 255 255 255
0.125825 0.546095
0 0 0 0
1 0 0 0
-0.525869 -0.019495 0.219469
-1 0 0
255 255 255 255
0.125825 0.582042
0 0 0 0
1 0 0 0
-0.515896 0.002356 -0.054286
0 1 0
255 255 255 255
0.130047 0.546095
0 0 0 0
1 0 0 0
-0.525869 0.002356 -0.054286
0 1 0
255 255 255 255
0.128724 0.546095
0 0 0 0
1 0 0 0
-0.525869 0.002356 0.219469
0 1 0
255 255 255 255
0.128724 0.582042
0 0 0 0
1 0 0 0
-0.515896 0.002356 0.219469
0 1 0
255 255 255 255
0.130047 0.582042
0 0 0 0
1 0 0 0
-0.442138 -0.001382 -0.054286
0 1 0
255 255 255 255
0.156674 0.555128
0 0 0 0
1 0 0 0
-0.515896 -0.001382 -0.054286
0 1 0
255 255 255 255
0.171392 0.555128
0 0 0 0
1 0 0 0
-0.515896 -0.001382 0.219469
0 1 0
255 255 255 255
0.171392 0.500504
0 0 0 0
1 0 0 0
-0.442138 -0.001382 0.219469
0 1 0
255 255 255 255
0.156674 0.500504
0 0 0 0
1 0 0 0
-0.442138 0.002356 0.219469
-1 0 0
255 255 255 255
0.126376 0.582042
0 0 0 0
1 0 0 0
-0.442138 0.002356 -0.054286
-1 0 0
255 255 255 255
0.126376 0.546094
0 0 0 0
1 0 0 0
-0.442138 -0.001382 -0.054286
-1 0 0
255 255 255 255
0.12588 0.546094
0 0 0 0
1 0 0 0
-0.442138 -0.001382 0.219469
-1 0 0
255 255 255 255
0.12588 0.582042
0 0 0 0
1 0 0 0
-0.216082 -0.001382 -0.054286
0 1 0
255 255 255 255
0.062967 0.555835
0 0 0 0
1 0 0 0
-0.432165 -0.001382 -0.054286
0 1 0
255 255 255 255
0.000225 0.555835
0 0 0 0
1 0 0 0
-0.432165 -0.001382 0.219469
0 1 0
255 255 255 255
0.000225 0.501498
0 0 0 0
1 0 0 0
-0.216082 -0.001382 0.219469
0 1 0
255 255 255 255
0.062967 0.501498
0 0 0 0
1 0 0 0
-0.432165 0.002356 0.219469
1 0 0
255 255 255 255
0.127699 0.582042
0 0 0 0
1 0 0 0
-0.432165 -0.001382 0.219469
1 0 0
255 255 255 255
0.128194 0.582042
0 0 0 0
1 0 0 0
-0.432165 -0.001382 -0.054286
1 0 0
255 255 255 255
0.128194 0.546094
0 0 0 0
1 0 0 0
-0.432165 0.002356 -0.054286
1 0 0
255 255 255 255
0.127699 0.546094
0 0 0 0
1 0 0 0
-0.442138 0.002356 0.219469
0 1 0
255 255 255 255
0.126376 0.582042
0 0 0 0
1 0 0 0
-0.432165 0.002356 0.219469
0 1 0
255 255 255 255
0.127699 0.582042
0 0 0 0
1 0 0 0
-0.432165 0.002356 -0.054286
0 1 0
255 255 255 255
0.127699 0.546094
0 0 0 0
1 0 0 0
-0.442138 0.002356 -0.054286
0 1 0
255 255 255 255
0.126376 0.546094
0 0 0 0
1 0 0 0
-0.515896 0.002356 0.219469
1 0 0
255 255 255 255
0.130047 0.582042
0 0 0 0
1 0 0 0
-0.515896 -0.001382 0.219469
1 0 0
255 255 255 255
0.130543 0.582042
0 0 0 0
1 0 0 0
-0.515896 -0.001382 -0.054286
1 0 0
255 255 255 255
0.130543 0.546095
0 0 0 0
1 0 0 0
-0.515896 0.002356 -0.054286
1 0 0
255 255 255 255
0.130047 0.546095
0 0 0 0
1 0 0 0
0 -0.001382 0.839042
0 1 0
255 255 255 255
0.124672 0.624477
0 0 0 0
1 0 0 0
0 -0.001382 0.219469
0 1 0
255 255 255 255
0.124672 0.501498
0 0 0 0
1 0 0 0
-0.216082 -0.001382 0.839042
0 1 0
255 255 255 255
0.063037 0.624477
0 0 0 0
1 0 0 0
-0.432165 -0.001382 0.219469
1 0 0
255 255 255 255
0.128194 0.500684
0 0 0 0
1 0 0 0
-0.432165 0.002356 0.219469
1 0 0
255 255 255 255
0.127699 0.500684
0 0 0 0
1 0 0 0
-0.432165 0.002356 0.839042
1 0 0
255 255 255 255
0.127699 0.582042
0 0 0 0
1 0 0 0
-0.432165 -0.001382 0.839042
1 0 0
255 255 255 255
0.128194 0.582042
0 0 0 0
1 0 0 0
-0.525869 -0.019495 0.839042
-1 0 0
255 255 255 255
0.125825 0.582042
0 0 0 0
1 0 0 0
-0.525869 0.002356 0.839042
-1 0 0
255 255 255 255
0.128724 0.582042
0 0 0 0
1 0 0 0
-0.525869 0.002356 0.219469
-1 0 0
255 255 255 255
0.128724 0.500684
0 0 0 0
1 0 0 0
-0.525869 -0.019495 0.219469
-1 0 0
255 255 255 255
0.125825 0.500684
0 0 0 0
1 0 0 0
-0.525869 0.002356 0.839042
0 1 0
255 255 255 255
0.128724 0.582042
0 0 0 0
1 0 0 0
-0.515896 0.002356 0.839042
0 1 0
255 255 255 255
0.130047 0.582042
0 0 0 0
1 0 0 0
-0.515896 0.002356 0.219469
0 1 0
255 255 255 255
0.130047 0.500684
0 0 0 0
1 0 0 0
-0.525869 0.002356 0.219469
0 1 0
255 255 255 255
0.128724 0.500684
0 0 0 0
1 0 0 0
-0.432165 0.002356 0.219469
0 1 0
255 255 255 255
0.127699 0.500684
0 0 0 0
1 0 0 0
-0.442138 0.002356 0.219469
0 1 0
255 255 255 255
0.126376 0.500684
0 0 0 0
1 0 0 0
-0.442138 0.002356 0.839042
0 1 0
255 255 255 255
0.126376 0.582042
0 0 0 0
1 0 0 0
-0.432165 0.002356 0.839042
0 1 0
255 255 255 255
0.127699 0.582042
0 0 0 0
1 0 0 0
-0.515896 -0.001382 0.839042
0 1 0
255 255 255 255
0.171392 0.500504
0 0 0 0
1 0 0 0
-0.442138 -0.001382 0.839042
0 1 0
255 255 255 255
0.156674 0.500504
0 0 0 0
1 0 0 0
-0.442138 -0.001382 0.219469
0 1 0
255 255 255 255
0.156674 0.624132
0 0 0 0
1 0 0 0
-0.515896 -0.001382 0.219469
0 1 0
255 255 255 255
0.171392 0.624132
0 0 0 0
1 0 0 0
-0.442138 -0.001382 0.219469
-1 0 0
255 255 255 255
0.12588 0.500684
0 0 0 0
1 0 0 0
-0.442138 -0.001382 0.839042
-1 0 0
255 255 255 255
0.12588 0.582042
0 0 0 0
1 0 0 0
-0.442138 0.002356 0.839042
-1 0 0
255 255 255 255
0.126376 0.582042
0 0 0 0
1 0 0 0
-0.442138 0.002356 0.219469
-1 0 0
255 255 255 255
0.126376 0.500684
0 0 0 0
1 0 0 0
-0.515896 -0.001382 0.839042
1 0 0
255 255 255 255
0.130543 0.582042
0 0 0 0
1 0 0 0
-0.515896 -0.001382 0.219469
1 0 0
255 255 255 255
0.130543 0.500684
0 0 0 0
1 0 0 0
-0.515896 0.002356 0.219469
1 0 0
255 255 255 255
0.130047 0.500684
0 0 0 0
1 0 0 0
-0.515896 0.002356 0.839042
1 0 0
255 255 255 255
0.130047 0.582042
0 0 0 0
1 0 0 0
-0.432165 -0.001382 0.839042
0 1 0
255 255 255 255
0.000225 0.501498
0 0 0 0
1 0 0 0
-0.216082 -0.001382 0.839042
0 1 0
255 255 255 255
0.062967 0.501498
0 0 0 0
1 0 0 0
-0.432165 -0.001382 0.219469
0 1 0
255 255 255 255
0.000225 0.624477
0 0 0 0
1 0 0 0
-0.216082 -0.001382 -0.288637
0 1 0
255 255 255 255
0.437672 0.751052
0 0 0 0
1 0 0 0
-0.216082 -0.001382 -0.177801
0 1 0
255 255 255 255
0.437672 0.773052
0 0 0 0
1 0 0 0
0 -0.001382 -0.177801
0 1 0
255 255 255 255
0.49985 0.773052
0 0 0 0
1 0 0 0
0 -0.001382 -0.288637
0 1 0
255 255 255 255
0.49985 0.751052
0 0 0 0
1 0 0 0
-0.216082 -0.001382 -0.054286
0 1 0
255 255 255 255
0.437672 0.804448
0 0 0 0
1 0 0 0
0 -0.001382 -0.054286
0 1 0
255 255 255 255
0.49985 0.804448
0 0 0 0
1 0 0 0
0.432167 0.002356 -0.288637
-1 0 0
255 255 255 255
0.127699 0.500684
0 0 0 0
1 0 0 0
0.432167 -0.001382 -0.288637
-1 0 0
255 255 255 255
0.128194 0.500684
0 0 0 0
1 0 0 0
0.432167 -0.001382 -0.177801
-1 0 0
255 255 255 255
0.128194 0.515238
0 0 0 0
1 0 0 0
0.432167 0.002356 -0.177801
-1 0 0
255 255 255 255
0.127699 0.515238
0 0 0 0
1 0 0 0
0.442139 0.002356 -0.177801
0 1 0
255 255 255 255
0.126377 0.515238
0 0 0 0
1 0 0 0
0.442139 0.002356 -0.288637
0 1 0
255 255 255 255
0.126376 0.500684
0 0 0 0
1 0 0 0
0.432167 0.002356 -0.288637
0 1 0
255 255 255 255
0.127699 0.500684
0 0 0 0
1 0 0 0
0.432167 0.002356 -0.177801
0 1 0
255 255 255 255
0.127699 0.515238
0 0 0 0
1 0 0 0
0.515898 0.002356 -0.288637
-1 0 0
255 255 255 255
0.130047 0.500684
0 0 0 0
1 0 0 0
0.515898 -0.001382 -0.288637
-1 0 0
255 255 255 255
0.130543 0.500684
0 0 0 0
1 0 0 0
0.515898 -0.001382 -0.177801
-1 0 0
255 255 255 255
0.130543 0.515238
0 0 0 0
1 0 0 0
0.515898 0.002356 -0.177801
-1 0 0
255 255 255 255
0.130047 0.515238
0 0 0 0
1 0 0 0
0.216083 -0.001382 -0.288637
0 1 0
255 255 255 255
0.437651 0.750942
0 0 0 0
1 0 0 0
0.216083 -0.001382 -0.400104
0 1 0
255 255 255 255
0.437651 0.773067
0 0 0 0
1 0 0 0
0.52587 0.002356 -0.288637
1 0 0
255 255 255 255
0.128724 0.582042
0 0 0 0
1 0 0 0
0.52587 -0.019495 -0.288637
1 0 0
255 255 255 255
0.125825 0.582042
0 0 0 0
1 0 0 0
0.52587 -0.019495 -0.400104
1 0 0
255 255 255 255
0.125825 0.567405
0 0 0 0
1 0 0 0
0.52587 0.002356 -0.400104
1 0 0
255 255 255 255
0.128723 0.567405
0 0 0 0
1 0 0 0
0.515898 0.002356 -0.400104
0 1 0
255 255 255 255
0.130046 0.567405
0 0 0 0
1 0 0 0
0.515898 0.002356 -0.288637
0 1 0
255 255 255 255
0.130047 0.582042
0 0 0 0
1 0 0 0
0.52587 0.002356 -0.288637
0 1 0
255 255 255 255
0.128724 0.582042
0 0 0 0
1 0 0 0
0.52587 0.002356 -0.400104
0 1 0
255 255 255 255
0.128723 0.567405
0 0 0 0
1 0 0 0
0.442139 -0.001382 -0.400104
0 1 0
255 255 255 255
0.131673 0.522746
0 0 0 0
1 0 0 0
0.442139 -0.001382 -0.288637
0 1 0
255 255 255 255
0.131673 0.500504
0 0 0 0
1 0 0 0
0.515898 -0.001382 -0.288637
0 1 0
255 255 255 255
0.146391 0.500504
0 0 0 0
1 0 0 0
0.515898 -0.001382 -0.400104
0 1 0
255 255 255 255
0.146391 0.522746
0 0 0 0
1 0 0 0
0.442139 0.002356 -0.288637
1 0 0
255 255 255 255
0.126376 0.582042
0 0 0 0
1 0 0 0
0.442139 -0.001382 -0.288637
1 0 0
255 255 255 255
0.12588 0.582042
0 0 0 0
1 0 0 0
0.442139 -0.001382 -0.400104
1 0 0
255 255 255 255
0.12588 0.567405
0 0 0 0
1 0 0 0
0.442139 0.002356 -0.400104
1 0 0
255 255 255 255
0.126375 0.567405
0 0 0 0
1 0 0 0
0.216083 -0.001382 -0.400104
0 1 0
255 255 255 255
0.437581 0.773067
0 0 0 0
1 0 0 0
0.216083 -0.001382 -0.288637
0 1 0
255 255 255 255
0.437581 0.750942
0 0 0 0
1 0 0 0
0.432167 -0.001382 -0.288637
0 1 0
255 255 255 255
0.375207 0.750942
0 0 0 0
1 0 0 0
0.432167 -0.001382 -0.400104
0 1 0
255 255 255 255
0.375207 0.773067
0 0 0 0
1 0 0 0
0.432167 0.002356 -0.288637
-1 0 0
255 255 255 255
0.127699 0.582042
0 0 0 0
1 0 0 0
0.432167 0.002356 -0.400104
-1 0 0
255 255 255 255
0.127698 0.567405
0 0 0 0
1 0 0 0
0.432167 -0.001382 -0.400104
-1 0 0
255 255 255 255
0.128194 0.567405
0 0 0 0
1 0 0 0
0.432167 -0.001382 -0.288637
-1 0 0
255 255 255 255
0.128194 0.582042
0 0 0 0
1 0 0 0
0.442139 0.002356 -0.288637
0 1 0
255 255 255 255
0.126376 0.582042
0 0 0 0
1 0 0 0
0.442139 0.002356 -0.400104
0 1 0
255 255 255 255
0.126375 0.567405
0 0 0 0
1 0 0 0
0.432167 0.002356 -0.400104
0 1 0
255 255 255 255
0.127698 0.567405
0 0 0 0
1 0 0 0
0.432167 0.002356 -0.288637
0 1 0
255 255 255 255
0.127699 0.582042
0 0 0 0
1 0 0 0
0.515898 0.002356 -0.288637
-1 0 0
255 255 255 255
0.130047 0.582042
0 0 0 0
1 0 0 0
0.515898 0.002356 -0.400104
-1 0 0
255 255 255 255
0.130046 0.567405
0 0 0 0
1 0 0 0
0.515898 -0.001382 -0.400104
-1 0 0
255 255 255 255
0.130543 0.567405
0 0 0 0
1 0 0 0
0.515898 -0.001382 -0.288637
-1 0 0
255 255 255 255
0.130543 0.582042
0 0 0 0
1 0 0 0
0.432167 0.002356 -0.054286
-1 0 0
255 255 255 255
0.127699 0.536008
0 0 0 0
1 0 0 0
0.432167 -0.001382 -0.054286
-1 0 0
255 255 255 255
0.128194 0.536008
0 0 0 0
1 0 0 0
0.52587 0.002356 -0.288637
1 0 0
255 255 255 255
0.128724 0.500684
0 0 0 0
1 0 0 0
0.52587 0.002356 -0.177801
1 0 0
255 255 255 255
0.128725 0.515238
0 0 0 0
1 0 0 0
0.52587 -0.019495 -0.177801
1 0 0
255 255 255 255
0.125825 0.515238
0 0 0 0
1 0 0 0
0.52587 -0.019495 -0.288637
1 0 0
255 255 255 255
0.125825 0.500684
0 0 0 0
1 0 0 0
0.515898 0.002356 -0.288637
0 1 0
255 255 255 255
0.130047 0.500684
0 0 0 0
1 0 0 0
0.515898 0.002356 -0.177801
0 1 0
255 255 255 255
0.130047 0.515238
0 0 0 0
1 0 0 0
0.52587 0.002356 -0.177801
0 1 0
255 255 255 255
0.128725 0.515238
0 0 0 0
1 0 0 0
0.52587 0.002356 -0.288637
0 1 0
255 255 255 255
0.128724 0.500684
0 0 0 0
1 0 0 0
0.442139 0.002356 -0.054286
0 1 0
255 255 255 255
0.126377 0.536008
0 0 0 0
1 0 0 0
0.432167 0.002356 -0.054286
0 1 0
255 255 255 255
0.127699 0.536008
0 0 0 0
1 0 0 0
0.442139 -0.001382 -0.288637
0 1 0
255 255 255 255
0.156674 0.624132
0 0 0 0
1 0 0 0
0.442139 -0.001382 -0.177801
0 1 0
255 255 255 255
0.156674 0.602016
0 0 0 0
1 0 0 0
0.515898 -0.001382 -0.177801
0 1 0
255 255 255 255
0.171392 0.602016
0 0 0 0
1 0 0 0
0.515898 -0.001382 -0.288637
0 1 0
255 255 255 255
0.171392 0.624132
0 0 0 0
1 0 0 0
0.442139 0.002356 -0.288637
1 0 0
255 255 255 255
0.126376 0.500684
0 0 0 0
1 0 0 0
0.442139 0.002356 -0.177801
1 0 0
255 255 255 255
0.126377 0.515238
0 0 0 0
1 0 0 0
0.442139 -0.001382 -0.177801
1 0 0
255 255 255 255
0.12588 0.515238
0 0 0 0
1 0 0 0
0.442139 -0.001382 -0.288637
1 0 0
255 255 255 255
0.12588 0.500684
0 0 0 0
1 0 0 0
0.515898 0.002356 -0.054286
-1 0 0
255 255 255 255
0.130047 0.536008
0 0 0 0
1 0 0 0
0.515898 -0.001382 -0.054286
-1 0 0
255 255 255 255
0.130543 0.536008
0 0 0 0
1 0 0 0
0.216083 -0.001382 -0.288637
0 1 0
255 255 255 255
0.437602 0.751052
0 0 0 0
1 0 0 0
0.216083 -0.001382 -0.177801
0 1 0
255 255 255 255
0.437602 0.773052
0 0 0 0
1 0 0 0
0.432167 -0.001382 -0.177801
0 1 0
255 255 255 255
0.375207 0.773052
0 0 0 0
1 0 0 0
0.432167 -0.001382 -0.288637
0 1 0
255 255 255 255
0.375207 0.751052
0 0 0 0
1 0 0 0
0.52587 -0.019495 -0.054286
1 0 0
255 255 255 255
0.125825 0.536008
0 0 0 0
1 0 0 0
0.52587 0.002356 -0.054286
1 0 0
255 255 255 255
0.128725 0.536008
0 0 0 0
1 0 0 0
0.515898 0.002356 -0.054286
0 1 0
255 255 255 255
0.130047 0.536008
0 0 0 0
1 0 0 0
0.52587 0.002356 -0.054286
0 1 0
255 255 255 255
0.128725 0.536008
0 0 0 0
1 0 0 0
0.442139 -0.001382 -0.054286
0 1 0
255 255 255 255
0.156674 0.570455
0 0 0 0
1 0 0 0
0.515898 -0.001382 -0.054286
0 1 0
255 255 255 255
0.171392 0.570455
0 0 0 0
1 0 0 0
0.442139 -0.001382 -0.054286
1 0 0
255 255 255 255
0.12588 0.536008
0 0 0 0
1 0 0 0
0.442139 0.002356 -0.054286
1 0 0
255 255 255 255
0.126377 0.536008
0 0 0 0
1 0 0 0
0.432167 -0.001382 -0.054286
0 1 0
255 255 255 255
0.375207 0.804448
0 0 0 0
1 0 0 0
0.216083 -0.001382 -0.054286
0 1 0
255 255 255 255
0.437602 0.804448
0 0 0 0
1 0 0 0
0.216083 -0.001382 -0.054286
0 1 0
255 255 255 255
0.063037 0.570139
0 0 0 0
1 0 0 0
0.216083 -0.001382 0.219469
0 1 0
255 255 255 255
0.063037 0.624477
0 0 0 0
1 0 0 0
0.52587 0.002356 0.219469
1 0 0
255 255 255 255
0.128724 0.582042
0 0 0 0
1 0 0 0
0.52587 -0.019495 0.219469
1 0 0
255 255 255 255
0.125825 0.582042
0 0 0 0
1 0 0 0
0.52587 -0.019495 -0.054286
1 0 0
255 255 255 255
0.125825 0.546095
0 0 0 0
1 0 0 0
0.52587 0.002356 -0.054286
1 0 0
255 255 255 255
0.128724 0.546095
0 0 0 0
1 0 0 0
0.515898 0.002356 -0.054286
0 1 0
255 255 255 255
0.130047 0.546095
0 0 0 0
1 0 0 0
0.515898 0.002356 0.219469
0 1 0
255 255 255 255
0.130047 0.582042
0 0 0 0
1 0 0 0
0.52587 0.002356 0.219469
0 1 0
255 255 255 255
0.128724 0.582042
0 0 0 0
1 0 0 0
0.52587 0.002356 -0.054286
0 1 0
255 255 255 255
0.128724 0.546095
0 0 0 0
1 0 0 0
0.442139 -0.001382 -0.054286
0 1 0
255 255 255 255
0.156674 0.555128
0 0 0 0
1 0 0 0
0.442139 -0.001382 0.219469
0 1 0
255 255 255 255
0.156674 0.500504
0 0 0 0
1 0 0 0
0.515898 -0.001382 0.219469
0 1 0
255 255 255 255
0.171392 0.500504
0 0 0 0
1 0 0 0
0.515898 -0.001382 -0.054286
0 1 0
255 255 255 255
0.171392 0.555128
0 0 0 0
1 0 0 0
0.442139 0.002356 0.219469
1 0 0
255 255 255 255
0.126376 0.582042
0 0 0 0
1 0 0 0
0.442139 -0.001382 0.219469
1 0 0
255 255 255 255
0.12588 0.582042
0 0 0 0
1 0 0 0
0.442139 -0.001382 -0.054286
1 0 0
255 255 255 255
0.12588 0.546094
0 0 0 0
1 0 0 0
0.442139 0.002356 -0.054286
1 0 0
255 255 255 255
0.126376 0.546094
0 0 0 0
1 0 0 0
0.216083 -0.001382 -0.054286
0 1 0
255 255 255 255
0.062967 0.555835
0 0 0 0
1 0 0 0
0.216083 -0.001382 0.219469
0 1 0
255 255 255 255
0.062967 0.501498
0 0 0 0
1 0 0 0
0.432167 -0.001382 0.219469
0 1 0
255 255 255 255
0.000225 0.501498
0 0 0 0
1 0 0 0
0.432167 -0.001382 -0.054286
0 1 0
255 255 255 255
0.000225 0.555835
0 0 0 0
1 0 0 0
0.432167 0.002356 0.219469
-1 0 0
255 255 255 255
0.127699 0.582042
0 0 0 0
1 0 0 0
0.432167 0.002356 -0.054286
-1 0 0
255 255 255 255
0.127699 0.546094
0 0 0 0
1 0 0 0
0.432167 -0.001382 -0.054286
-1 0 0
255 255 255 255
0.128194 0.546094
0 0 0 0
1 0 0 0
0.432167 -0.001382 0.219469
-1 0 0
255 255 255 255
0.128194 0.582042
0 0 0 0
1 0 0 0
0.442139 0.002356 0.219469
0 1 0
255 255 255 255
0.126376 0.582042
0 0 0 0
1 0 0 0
0.442139 0.002356 -0.054286
0 1 0
255 255 255 255
0.126376 0.546094
0 0 0 0
1 0 0 0
0.432167 0.002356 -0.054286
0 1 0
255 255 255 255
0.127699 0.546094
0 0 0 0
1 0 0 0
0.432167 0.002356 0.219469
0 1 0
255 255 255 255
0.127699 0.582042
0 0 0 0
1 0 0 0
0.515898 0.002356 0.219469
-1 0 0
255 255 255 255
0.130047 0.582042
0 0 0 0
1 0 0 0
0.515898 0.002356 -0.054286
-1 0 0
255 255 255 255
0.130047 0.546095
0 0 0 0
1 0 0 0
0.515898 -0.001382 -0.054286
-1 0 0
255 255 255 255
0.130543 0.546095
0 0 0 0
1 0 0 0
0.515898 -0.001382 0.219469
-1 0 0
255 255 255 255
0.130543 0.582042
0 0 0 0
1 0 0 0
0.216083 -0.001382 0.839042
0 1 0
255 255 255 255
0.063037 0.624477
0 0 0 0
1 0 0 0
0.432167 -0.001382 0.219469
-1 0 0
255 255 255 255
0.128194 0.500684
0 0 0 0
1 0 0 0
0.432167 -0.001382 0.839042
-1 0 0
255 255 255 255
0.128194 0.582042
0 0 0 0
1 0 0 0
0.432167 0.002356 0.839042
-1 0 0
255 255 255 255
0.127699 0.582042
0 0 0 0
1 0 0 0
0.432167 0.002356 0.219469
-1 0 0
255 255 255 255
0.127699 0.500684
0 0 0 0
1 0 0 0
0.52587 -0.019495 0.839042
1 0 0
255 255 255 255
0.125825 0.582042
0 0 0 0
1 0 0 0
0.52587 -0.019495 0.219469
1 0 0
255 255 255 255
0.125825 0.500684
0 0 0 0
1 0 0 0
0.52587 0.002356 0.219469
1 0 0
255 255 255 255
0.128724 0.500684
0 0 0 0
1 0 0 0
0.52587 0.002356 0.839042
1 0 0
255 255 255 255
0.128724 0.582042
0 0 0 0
1 0 0 0
0.52587 0.002356 0.839042
0 1 0
255 255 255 255
0.128724 0.582042
0 0 0 0
1 0 0 0
0.52587 0.002356 0.219469
0 1 0
255 255 255 255
0.128724 0.500684
0 0 0 0
1 0 0 0
0.515898 0.002356 0.219469
0 1 0
255 255 255 255
0.130047 0.500684
0 0 0 0
1 0 0 0
0.515898 0.002356 0.839042
0 1 0
255 255 255 255
0.130047 0.582042
0 0 0 0
1 0 0 0
0.432167 0.002356 0.219469
0 1 0
255 255 255 255
0.127699 0.500684
0 0 0 0
1 0 0 0
0.432167 0.002356 0.839042
0 1 0
255 255 255 255
0.127699 0.582042
0 0 0 0
1 0 0 0
0.442139 0.002356 0.839042
0 1 0
255 255 255 255
0.126376 0.582042
0 0 0 0
1 0 0 0
0.442139 0.002356 0.219469
0 1 0
255 255 255 255
0.126376 0.500684
0 0 0 0
1 0 0 0
0.515898 -0.001382 0.839042
0 1 0
255 255 255 255
0.171392 0.500504
0 0 0 0
1 0 0 0
0.515898 -0.001382 0.219469
0 1 0
255 255 255 255
0.171392 0.624132
0 0 0 0
1 0 0 0
0.442139 -0.001382 0.219469
0 1 0
255 255 255 255
0.156674 0.624132
0 0 0 0
1 0 0 0
0.442139 -0.001382 0.839042
0 1 0
255 255 255 255
0.156674 0.500504
0 0 0 0
1 0 0 0
0.442139 -0.001382 0.219469
1 0 0
255 255 255 255
0.12588 0.500684
0 0 0 0
1 0 0 0
0.442139 0.002356 0.219469
1 0 0
255 255 255 255
0.126376 0.500684
0 0 0 0
1 0 0 0
0.442139 0.002356 0.839042
1 0 0
255 255 255 255
0.126376 0.582042
0 0 0 0
1 0 0 0
0.442139 -0.001382 0.839042
1 0 0
255 255 255 255
0.12588 0.582042
0 0 0 0
1 0 0 0
0.515898 -0.001382 0.839042
-1 0 0
255 255 255 255
0.130543 0.582042
0 0 0 0
1 0 0 0
0.515898 0.002356 0.839042
-1 0 0
255 255 255 255
0.130047 0.582042
0 0 0 0
1 0 0 0
0.515898 0.002356 0.219469
-1 0 0
255 255 255 255
0.130047 0.500684
0 0 0 0
1 0 0 0
0.515898 -0.001382 0.219469
-1 0 0
255 255 255 255
0.130543 0.500684
0 0 0 0
1 0 0 0
0.432167 -0.001382 0.839042
0 1 0
255 255 255 255
0.000225 0.501498
0 0 0 0
1 0 0 0
0.432167 -0.001382 0.219469
0 1 0
255 255 255 255
0.000225 0.624477
0 0 0 0
1 0 0 0
0.216083 -0.001382 0.839042
0 1 0
255 255 255 255
0.062967 0.501498
0 0 0 0
1 0 0 0
0.216083 -0.001382 -0.288637
0 1 0
255 255 255 255
0.437672 0.751052
0 0 0 0
1 0 0 0
0.216083 -0.001382 -0.177801
0 1 0
255 255 255 255
0.437672 0.773052
0 0 0 0
1 0 0 0
0.216083 -0.001382 -0.054286
0 1 0
255 255 255 255
0.437672 0.804448
0 0 0 0
1 0 0 0
180 # faces
0 2 1
2 0 3
4 6 5
6 4 7
8 10 9
10 8 11
12 14 13
14 12 15
16 18 17
18 16 19
20 22 21
22 20 23
24 26 25
26 24 27
28 30 29
30 28 31
32 34 33
34 32 35
36 38 37
38 36 39
40 42 41
42 40 43
44 46 45
46 44 47
2 48 1
48 2 49
50 52 51
52 50 53
54 56 55
56 54 57
58 5 59
5 58 4
60 62 61
62 60 63
64 66 65
66 64 67
10 68 9
68 10 69
70 72 71
72 70 73
53 74 52
74 53 75
57 76 56
76 57 77
63 78 62
78 63 79
67 80 66
80 67 81
73 82 72
82 73 83
84 86 85
86 84 87
88 90 89
90 88 91
92 94 93
94 92 95
96 98 97
98 96 99
100 102 101
102 100 103
104 106 105
106 104 107
108 110 109
110 108 111
112 114 113
114 112 115
116 118 117
118 116 119
120 107 121
107 120 122
123 125 124
125 123 126
127 129 128
129 127 130
131 133 132
133 131 134
135 137 136
137 135 138
139 141 140
141 139 142
143 145 144
145 143 146
147 149 148
149 147 150
151 87 152
87 151 153
154 156 155
156 154 157
155 159 158
159 155 156
160 162 161
162 160 163
164 166 165
166 164 167
168 170 169
170 168 171
12 173 172
173 12 13
174 176 175
176 174 177
178 180 179
180 178 181
182 184 183
184 182 185
186 188 187
188 186 189
190 192 191
192 190 193
194 196 195
196 194 197
198 200 199
200 198 201
202 204 203
204 202 205
206 162 163
162 206 207
208 210 209
210 208 211
212 214 213
214 212 215
216 167 164
167 216 217
218 220 219
220 218 221
222 224 223
224 222 225
226 170 171
170 226 227
228 230 229
230 228 231
232 209 210
209 232 233
213 235 234
235 213 214
219 237 236
237 219 220
238 223 224
223 238 239
240 229 230
229 240 241
242 84 85
84 242 243
244 246 245
246 244 247
248 250 249
250 248 251
252 254 253
254 252 255
256 258 257
258 256 259
260 262 261
262 260 263
264 266 265
266 264 267
268 270 269
270 268 271
272 274 273
274 272 275
261 120 121
120 261 276
277 279 278
279 277 280
281 283 282
283 281 284
285 287 286
287 285 288
289 291 290
291 289 292
293 295 294
295 293 296
297 299 298
299 297 300
301 303 302
303 301 304
305 243 306
243 305 307
308 156 157
309 159 156
156 308 309
159 309 310
