1 # bones
root
-1
0 0 0
1 # meshes
10_Road-Turn-Double_0_0_0_root_root
1 # uv layers
1 # textures
atlas.jpg
0 # uv layer index
541 # vertices
0.128223 0.002126 -0.478245
0.8819152 0 0.4714081
255 255 255 255
0.127699 0.500684
0 0 0 0
1 0 0 0
0.022362 0.002126 -0.280193
0.8819152 0 0.4714081
255 255 255 255
0.127699 0.541363
0 0 0 0
1 0 0 0
0.022362 -0.001612 -0.280193
0.8819152 0 0.4714081
255 255 255 255
0.128194 0.541363
0 0 0 0
1 0 0 0
0.128223 -0.001612 -0.478245
0.8819152 0 0.4714081
255 255 255 255
0.128194 0.500684
0 0 0 0
1 0 0 0
0.01407 0.002126 -0.285734
0 1 0
255 255 255 255
0.126376 0.541363
0 0 0 0
1 0 0 0
0.022362 0.002126 -0.280193
0 1 0
255 255 255 255
0.127699 0.541363
0 0 0 0
1 0 0 0
0.128223 0.002126 -0.478245
0 1 0
255 255 255 255
0.127699 0.500684
0 0 0 0
1 0 0 0
0.11901 0.002126 -0.482061
0 1 0
255 255 255 255
0.126376 0.500684
0 0 0 0
1 0 0 0
0.050865 0.002126 -0.510287
0.9238766 0 0.3826903
255 255 255 255
0.130047 0.500684
0 0 0 0
1 0 0 0
-0.047258 0.002126 -0.326711
0.8314652 0 0.5555767
255 255 255 255
0.130047 0.541363
0 0 0 0
1 0 0 0
-0.047258 -0.001612 -0.326711
0.8314652 0 0.5555767
255 255 255 255
0.130543 0.541363
0 0 0 0
1 0 0 0
0.050865 -0.001612 -0.510287
0.9238766 0 0.3826903
255 255 255 255
0.130543 0.500684
0 0 0 0
1 0 0 0
0.527493 -0.001612 -0.312862
0 1 0
255 255 255 255
0.9998 0.249322
0 0 0 0
1 0 0 0
0.617274 -0.001612 -0.608833
0 1 0
255 255 255 255
0.9998 0.187832
0 0 0 0
1 0 0 0
0.405344 -0.001612 -0.650988
0 1 0
255 255 255 255
0.93827 0.187832
0 0 0 0
1 0 0 0
0.327858 -0.001612 -0.395553
0 1 0
255 255 255 255
0.93827 0.249322
0 0 0 0
1 0 0 0
0.215425 0.002126 -0.916632
0.9951866 0 0.09799868
255 255 255 255
0.127699 0.500684
0 0 0 0
1 0 0 0
0.193412 0.002126 -0.693144
0.9951866 0 0.09799868
255 255 255 255
0.127699 0.541363
0 0 0 0
1 0 0 0
0.193412 -0.001612 -0.693144
0.9951866 0 0.09799868
255 255 255 255
0.128194 0.541363
0 0 0 0
1 0 0 0
0.215425 -0.001612 -0.916632
0.9951866 0 0.09799868
255 255 255 255
0.128194 0.500684
0 0 0 0
1 0 0 0
0.041652 0.002126 -0.514104
-0.9238766 0 -0.3826903
255 255 255 255
0.128724 0.582042
0 0 0 0
1 0 0 0
0.101509 0.002126 -0.711425
-0.9807839 0 -0.1950968
255 255 255 255
0.128724 0.541363
0 0 0 0
1 0 0 0
0.101509 -0.019725 -0.711425
-0.9807839 0 -0.1950968
255 255 255 255
0.125825 0.541363
0 0 0 0
1 0 0 0
0.041652 -0.019725 -0.514104
-0.9238766 0 -0.3826903
255 255 255 255
0.125825 0.582042
0 0 0 0
1 0 0 0
0.11129 0.002126 -0.709479
0 1 0
255 255 255 255
0.130047 0.541363
0 0 0 0
1 0 0 0
0.101509 0.002126 -0.711425
0 1 0
255 255 255 255
0.128724 0.541363
0 0 0 0
1 0 0 0
0.041652 0.002126 -0.514104
0 1 0
255 255 255 255
0.128724 0.582042
0 0 0 0
1 0 0 0
0.050865 0.002126 -0.510287
0 1 0
255 255 255 255
0.130047 0.582042
0 0 0 0
1 0 0 0
0.183631 0.002126 -0.695089
0 1 0
255 255 255 255
0.126376 0.541363
0 0 0 0
1 0 0 0
0.193412 0.002126 -0.693144
0 1 0
255 255 255 255
0.127699 0.541363
0 0 0 0
1 0 0 0
0.215425 0.002126 -0.916632
0 1 0
255 255 255 255
0.127699 0.500684
0 0 0 0
1 0 0 0
0.205452 0.002126 -0.916632
0 1 0
255 255 255 255
0.126376 0.500684
0 0 0 0
1 0 0 0
0.183631 -0.001612 -0.695089
0 1 0
255 255 255 255
0.131673 0.562318
0 0 0 0
1 0 0 0
0.11129 -0.001612 -0.709479
0 1 0
255 255 255 255
0.146391 0.562318
0 0 0 0
1 0 0 0
0.050865 -0.001612 -0.510287
0 1 0
255 255 255 255
0.146391 0.500504
0 0 0 0
1 0 0 0
0.11901 -0.001612 -0.482061
0 1 0
255 255 255 255
0.131673 0.500504
0 0 0 0
1 0 0 0
0.11901 0.002126 -0.482061
-0.9238766 0 -0.3826903
255 255 255 255
0.126376 0.582042
0 0 0 0
1 0 0 0
0.183631 0.002126 -0.695089
-0.9807839 0 -0.1950968
255 255 255 255
0.126376 0.541363
0 0 0 0
1 0 0 0
0.183631 -0.001612 -0.695089
-0.9807839 0 -0.1950968
255 255 255 255
0.12588 0.541363
0 0 0 0
1 0 0 0
0.11901 -0.001612 -0.482061
-0.9238766 0 -0.3826903
255 255 255 255
0.12588 0.582042
0 0 0 0
1 0 0 0
0.131693 0.002126 -0.916632
0.9987939 0 0.0490997
255 255 255 255
0.130047 0.500684
0 0 0 0
1 0 0 0
0.11129 0.002126 -0.709479
0.9807839 0 0.1950968
255 255 255 255
0.130047 0.541363
0 0 0 0
1 0 0 0
0.11129 -0.001612 -0.709479
0.9807839 0 0.1950968
255 255 255 255
0.130543 0.541363
0 0 0 0
1 0 0 0
0.131693 -0.001612 -0.916632
0.9987939 0 0.0490997
255 255 255 255
0.130543 0.500684
0 0 0 0
1 0 0 0
0.405344 -0.001612 -0.650988
0 1 0
255 255 255 255
0.9382 0.187832
0 0 0 0
1 0 0 0
0.193412 -0.001612 -0.693144
0 1 0
255 255 255 255
0.875203 0.187832
0 0 0 0
1 0 0 0
0.128223 -0.001612 -0.478245
0 1 0
255 255 255 255
0.875203 0.126342
0 0 0 0
1 0 0 0
0.327858 -0.001612 -0.395553
0 1 0
255 255 255 255
0.9382 0.126342
0 0 0 0
1 0 0 0
0.741029 -0.001612 0.200004
-0.8819152 0 -0.4714081
255 255 255 255
0.128194 0.541363
0 0 0 0
1 0 0 0
0.741029 0.002126 0.200004
-0.8819152 0 -0.4714081
255 255 255 255
0.127699 0.541363
0 0 0 0
1 0 0 0
0.926763 0.002126 -0.147479
-0.8819152 0 -0.4714081
255 255 255 255
0.127699 0.500684
0 0 0 0
1 0 0 0
0.926763 -0.001612 -0.147479
-0.8819152 0 -0.4714081
255 255 255 255
0.128194 0.500684
0 0 0 0
1 0 0 0
0.926763 0.002126 -0.147479
0 1 0
255 255 255 255
0.127699 0.500684
0 0 0 0
1 0 0 0
0.741029 0.002126 0.200004
0 1 0
255 255 255 255
0.127699 0.541363
0 0 0 0
1 0 0 0
0.749321 0.002126 0.205544
0 1 0
255 255 255 255
0.126376 0.541363
0 0 0 0
1 0 0 0
0.935976 0.002126 -0.143663
0 1 0
255 255 255 255
0.126376 0.500684
0 0 0 0
1 0 0 0
0.810649 -0.001612 0.246523
-0.8314652 0 -0.5555767
255 255 255 255
0.130543 0.541363
0 0 0 0
1 0 0 0
0.810649 0.002126 0.246523
-0.8314652 0 -0.5555767
255 255 255 255
0.130047 0.541363
0 0 0 0
1 0 0 0
1.00412 0.002126 -0.115436
-0.9238766 0 -0.3826903
255 255 255 255
0.130047 0.500684
0 0 0 0
1 0 0 0
1.00412 -0.001612 -0.115436
-0.9238766 0 -0.3826903
255 255 255 255
0.130543 0.500684
0 0 0 0
1 0 0 0
0.829206 -0.001612 -0.566677
0 1 0
255 255 255 255
0.93827 0.187832
0 0 0 0
1 0 0 0
0.727128 -0.001612 -0.23017
0 1 0
255 255 255 255
0.93827 0.249322
0 0 0 0
1 0 0 0
1.041137 -0.001612 -0.524521
-0.9951866 0 -0.09799868
255 255 255 255
0.128194 0.541363
0 0 0 0
1 0 0 0
1.041137 0.002126 -0.524521
-0.9951866 0 -0.09799868
255 255 255 255
0.127699 0.541363
0 0 0 0
1 0 0 0
1.079757 0.002126 -0.916632
-0.9951866 0 -0.09799868
255 255 255 255
0.127699 0.500684
0 0 0 0
1 0 0 0
1.079757 -0.001612 -0.916632
-0.9951866 0 -0.09799868
255 255 255 255
0.128194 0.500684
0 0 0 0
1 0 0 0
1.13304 -0.019725 -0.506241
0.9807839 0 0.1950968
255 255 255 255
0.125825 0.541363
0 0 0 0
1 0 0 0
1.13304 0.002126 -0.506241
0.9807839 0 0.1950968
255 255 255 255
0.128724 0.541363
0 0 0 0
1 0 0 0
1.013333 0.002126 -0.111621
0.9238766 0 0.3826903
255 255 255 255
0.128724 0.582042
0 0 0 0
1 0 0 0
1.013333 -0.019725 -0.111621
0.9238766 0 0.3826903
255 255 255 255
0.125825 0.582042
0 0 0 0
1 0 0 0
1.013333 0.002126 -0.111621
0 1 0
255 255 255 255
0.128724 0.582042
0 0 0 0
1 0 0 0
1.13304 0.002126 -0.506241
0 1 0
255 255 255 255
0.128724 0.541363
0 0 0 0
1 0 0 0
1.12326 0.002126 -0.508186
0 1 0
255 255 255 255
0.130047 0.541363
0 0 0 0
1 0 0 0
1.00412 0.002126 -0.115436
0 1 0
255 255 255 255
0.130047 0.582042
0 0 0 0
1 0 0 0
1.079757 0.002126 -0.916632
0 1 0
255 255 255 255
0.127699 0.500684
0 0 0 0
1 0 0 0
1.041137 0.002126 -0.524521
0 1 0
255 255 255 255
0.127699 0.541363
0 0 0 0
1 0 0 0
1.050918 0.002126 -0.522576
0 1 0
255 255 255 255
0.126376 0.541363
0 0 0 0
1 0 0 0
1.089729 0.002126 -0.916632
0 1 0
255 255 255 255
0.126376 0.500684
0 0 0 0
1 0 0 0
1.00412 -0.001612 -0.115436
0 1 0
255 255 255 255
0.146391 0.500504
0 0 0 0
1 0 0 0
1.12326 -0.001612 -0.508186
0 1 0
255 255 255 255
0.146391 0.562318
0 0 0 0
1 0 0 0
1.050918 -0.001612 -0.522576
0 1 0
255 255 255 255
0.131673 0.562318
0 0 0 0
1 0 0 0
0.935976 -0.001612 -0.143663
0 1 0
255 255 255 255
0.131673 0.500504
0 0 0 0
1 0 0 0
1.050918 -0.001612 -0.522576
0.9807839 0 0.1950968
255 255 255 255
0.12588 0.541363
0 0 0 0
1 0 0 0
1.050918 0.002126 -0.522576
0.9807839 0 0.1950968
255 255 255 255
0.126376 0.541363
0 0 0 0
1 0 0 0
0.935976 0.002126 -0.143663
0.9238766 0 0.3826903
255 255 255 255
0.126376 0.582042
0 0 0 0
1 0 0 0
0.935976 -0.001612 -0.143663
0.9238766 0 0.3826903
255 255 255 255
0.12588 0.582042
0 0 0 0
1 0 0 0
1.12326 -0.001612 -0.508186
-0.9807839 0 -0.1950968
255 255 255 255
0.130543 0.541363
0 0 0 0
1 0 0 0
1.12326 0.002126 -0.508186
-0.9807839 0 -0.1950968
255 255 255 255
0.130047 0.541363
0 0 0 0
1 0 0 0
1.163488 0.002126 -0.916632
-0.9987939 0 -0.0490997
255 255 255 255
0.130047 0.500684
0 0 0 0
1 0 0 0
1.163488 -0.001612 -0.916632
-0.9987939 0 -0.0490997
255 255 255 255
0.130543 0.500684
0 0 0 0
1 0 0 0
0.926763 -0.001612 -0.147479
0 1 0
255 255 255 255
0.875203 0.126342
0 0 0 0
1 0 0 0
1.041137 -0.001612 -0.524521
0 1 0
255 255 255 255
0.875203 0.187832
0 0 0 0
1 0 0 0
0.829206 -0.001612 -0.566677
0 1 0
255 255 255 255
0.9382 0.187832
0 0 0 0
1 0 0 0
0.727128 -0.001612 -0.23017
0 1 0
255 255 255 255
0.9382 0.126342
0 0 0 0
1 0 0 0
0.381696 -0.001612 -0.040094
0 1 0
255 255 255 255
0.124672 0.562987
0 0 0 0
1 0 0 0
0.202029 -0.001612 -0.160144
0 1 0
255 255 255 255
0.063037 0.562987
0 0 0 0
1 0 0 0
0.032691 -0.001612 0.046194
0 1 0
255 255 255 255
0.063037 0.624477
0 0 0 0
1 0 0 0
0.185485 -0.001612 0.198989
0 1 0
255 255 255 255
0.124672 0.624477
0 0 0 0
1 0 0 0
-0.05555 0.002126 -0.332252
-0.8314652 0 -0.5555767
255 255 255 255
0.128724 0.541363
0 0 0 0
1 0 0 0
-0.05555 -0.019725 -0.332252
-0.8314652 0 -0.5555767
255 255 255 255
0.125825 0.541363
0 0 0 0
1 0 0 0
-0.186361 -0.019725 -0.172857
-0.7071068 0 -0.7071068
255 255 255 255
0.125825 0.582042
0 0 0 0
1 0 0 0
-0.186361 0.002126 -0.172857
-0.7071068 0 -0.7071068
255 255 255 255
0.128724 0.582042
0 0 0 0
1 0 0 0
-0.047258 0.002126 -0.326711
0 1 0
255 255 255 255
0.130047 0.541363
0 0 0 0
1 0 0 0
-0.05555 0.002126 -0.332252
0 1 0
255 255 255 255
0.128724 0.541363
0 0 0 0
1 0 0 0
-0.186361 0.002126 -0.172857
0 1 0
255 255 255 255
0.128724 0.582042
0 0 0 0
1 0 0 0
-0.17931 0.002126 -0.165806
0 1 0
255 255 255 255
0.130047 0.582042
0 0 0 0
1 0 0 0
0.01407 -0.001612 -0.285734
0 1 0
255 255 255 255
0.156674 0.562318
0 0 0 0
1 0 0 0
-0.047258 -0.001612 -0.326711
0 1 0
255 255 255 255
0.171392 0.562318
0 0 0 0
1 0 0 0
-0.17931 -0.001612 -0.165806
0 1 0
255 255 255 255
0.171392 0.500504
0 0 0 0
1 0 0 0
-0.127154 -0.001612 -0.113651
0 1 0
255 255 255 255
0.156674 0.500504
0 0 0 0
1 0 0 0
0.01407 0.002126 -0.285734
-0.8314652 0 -0.5555767
255 255 255 255
0.126376 0.541363
0 0 0 0
1 0 0 0
0.01407 -0.001612 -0.285734
-0.8314652 0 -0.5555767
255 255 255 255
0.12588 0.541363
0 0 0 0
1 0 0 0
-0.127154 -0.001612 -0.113651
-0.7071068 0 -0.7071068
255 255 255 255
0.12588 0.582042
0 0 0 0
1 0 0 0
-0.127154 0.002126 -0.113651
-0.7071068 0 -0.7071068
255 255 255 255
0.126376 0.582042
0 0 0 0
1 0 0 0
0.022362 -0.001612 -0.280193
0 1 0
255 255 255 255
0.000225 0.562988
0 0 0 0
1 0 0 0
-0.120103 -0.001612 -0.106599
0 1 0
255 255 255 255
0.000225 0.501498
0 0 0 0
1 0 0 0
0.032691 -0.001612 0.046194
0 1 0
255 255 255 255
0.062967 0.501498
0 0 0 0
1 0 0 0
0.561362 -0.001612 0.079956
0 1 0
255 255 255 255
0.063037 0.562987
0 0 0 0
1 0 0 0
0.338279 -0.001612 0.351783
0 1 0
255 255 255 255
0.063037 0.624477
0 0 0 0
1 0 0 0
0.81894 -0.019725 0.252064
0.8314652 0 0.5555767
255 255 255 255
0.125825 0.541363
0 0 0 0
1 0 0 0
0.81894 0.002126 0.252064
0.8314652 0 0.5555767
255 255 255 255
0.128724 0.541363
0 0 0 0
1 0 0 0
0.557332 0.002126 0.570835
0.7071068 0 0.7071068
255 255 255 255
0.128724 0.582042
0 0 0 0
1 0 0 0
0.557332 -0.019725 0.570835
0.7071068 0 0.7071068
255 255 255 255
0.125825 0.582042
0 0 0 0
1 0 0 0
0.81894 0.002126 0.252064
0 1 0
255 255 255 255
0.128724 0.541363
0 0 0 0
1 0 0 0
0.810649 0.002126 0.246523
0 1 0
255 255 255 255
0.130047 0.541363
0 0 0 0
1 0 0 0
0.55028 0.002126 0.563783
0 1 0
255 255 255 255
0.130047 0.582042
0 0 0 0
1 0 0 0
0.557332 0.002126 0.570835
0 1 0
255 255 255 255
0.128724 0.582042
0 0 0 0
1 0 0 0
0.810649 -0.001612 0.246523
0 1 0
255 255 255 255
0.171392 0.562318
0 0 0 0
1 0 0 0
0.749321 -0.001612 0.205544
0 1 0
255 255 255 255
0.156674 0.562318
0 0 0 0
1 0 0 0
0.498125 -0.001612 0.511628
0 1 0
255 255 255 255
0.156674 0.500504
0 0 0 0
1 0 0 0
0.55028 -0.001612 0.563783
0 1 0
255 255 255 255
0.171392 0.500504
0 0 0 0
1 0 0 0
0.749321 -0.001612 0.205544
0.8314652 0 0.5555767
255 255 255 255
0.12588 0.541363
0 0 0 0
1 0 0 0
0.749321 0.002126 0.205544
0.8314652 0 0.5555767
255 255 255 255
0.126376 0.541363
0 0 0 0
1 0 0 0
0.498125 0.002126 0.511628
0.7071068 0 0.7071068
255 255 255 255
0.126376 0.582042
0 0 0 0
1 0 0 0
0.498125 -0.001612 0.511628
0.7071068 0 0.7071068
255 255 255 255
0.12588 0.582042
0 0 0 0
1 0 0 0
0.741029 -0.001612 0.200004
0 1 0
255 255 255 255
0.000225 0.562988
0 0 0 0
1 0 0 0
0.338279 -0.001612 0.351783
0 1 0
255 255 255 255
0.062967 0.501498
0 0 0 0
1 0 0 0
0.491073 -0.001612 0.504577
0 1 0
255 255 255 255
0.000225 0.501498
0 0 0 0
1 0 0 0
-0.293697 -0.001612 0.035866
0.4714081 0 0.8819152
255 255 255 255
0.128194 0.541363
0 0 0 0
1 0 0 0
-0.293697 0.002126 0.035866
0.4714081 0 0.8819152
255 255 255 255
0.127699 0.541363
0 0 0 0
1 0 0 0
-0.491749 0.002126 0.141726
0.4714081 0 0.8819152
255 255 255 255
0.127699 0.500684
0 0 0 0
1 0 0 0
-0.491749 -0.001612 0.141726
0.4714081 0 0.8819152
255 255 255 255
0.128194 0.500684
0 0 0 0
1 0 0 0
-0.491749 0.002126 0.141726
0 1 0
255 255 255 255
0.127699 0.500684
0 0 0 0
1 0 0 0
-0.293697 0.002126 0.035866
0 1 0
255 255 255 255
0.127699 0.541363
0 0 0 0
1 0 0 0
-0.299237 0.002126 0.027574
0 1 0
255 255 255 255
0.126376 0.541363
0 0 0 0
1 0 0 0
-0.495565 0.002126 0.132514
0 1 0
255 255 255 255
0.126376 0.500684
0 0 0 0
1 0 0 0
-0.340215 -0.001612 -0.033754
0.5555767 0 0.8314652
255 255 255 255
0.130543 0.541363
0 0 0 0
1 0 0 0
-0.340215 0.002126 -0.033754
0.5555767 0 0.8314652
255 255 255 255
0.130047 0.541363
0 0 0 0
1 0 0 0
-0.523791 0.002126 0.06437
0.3826903 0 0.9238766
255 255 255 255
0.130047 0.500684
0 0 0 0
1 0 0 0
-0.523791 -0.001612 0.06437
0.3826903 0 0.9238766
255 255 255 255
0.130543 0.500684
0 0 0 0
1 0 0 0
-0.664492 -0.001612 0.418847
0 1 0
255 255 255 255
0.93827 0.187832
0 0 0 0
1 0 0 0
-0.622336 -0.001612 0.630778
0 1 0
255 255 255 255
0.9998 0.187832
0 0 0 0
1 0 0 0
-0.326365 -0.001612 0.540996
0 1 0
255 255 255 255
0.9998 0.249322
0 0 0 0
1 0 0 0
-0.409057 -0.001612 0.341362
0 1 0
255 255 255 255
0.93827 0.249322
0 0 0 0
1 0 0 0
-0.706648 -0.001612 0.206916
0.09799868 0 0.9951866
255 255 255 255
0.128194 0.541363
0 0 0 0
1 0 0 0
-0.706648 0.002126 0.206916
0.09799868 0 0.9951866
255 255 255 255
0.127699 0.541363
0 0 0 0
1 0 0 0
-0.930136 0.002126 0.228928
0.09799868 0 0.9951866
255 255 255 255
0.127699 0.500684
0 0 0 0
1 0 0 0
-0.930136 -0.001612 0.228928
0.09799868 0 0.9951866
255 255 255 255
0.128194 0.500684
0 0 0 0
1 0 0 0
-0.724928 -0.019725 0.115013
-0.1950968 0 -0.9807839
255 255 255 255
0.125825 0.541363
0 0 0 0
1 0 0 0
-0.724928 0.002126 0.115013
-0.1950968 0 -0.9807839
255 255 255 255
0.128724 0.541363
0 0 0 0
1 0 0 0
-0.527608 0.002126 0.055157
-0.3826903 0 -0.9238766
255 255 255 255
0.128724 0.582042
0 0 0 0
1 0 0 0
-0.527608 -0.019725 0.055157
-0.3826903 0 -0.9238766
255 255 255 255
0.125825 0.582042
0 0 0 0
1 0 0 0
-0.527608 0.002126 0.055157
0 1 0
255 255 255 255
0.128724 0.582042
0 0 0 0
1 0 0 0
-0.724928 0.002126 0.115013
0 1 0
255 255 255 255
0.128724 0.541363
0 0 0 0
1 0 0 0
-0.722983 0.002126 0.124794
0 1 0
255 255 255 255
0.130047 0.541363
0 0 0 0
1 0 0 0
-0.523791 0.002126 0.06437
0 1 0
255 255 255 255
0.130047 0.582042
0 0 0 0
1 0 0 0
-0.930136 0.002126 0.228928
0 1 0
255 255 255 255
0.127699 0.500684
0 0 0 0
1 0 0 0
-0.706648 0.002126 0.206916
0 1 0
255 255 255 255
0.127699 0.541363
0 0 0 0
1 0 0 0
-0.708594 0.002126 0.197135
0 1 0
255 255 255 255
0.126376 0.541363
0 0 0 0
1 0 0 0
-0.930136 0.002126 0.218955
0 1 0
255 255 255 255
0.126376 0.500684
0 0 0 0
1 0 0 0
-0.523791 -0.001612 0.06437
0 1 0
255 255 255 255
0.146391 0.500504
0 0 0 0
1 0 0 0
-0.722983 -0.001612 0.124794
0 1 0
255 255 255 255
0.146391 0.562318
0 0 0 0
1 0 0 0
-0.708594 -0.001612 0.197135
0 1 0
255 255 255 255
0.131673 0.562318
0 0 0 0
1 0 0 0
-0.495565 -0.001612 0.132514
0 1 0
255 255 255 255
0.131673 0.500504
0 0 0 0
1 0 0 0
-0.708594 -0.001612 0.197135
-0.1950968 0 -0.9807839
255 255 255 255
0.12588 0.541363
0 0 0 0
1 0 0 0
-0.708594 0.002126 0.197135
-0.1950968 0 -0.9807839
255 255 255 255
0.126376 0.541363
0 0 0 0
1 0 0 0
-0.495565 0.002126 0.132514
-0.3826903 0 -0.9238766
255 255 255 255
0.126376 0.582042
0 0 0 0
1 0 0 0
-0.495565 -0.001612 0.132514
-0.3826903 0 -0.9238766
255 255 255 255
0.12588 0.582042
0 0 0 0
1 0 0 0
-0.722983 -0.001612 0.124794
0.1950968 0 0.9807839
255 255 255 255
0.130543 0.541363
0 0 0 0
1 0 0 0
-0.722983 0.002126 0.124794
0.1950968 0 0.9807839
255 255 255 255
0.130047 0.541363
0 0 0 0
1 0 0 0
-0.930136 0.002126 0.145197
0.0490997 0 0.9987939
255 255 255 255
0.130047 0.500684
0 0 0 0
1 0 0 0
-0.930136 -0.001612 0.145197
0.0490997 0 0.9987939
255 255 255 255
0.130543 0.500684
0 0 0 0
1 0 0 0
-0.491749 -0.001612 0.141726
0 1 0
255 255 255 255
0.875203 0.126342
0 0 0 0
1 0 0 0
-0.706648 -0.001612 0.206916
0 1 0
255 255 255 255
0.875203 0.187832
0 0 0 0
1 0 0 0
-0.664492 -0.001612 0.418847
0 1 0
255 255 255 255
0.9382 0.187832
0 0 0 0
1 0 0 0
-0.409057 -0.001612 0.341362
0 1 0
255 255 255 255
0.9382 0.126342
0 0 0 0
1 0 0 0
-0.160983 0.002126 0.940267
-0.4714081 0 -0.8819152
255 255 255 255
0.127699 0.500684
0 0 0 0
1 0 0 0
0.186502 0.002126 0.754532
-0.4714081 0 -0.8819152
255 255 255 255
0.127699 0.541363
0 0 0 0
1 0 0 0
0.186502 -0.001612 0.754532
-0.4714081 0 -0.8819152
255 255 255 255
0.128194 0.541363
0 0 0 0
1 0 0 0
-0.160983 -0.001612 0.940267
-0.4714081 0 -0.8819152
255 255 255 255
0.128194 0.500684
0 0 0 0
1 0 0 0
0.192041 0.002126 0.762824
0 1 0
255 255 255 255
0.126376 0.541363
0 0 0 0
1 0 0 0
0.186502 0.002126 0.754532
0 1 0
255 255 255 255
0.127699 0.541363
0 0 0 0
1 0 0 0
-0.160983 0.002126 0.940267
0 1 0
255 255 255 255
0.127699 0.500684
0 0 0 0
1 0 0 0
-0.157166 0.002126 0.94948
0 1 0
255 255 255 255
0.126376 0.500684
0 0 0 0
1 0 0 0
-0.12894 0.002126 1.017624
-0.3826903 0 -0.9238766
255 255 255 255
0.130047 0.500684
0 0 0 0
1 0 0 0
0.233019 0.002126 0.824152
-0.5555767 0 -0.8314652
255 255 255 255
0.130047 0.541363
0 0 0 0
1 0 0 0
0.233019 -0.001612 0.824152
-0.5555767 0 -0.8314652
255 255 255 255
0.130543 0.541363
0 0 0 0
1 0 0 0
-0.12894 -0.001612 1.017624
-0.3826903 0 -0.9238766
255 255 255 255
0.130543 0.500684
0 0 0 0
1 0 0 0
-0.58018 -0.001612 0.84271
0 1 0
255 255 255 255
0.93827 0.187832
0 0 0 0
1 0 0 0
-0.243674 -0.001612 0.740632
0 1 0
255 255 255 255
0.93827 0.249322
0 0 0 0
1 0 0 0
-0.930136 0.002126 1.093261
-0.09799868 0 -0.9951866
255 255 255 255
0.127699 0.500684
0 0 0 0
1 0 0 0
-0.538025 0.002126 1.054641
-0.09799868 0 -0.9951866
255 255 255 255
0.127699 0.541363
0 0 0 0
1 0 0 0
-0.538025 -0.001612 1.054641
-0.09799868 0 -0.9951866
255 255 255 255
0.128194 0.541363
0 0 0 0
1 0 0 0
-0.930136 -0.001612 1.093261
-0.09799868 0 -0.9951866
255 255 255 255
0.128194 0.500684
0 0 0 0
1 0 0 0
-0.125123 0.002126 1.026837
0.3826903 0 0.9238766
255 255 255 255
0.128724 0.582042
0 0 0 0
1 0 0 0
-0.519744 0.002126 1.146543
0.1950968 0 0.9807839
255 255 255 255
0.128724 0.541363
0 0 0 0
1 0 0 0
-0.519744 -0.019725 1.146543
0.1950968 0 0.9807839
255 255 255 255
0.125825 0.541363
0 0 0 0
1 0 0 0
-0.125123 -0.019725 1.026837
0.3826903 0 0.9238766
255 255 255 255
0.125825 0.582042
0 0 0 0
1 0 0 0
-0.521689 0.002126 1.136763
0 1 0
255 255 255 255
0.130047 0.541363
0 0 0 0
1 0 0 0
-0.519744 0.002126 1.146543
0 1 0
255 255 255 255
0.128724 0.541363
0 0 0 0
1 0 0 0
-0.125123 0.002126 1.026837
0 1 0
255 255 255 255
0.128724 0.582042
0 0 0 0
1 0 0 0
-0.12894 0.002126 1.017624
0 1 0
255 255 255 255
0.130047 0.582042
0 0 0 0
1 0 0 0
-0.536079 0.002126 1.064422
0 1 0
255 255 255 255
0.126376 0.541363
0 0 0 0
1 0 0 0
-0.538025 0.002126 1.054641
0 1 0
255 255 255 255
0.127699 0.541363
0 0 0 0
1 0 0 0
-0.930136 0.002126 1.093261
0 1 0
255 255 255 255
0.127699 0.500684
0 0 0 0
1 0 0 0
-0.930136 0.002126 1.103233
0 1 0
255 255 255 255
0.126376 0.500684
0 0 0 0
1 0 0 0
-0.536079 -0.001612 1.064422
0 1 0
255 255 255 255
0.131673 0.562318
0 0 0 0
1 0 0 0
-0.521689 -0.001612 1.136763
0 1 0
255 255 255 255
0.146391 0.562318
0 0 0 0
1 0 0 0
-0.12894 -0.001612 1.017624
0 1 0
255 255 255 255
0.146391 0.500504
0 0 0 0
1 0 0 0
-0.157166 -0.001612 0.94948
0 1 0
255 255 255 255
0.131673 0.500504
0 0 0 0
1 0 0 0
-0.157166 0.002126 0.94948
0.3826903 0 0.9238766
255 255 255 255
0.126376 0.582042
0 0 0 0
1 0 0 0
-0.536079 0.002126 1.064422
0.1950968 0 0.9807839
255 255 255 255
0.126376 0.541363
0 0 0 0
1 0 0 0
-0.536079 -0.001612 1.064422
0.1950968 0 0.9807839
255 255 255 255
0.12588 0.541363
0 0 0 0
1 0 0 0
-0.157166 -0.001612 0.94948
0.3826903 0 0.9238766
255 255 255 255
0.12588 0.582042
0 0 0 0
1 0 0 0
-0.930136 0.002126 1.176991
-0.0490997 0 -0.9987939
255 255 255 255
0.130047 0.500684
0 0 0 0
1 0 0 0
-0.521689 0.002126 1.136763
-0.1950968 0 -0.9807839
255 255 255 255
0.130047 0.541363
0 0 0 0
1 0 0 0
-0.521689 -0.001612 1.136763
-0.1950968 0 -0.9807839
255 255 255 255
0.130543 0.541363
0 0 0 0
1 0 0 0
-0.930136 -0.001612 1.176991
-0.0490997 0 -0.9987939
255 255 255 255
0.130543 0.500684
0 0 0 0
1 0 0 0
-0.58018 -0.001612 0.84271
0 1 0
255 255 255 255
0.9382 0.187832
0 0 0 0
1 0 0 0
-0.538025 -0.001612 1.054641
0 1 0
255 255 255 255
0.875203 0.187832
0 0 0 0
1 0 0 0
-0.160983 -0.001612 0.940267
0 1 0
255 255 255 255
0.875203 0.126342
0 0 0 0
1 0 0 0
-0.243674 -0.001612 0.740632
0 1 0
255 255 255 255
0.9382 0.126342
0 0 0 0
1 0 0 0
-0.173647 -0.001612 0.215533
0 1 0
255 255 255 255
0.063037 0.562987
0 0 0 0
1 0 0 0
-0.053598 -0.001612 0.395199
0 1 0
255 255 255 255
0.124672 0.562987
0 0 0 0
1 0 0 0
-0.345756 0.002126 -0.042046
-0.5555767 0 -0.8314652
255 255 255 255
0.128724 0.541363
0 0 0 0
1 0 0 0
-0.345756 -0.019725 -0.042046
-0.5555767 0 -0.8314652
255 255 255 255
0.125825 0.541363
0 0 0 0
1 0 0 0
-0.345756 0.002126 -0.042046
0 1 0
255 255 255 255
0.128724 0.541363
0 0 0 0
1 0 0 0
-0.340215 0.002126 -0.033754
0 1 0
255 255 255 255
0.130047 0.541363
0 0 0 0
1 0 0 0
-0.299237 -0.001612 0.027574
0 1 0
255 255 255 255
0.156674 0.562318
0 0 0 0
1 0 0 0
-0.340215 -0.001612 -0.033754
0 1 0
255 255 255 255
0.171392 0.562318
0 0 0 0
1 0 0 0
-0.299237 -0.001612 0.027574
-0.5555767 0 -0.8314652
255 255 255 255
0.12588 0.541363
0 0 0 0
1 0 0 0
-0.299237 0.002126 0.027574
-0.5555767 0 -0.8314652
255 255 255 255
0.126376 0.541363
0 0 0 0
1 0 0 0
-0.293697 -0.001612 0.035866
0 1 0
255 255 255 255
0.000225 0.562988
0 0 0 0
1 0 0 0
0.066452 -0.001612 0.574866
0 1 0
255 255 255 255
0.063037 0.562987
0 0 0 0
1 0 0 0
0.23856 -0.019725 0.832444
0.5555767 0 0.8314652
255 255 255 255
0.125825 0.541363
0 0 0 0
1 0 0 0
0.23856 0.002126 0.832444
0.5555767 0 0.8314652
255 255 255 255
0.128724 0.541363
0 0 0 0
1 0 0 0
0.233019 0.002126 0.824152
0 1 0
255 255 255 255
0.130047 0.541363
0 0 0 0
1 0 0 0
0.23856 0.002126 0.832444
0 1 0
255 255 255 255
0.128724 0.541363
0 0 0 0
1 0 0 0
0.233019 -0.001612 0.824152
0 1 0
255 255 255 255
0.171392 0.562318
0 0 0 0
1 0 0 0
0.192041 -0.001612 0.762824
0 1 0
255 255 255 255
0.156674 0.562318
0 0 0 0
1 0 0 0
0.192041 -0.001612 0.762824
0.5555767 0 0.8314652
255 255 255 255
0.12588 0.541363
0 0 0 0
1 0 0 0
0.192041 0.002126 0.762824
0.5555767 0 0.8314652
255 255 255 255
0.126376 0.541363
0 0 0 0
1 0 0 0
0.186502 -0.001612 0.754532
0 1 0
255 255 255 255
0.000225 0.562988
0 0 0 0
1 0 0 0
-0.120103 0.002126 -0.106599
0.7730029 0 0.6344025
255 255 255 255
0.127699 0.582042
0 0 0 0
1 0 0 0
-0.120103 -0.001612 -0.106599
0.7730029 0 0.6344025
255 255 255 255
0.128194 0.582042
0 0 0 0
1 0 0 0
0.022362 -0.001612 -0.280193
0.7730029 0 0.6344025
255 255 255 255
0.128194 0.541363
0 0 0 0
1 0 0 0
0.022362 0.002126 -0.280193
0.7730029 0 0.6344025
255 255 255 255
0.127699 0.541363
0 0 0 0
1 0 0 0
-0.127154 0.002126 -0.113651
0 1 0
255 255 255 255
0.126376 0.582042
0 0 0 0
1 0 0 0
-0.120103 0.002126 -0.106599
0 1 0
255 255 255 255
0.127699 0.582042
0 0 0 0
1 0 0 0
-0.17931 0.002126 -0.165806
0.7071068 0 0.7071068
255 255 255 255
0.130047 0.582042
0 0 0 0
1 0 0 0
-0.17931 -0.001612 -0.165806
0.7071068 0 0.7071068
255 255 255 255
0.130543 0.582042
0 0 0 0
1 0 0 0
0.647591 -0.001612 -0.916632
0 1 0
255 255 255 255
0.9998 0.126343
0 0 0 0
1 0 0 0
0.431508 -0.001612 -0.916632
0 1 0
255 255 255 255
0.93827 0.126342
0 0 0 0
1 0 0 0
0.128223 0.002126 -0.478245
0.9569327 0 0.2903099
255 255 255 255
0.127699 0.582042
0 0 0 0
1 0 0 0
0.128223 -0.001612 -0.478245
0.9569327 0 0.2903099
255 255 255 255
0.128194 0.582042
0 0 0 0
1 0 0 0
0.193412 -0.001612 -0.693144
0.9569327 0 0.2903099
255 255 255 255
0.128194 0.541363
0 0 0 0
1 0 0 0
0.193412 0.002126 -0.693144
0.9569327 0 0.2903099
255 255 255 255
0.127699 0.541363
0 0 0 0
1 0 0 0
0.12172 0.002126 -0.916632
-0.9987939 0 -0.0490997
255 255 255 255
0.128724 0.500684
0 0 0 0
1 0 0 0
0.12172 -0.019725 -0.916632
-0.9987939 0 -0.0490997
255 255 255 255
0.125825 0.500684
0 0 0 0
1 0 0 0
0.131693 0.002126 -0.916632
0 1 0
255 255 255 255
0.130047 0.500684
0 0 0 0
1 0 0 0
0.12172 0.002126 -0.916632
0 1 0
255 255 255 255
0.128724 0.500684
0 0 0 0
1 0 0 0
0.11901 0.002126 -0.482061
0 1 0
255 255 255 255
0.126376 0.582042
0 0 0 0
1 0 0 0
0.128223 0.002126 -0.478245
0 1 0
255 255 255 255
0.127699 0.582042
0 0 0 0
1 0 0 0
0.205452 -0.001612 -0.916632
0 1 0
255 255 255 255
0.131673 0.624131
0 0 0 0
1 0 0 0
0.131693 -0.001612 -0.916632
0 1 0
255 255 255 255
0.146391 0.624131
0 0 0 0
1 0 0 0
0.205452 0.002126 -0.916632
-0.9987939 0 -0.0490997
255 255 255 255
0.126376 0.500684
0 0 0 0
1 0 0 0
0.205452 -0.001612 -0.916632
-0.9987939 0 -0.0490997
255 255 255 255
0.12588 0.500684
0 0 0 0
1 0 0 0
0.050865 0.002126 -0.510287
0.9238766 0 0.3826903
255 255 255 255
0.130047 0.582042
0 0 0 0
1 0 0 0
0.050865 -0.001612 -0.510287
0.9238766 0 0.3826903
255 255 255 255
0.130543 0.582042
0 0 0 0
1 0 0 0
0.431508 -0.001612 -0.916632
0 1 0
255 255 255 255
0.9382 0.249322
0 0 0 0
1 0 0 0
0.215425 -0.001612 -0.916632
0 1 0
255 255 255 255
0.875203 0.249322
0 0 0 0
1 0 0 0
0.491073 -0.001612 0.504577
-0.7730029 0 -0.6344025
255 255 255 255
0.128194 0.582042
0 0 0 0
1 0 0 0
0.491073 0.002126 0.504577
-0.7730029 0 -0.6344025
255 255 255 255
0.127699 0.582042
0 0 0 0
1 0 0 0
0.741029 0.002126 0.200004
-0.7730029 0 -0.6344025
255 255 255 255
0.127699 0.541363
0 0 0 0
1 0 0 0
0.741029 -0.001612 0.200004
-0.7730029 0 -0.6344025
255 255 255 255
0.128194 0.541363
0 0 0 0
1 0 0 0
0.491073 0.002126 0.504577
0 1 0
255 255 255 255
0.127699 0.582042
0 0 0 0
1 0 0 0
0.498125 0.002126 0.511628
0 1 0
255 255 255 255
0.126376 0.582042
0 0 0 0
1 0 0 0
0.55028 -0.001612 0.563783
-0.7071068 0 -0.7071068
255 255 255 255
0.130543 0.582042
0 0 0 0
1 0 0 0
0.55028 0.002126 0.563783
-0.7071068 0 -0.7071068
255 255 255 255
0.130047 0.582042
0 0 0 0
1 0 0 0
0.863674 -0.001612 -0.916632
0 1 0
255 255 255 255
0.93827 0.126342
0 0 0 0
1 0 0 0
0.926763 -0.001612 -0.147479
-0.9569327 0 -0.2903099
255 255 255 255
0.128194 0.582042
0 0 0 0
1 0 0 0
0.926763 0.002126 -0.147479
-0.9569327 0 -0.2903099
255 255 255 255
0.127699 0.582042
0 0 0 0
1 0 0 0
1.041137 0.002126 -0.524521
-0.9569327 0 -0.2903099
255 255 255 255
0.127699 0.541363
0 0 0 0
1 0 0 0
1.041137 -0.001612 -0.524521
-0.9569327 0 -0.2903099
255 255 255 255
0.128194 0.541363
0 0 0 0
1 0 0 0
1.173461 -0.019725 -0.916632
0.9987939 0 0.0490997
255 255 255 255
0.125825 0.500684
0 0 0 0
1 0 0 0
1.173461 0.002126 -0.916632
0.9987939 0 0.0490997
255 255 255 255
0.128724 0.500684
0 0 0 0
1 0 0 0
1.173461 0.002126 -0.916632
0 1 0
255 255 255 255
0.128724 0.500684
0 0 0 0
1 0 0 0
1.163488 0.002126 -0.916632
0 1 0
255 255 255 255
0.130047 0.500684
0 0 0 0
1 0 0 0
0.926763 0.002126 -0.147479
0 1 0
255 255 255 255
0.127699 0.582042
0 0 0 0
1 0 0 0
0.935976 0.002126 -0.143663
0 1 0
255 255 255 255
0.126376 0.582042
0 0 0 0
1 0 0 0
1.163488 -0.001612 -0.916632
0 1 0
255 255 255 255
0.146391 0.624131
0 0 0 0
1 0 0 0
1.089729 -0.001612 -0.916632
0 1 0
255 255 255 255
0.131673 0.624131
0 0 0 0
1 0 0 0
1.089729 -0.001612 -0.916632
0.9987939 0 0.0490997
255 255 255 255
0.12588 0.500684
0 0 0 0
1 0 0 0
1.089729 0.002126 -0.916632
0.9987939 0 0.0490997
255 255 255 255
0.126376 0.500684
0 0 0 0
1 0 0 0
1.00412 -0.001612 -0.115436
-0.9238766 0 -0.3826903
255 255 255 255
0.130543 0.582042
0 0 0 0
1 0 0 0
1.00412 0.002126 -0.115436
-0.9238766 0 -0.3826903
255 255 255 255
0.130047 0.582042
0 0 0 0
1 0 0 0
1.079757 -0.001612 -0.916632
0 1 0
255 255 255 255
0.875203 0.249322
0 0 0 0
1 0 0 0
0.863674 -0.001612 -0.916632
0 1 0
255 255 255 255
0.9382 0.249322
0 0 0 0
1 0 0 0
0.527493 -0.001612 -0.312862
0 1 0
255 255 255 255
0.124672 0.501498
0 0 0 0
1 0 0 0
0.327858 -0.001612 -0.395553
0 1 0
255 255 255 255
0.063037 0.501498
0 0 0 0
1 0 0 0
0.041652 0.002126 -0.514104
-0.9238766 0 -0.3826903
255 255 255 255
0.128724 0.500684
0 0 0 0
1 0 0 0
0.041652 -0.019725 -0.514104
-0.9238766 0 -0.3826903
255 255 255 255
0.125825 0.500684
0 0 0 0
1 0 0 0
0.050865 0.002126 -0.510287
0 1 0
255 255 255 255
0.130047 0.500684
0 0 0 0
1 0 0 0
0.041652 0.002126 -0.514104
0 1 0
255 255 255 255
0.128724 0.500684
0 0 0 0
1 0 0 0
0.11901 -0.001612 -0.482061
0 1 0
255 255 255 255
0.156674 0.624132
0 0 0 0
1 0 0 0
0.050865 -0.001612 -0.510287
0 1 0
255 255 255 255
0.171392 0.624132
0 0 0 0
1 0 0 0
0.11901 0.002126 -0.482061
-0.9238766 0 -0.3826903
255 255 255 255
0.126376 0.500684
0 0 0 0
1 0 0 0
0.11901 -0.001612 -0.482061
-0.9238766 0 -0.3826903
255 255 255 255
0.12588 0.500684
0 0 0 0
1 0 0 0
0.327858 -0.001612 -0.395553
0 1 0
255 255 255 255
0.062967 0.624477
0 0 0 0
1 0 0 0
0.128223 -0.001612 -0.478245
0 1 0
255 255 255 255
0.000225 0.624477
0 0 0 0
1 0 0 0
0.727128 -0.001612 -0.23017
0 1 0
255 255 255 255
0.063037 0.501498
0 0 0 0
1 0 0 0
1.013333 -0.019725 -0.111621
0.9238766 0 0.3826903
255 255 255 255
0.125825 0.500684
0 0 0 0
1 0 0 0
1.013333 0.002126 -0.111621
0.9238766 0 0.3826903
255 255 255 255
0.128724 0.500684
0 0 0 0
1 0 0 0
1.013333 0.002126 -0.111621
0 1 0
255 255 255 255
0.128724 0.500684
0 0 0 0
1 0 0 0
1.00412 0.002126 -0.115436
0 1 0
255 255 255 255
0.130047 0.500684
0 0 0 0
1 0 0 0
1.00412 -0.001612 -0.115436
0 1 0
255 255 255 255
0.171392 0.624132
0 0 0 0
1 0 0 0
0.935976 -0.001612 -0.143663
0 1 0
255 255 255 255
0.156674 0.624132
0 0 0 0
1 0 0 0
0.935976 -0.001612 -0.143663
0.9238766 0 0.3826903
255 255 255 255
0.12588 0.500684
0 0 0 0
1 0 0 0
0.935976 0.002126 -0.143663
0.9238766 0 0.3826903
255 255 255 255
0.126376 0.500684
0 0 0 0
1 0 0 0
0.926763 -0.001612 -0.147479
0 1 0
255 255 255 255
0.000225 0.624477
0 0 0 0
1 0 0 0
0.727128 -0.001612 -0.23017
0 1 0
255 255 255 255
0.062967 0.624477
0 0 0 0
1 0 0 0
-0.120103 -0.001612 -0.106599
0.6344025 0 0.7730029
255 255 255 255
0.128194 0.582042
0 0 0 0
1 0 0 0
-0.120103 0.002126 -0.106599
0.6344025 0 0.7730029
255 255 255 255
0.127699 0.582042
0 0 0 0
1 0 0 0
-0.293697 0.002126 0.035866
0.6344025 0 0.7730029
255 255 255 255
0.127699 0.541363
0 0 0 0
1 0 0 0
-0.293697 -0.001612 0.035866
0.6344025 0 0.7730029
255 255 255 255
0.128194 0.541363
0 0 0 0
1 0 0 0
-0.930136 -0.001612 0.445011
0 1 0
255 255 255 255
0.93827 0.126342
0 0 0 0
1 0 0 0
-0.930136 -0.001612 0.661095
0 1 0
255 255 255 255
0.9998 0.126343
0 0 0 0
1 0 0 0
-0.491749 -0.001612 0.141726
0.2903099 0 0.9569327
255 255 255 255
0.128194 0.582042
0 0 0 0
1 0 0 0
-0.491749 0.002126 0.141726
0.2903099 0 0.9569327
255 255 255 255
0.127699 0.582042
0 0 0 0
1 0 0 0
-0.706648 0.002126 0.206916
0.2903099 0 0.9569327
255 255 255 255
0.127699 0.541363
0 0 0 0
1 0 0 0
-0.706648 -0.001612 0.206916
0.2903099 0 0.9569327
255 255 255 255
0.128194 0.541363
0 0 0 0
1 0 0 0
-0.930136 -0.019725 0.135224
-0.0490997 0 -0.9987939
255 255 255 255
0.125825 0.500684
0 0 0 0
1 0 0 0
-0.930136 0.002126 0.135224
-0.0490997 0 -0.9987939
255 255 255 255
0.128724 0.500684
0 0 0 0
1 0 0 0
-0.930136 0.002126 0.135224
0 1 0
255 255 255 255
0.128724 0.500684
0 0 0 0
1 0 0 0
-0.930136 0.002126 0.145197
0 1 0
255 255 255 255
0.130047 0.500684
0 0 0 0
1 0 0 0
-0.491749 0.002126 0.141726
0 1 0
255 255 255 255
0.127699 0.582042
0 0 0 0
1 0 0 0
-0.495565 0.002126 0.132514
0 1 0
255 255 255 255
0.126376 0.582042
0 0 0 0
1 0 0 0
-0.930136 -0.001612 0.145197
0 1 0
255 255 255 255
0.146391 0.624131
0 0 0 0
1 0 0 0
-0.930136 -0.001612 0.218955
0 1 0
255 255 255 255
0.131673 0.624131
0 0 0 0
1 0 0 0
-0.930136 -0.001612 0.218955
-0.0490997 0 -0.9987939
255 255 255 255
0.12588 0.500684
0 0 0 0
1 0 0 0
-0.930136 0.002126 0.218955
-0.0490997 0 -0.9987939
255 255 255 255
0.126376 0.500684
0 0 0 0
1 0 0 0
-0.523791 -0.001612 0.06437
0.3826903 0 0.9238766
255 255 255 255
0.130543 0.582042
0 0 0 0
1 0 0 0
-0.523791 0.002126 0.06437
0.3826903 0 0.9238766
255 255 255 255
0.130047 0.582042
0 0 0 0
1 0 0 0
-0.930136 -0.001612 0.228928
0 1 0
255 255 255 255
0.875203 0.249322
0 0 0 0
1 0 0 0
-0.930136 -0.001612 0.445011
0 1 0
255 255 255 255
0.9382 0.249322
0 0 0 0
1 0 0 0
0.491073 0.002126 0.504577
-0.6344025 0 -0.7730029
255 255 255 255
0.127699 0.582042
0 0 0 0
1 0 0 0
0.491073 -0.001612 0.504577
-0.6344025 0 -0.7730029
255 255 255 255
0.128194 0.582042
0 0 0 0
1 0 0 0
0.186502 -0.001612 0.754532
-0.6344025 0 -0.7730029
255 255 255 255
0.128194 0.541363
0 0 0 0
1 0 0 0
0.186502 0.002126 0.754532
-0.6344025 0 -0.7730029
255 255 255 255
0.127699 0.541363
0 0 0 0
1 0 0 0
-0.930136 -0.001612 0.877177
0 1 0
255 255 255 255
0.93827 0.126342
0 0 0 0
1 0 0 0
-0.160983 0.002126 0.940267
-0.2903099 0 -0.9569327
255 255 255 255
0.127699 0.582042
0 0 0 0
1 0 0 0
-0.160983 -0.001612 0.940267
-0.2903099 0 -0.9569327
255 255 255 255
0.128194 0.582042
0 0 0 0
1 0 0 0
-0.538025 -0.001612 1.054641
-0.2903099 0 -0.9569327
255 255 255 255
0.128194 0.541363
0 0 0 0
1 0 0 0
-0.538025 0.002126 1.054641
-0.2903099 0 -0.9569327
255 255 255 255
0.127699 0.541363
0 0 0 0
1 0 0 0
-0.930136 0.002126 1.186965
0.0490997 0 0.9987939
255 255 255 255
0.128724 0.500684
0 0 0 0
1 0 0 0
-0.930136 -0.019725 1.186965
0.0490997 0 0.9987939
255 255 255 255
0.125825 0.500684
0 0 0 0
1 0 0 0
-0.930136 0.002126 1.176991
0 1 0
255 255 255 255
0.130047 0.500684
0 0 0 0
1 0 0 0
-0.930136 0.002126 1.186965
0 1 0
255 255 255 255
0.128724 0.500684
0 0 0 0
1 0 0 0
-0.157166 0.002126 0.94948
0 1 0
255 255 255 255
0.126376 0.582042
0 0 0 0
1 0 0 0
-0.160983 0.002126 0.940267
0 1 0
255 255 255 255
0.127699 0.582042
0 0 0 0
1 0 0 0
-0.930136 -0.001612 1.103233
0 1 0
255 255 255 255
0.131673 0.624131
0 0 0 0
1 0 0 0
-0.930136 -0.001612 1.176991
0 1 0
255 255 255 255
0.146391 0.624131
0 0 0 0
1 0 0 0
-0.930136 0.002126 1.103233
0.0490997 0 0.9987939
255 255 255 255
0.126376 0.500684
0 0 0 0
1 0 0 0
-0.930136 -0.001612 1.103233
0.0490997 0 0.9987939
255 255 255 255
0.12588 0.500684
0 0 0 0
1 0 0 0
-0.12894 0.002126 1.017624
-0.3826903 0 -0.9238766
255 255 255 255
0.130047 0.582042
0 0 0 0
1 0 0 0
-0.12894 -0.001612 1.017624
-0.3826903 0 -0.9238766
255 255 255 255
0.130543 0.582042
0 0 0 0
1 0 0 0
-0.930136 -0.001612 0.877177
0 1 0
255 255 255 255
0.9382 0.249322
0 0 0 0
1 0 0 0
-0.930136 -0.001612 1.093261
0 1 0
255 255 255 255
0.875203 0.249322
0 0 0 0
1 0 0 0
-0.409057 -0.001612 0.341362
0 1 0
255 255 255 255
0.063037 0.501498
0 0 0 0
1 0 0 0
-0.326365 -0.001612 0.540996
0 1 0
255 255 255 255
0.124672 0.501498
0 0 0 0
1 0 0 0
-0.527608 -0.019725 0.055157
-0.3826903 0 -0.9238766
255 255 255 255
0.125825 0.500684
0 0 0 0
1 0 0 0
-0.527608 0.002126 0.055157
-0.3826903 0 -0.9238766
255 255 255 255
0.128724 0.500684
0 0 0 0
1 0 0 0
-0.527608 0.002126 0.055157
0 1 0
255 255 255 255
0.128724 0.500684
0 0 0 0
1 0 0 0
-0.523791 0.002126 0.06437
0 1 0
255 255 255 255
0.130047 0.500684
0 0 0 0
1 0 0 0
-0.523791 -0.001612 0.06437
0 1 0
255 255 255 255
0.171392 0.624132
0 0 0 0
1 0 0 0
-0.495565 -0.001612 0.132514
0 1 0
255 255 255 255
0.156674 0.624132
0 0 0 0
1 0 0 0
-0.495565 -0.001612 0.132514
-0.3826903 0 -0.9238766
255 255 255 255
0.12588 0.500684
0 0 0 0
1 0 0 0
-0.495565 0.002126 0.132514
-0.3826903 0 -0.9238766
255 255 255 255
0.126376 0.500684
0 0 0 0
1 0 0 0
-0.491749 -0.001612 0.141726
0 1 0
255 255 255 255
0.000225 0.624477
0 0 0 0
1 0 0 0
-0.409057 -0.001612 0.341362
0 1 0
255 255 255 255
0.062967 0.624477
0 0 0 0
1 0 0 0
-0.243674 -0.001612 0.740632
0 1 0
255 255 255 255
0.063037 0.501498
0 0 0 0
1 0 0 0
-0.125123 0.002126 1.026837
0.3826903 0 0.9238766
255 255 255 255
0.128724 0.500684
0 0 0 0
1 0 0 0
-0.125123 -0.019725 1.026837
0.3826903 0 0.9238766
255 255 255 255
0.125825 0.500684
0 0 0 0
1 0 0 0
-0.12894 0.002126 1.017624
0 1 0
255 255 255 255
0.130047 0.500684
0 0 0 0
1 0 0 0
-0.125123 0.002126 1.026837
0 1 0
255 255 255 255
0.128724 0.500684
0 0 0 0
1 0 0 0
-0.157166 -0.001612 0.94948
0 1 0
255 255 255 255
0.156674 0.624132
0 0 0 0
1 0 0 0
-0.12894 -0.001612 1.017624
0 1 0
255 255 255 255
0.171392 0.624132
0 0 0 0
1 0 0 0
-0.157166 0.002126 0.94948
0.3826903 0 0.9238766
255 255 255 255
0.126376 0.500684
0 0 0 0
1 0 0 0
-0.157166 -0.001612 0.94948
0.3826903 0 0.9238766
255 255 255 255
0.12588 0.500684
0 0 0 0
1 0 0 0
-0.243674 -0.001612 0.740632
0 1 0
255 255 255 255
0.062967 0.624477
0 0 0 0
1 0 0 0
-0.160983 -0.001612 0.940267
0 1 0
255 255 255 255
0.000225 0.624477
0 0 0 0
1 0 0 0
-0.930136 -0.001612 0.661095
0 1 0
255 255 255 255
0.9998 0.200715
0 0 0 0
1 0 0 0
-1.304828 -0.001611 0.661095
0 1 0
255 255 255 255
0.9998 0.126343
0 0 0 0
1 0 0 0
-1.304828 -0.001611 0.877177
0 1 0
255 255 255 255
0.93827 0.126342
0 0 0 0
1 0 0 0
-0.930136 -0.001612 0.877177
0 1 0
255 255 255 255
0.93827 0.200715
0 0 0 0
1 0 0 0
-1.304828 -0.001611 1.093261
0 0 -1
255 255 255 255
0.128194 0.500684
0 0 0 0
1 0 0 0
-1.304828 0.002127 1.093261
0 0 -1
255 255 255 255
0.127699 0.500684
0 0 0 0
1 0 0 0
-0.930136 0.002126 1.093261
0 0 -1
255 255 255 255
0.127699 0.549886
0 0 0 0
1 0 0 0
-0.930136 -0.001612 1.093261
0 0 -1
255 255 255 255
0.128194 0.549886
0 0 0 0
1 0 0 0
-0.930136 -0.019725 1.186965
0.0490997 0 0.9987939
255 255 255 255
0.125825 0.549886
0 0 0 0
1 0 0 0
-0.930136 0.002126 1.186965
0.0490997 0 0.9987939
255 255 255 255
0.128725 0.549886
0 0 0 0
1 0 0 0
-1.304828 0.002127 1.186965
0 0 1
255 255 255 255
0.128724 0.500684
0 0 0 0
1 0 0 0
-1.304828 -0.019725 1.186965
0 0 1
255 255 255 255
0.125825 0.500684
0 0 0 0
1 0 0 0
-0.930136 0.002126 1.186965
0 1 0
255 255 255 255
0.128725 0.549886
0 0 0 0
1 0 0 0
-0.930136 0.002126 1.176991
0 1 0
255 255 255 255
0.130047 0.549886
0 0 0 0
1 0 0 0
-1.304828 0.002127 1.176991
0 1 0
255 255 255 255
0.130047 0.500684
0 0 0 0
1 0 0 0
-1.304828 0.002127 1.186965
0 1 0
255 255 255 255
0.128724 0.500684
0 0 0 0
1 0 0 0
-1.304828 0.002127 1.093261
0 1 0
255 255 255 255
0.127699 0.500684
0 0 0 0
1 0 0 0
-1.304828 0.002127 1.103233
0 1 0
255 255 255 255
0.126376 0.500684
0 0 0 0
1 0 0 0
-0.930136 0.002126 1.103233
0 1 0
255 255 255 255
0.126377 0.549886
0 0 0 0
1 0 0 0
-0.930136 0.002126 1.093261
0 1 0
255 255 255 255
0.127699 0.549886
0 0 0 0
1 0 0 0
-0.930136 -0.001612 1.176991
0 1 0
255 255 255 255
0.146391 0.549367
0 0 0 0
1 0 0 0
-0.930136 -0.001612 1.103233
0 1 0
255 255 255 255
0.131673 0.549367
0 0 0 0
1 0 0 0
-1.304828 -0.001611 1.103233
0 1 0
255 255 255 255
0.131673 0.624131
0 0 0 0
1 0 0 0
-1.304828 -0.001611 1.176991
0 1 0
255 255 255 255
0.146391 0.624131
0 0 0 0
1 0 0 0
-1.304828 -0.001611 1.103233
0 0 1
255 255 255 255
0.12588 0.500684
0 0 0 0
1 0 0 0
-0.930136 -0.001612 1.103233
0.0490997 0 0.9987939
255 255 255 255
0.12588 0.549886
0 0 0 0
1 0 0 0
-0.930136 0.002126 1.103233
0.0490997 0 0.9987939
255 255 255 255
0.126377 0.549886
0 0 0 0
1 0 0 0
-1.304828 0.002127 1.103233
0 0 1
255 255 255 255
0.126376 0.500684
0 0 0 0
1 0 0 0
-0.930136 -0.001612 1.176991
-0.0490997 0 -0.9987939
255 255 255 255
0.130543 0.549886
0 0 0 0
1 0 0 0
-1.304828 -0.001611 1.176991
0 0 -1
255 255 255 255
0.130543 0.500684
0 0 0 0
1 0 0 0
-1.304828 0.002127 1.176991
0 0 -1
255 255 255 255
0.130047 0.500684
0 0 0 0
1 0 0 0
-0.930136 0.002126 1.176991
-0.0490997 0 -0.9987939
255 255 255 255
0.130047 0.549886
0 0 0 0
1 0 0 0
-0.930136 -0.001612 1.093261
0 1 0
255 255 255 255
0.875203 0.174949
0 0 0 0
1 0 0 0
-0.930136 -0.001612 0.877177
0 1 0
255 255 255 255
0.9382 0.174949
0 0 0 0
1 0 0 0
-1.304828 -0.001611 0.877177
0 1 0
255 255 255 255
0.9382 0.249322
0 0 0 0
1 0 0 0
-1.304828 -0.001611 1.093261
0 1 0
255 255 255 255
0.875203 0.249322
0 0 0 0
1 0 0 0
-0.930136 -0.001612 0.445011
0 1 0
255 255 255 255
0.93827 0.200715
0 0 0 0
1 0 0 0
-1.304828 -0.001611 0.445011
0 1 0
255 255 255 255
0.93827 0.126342
0 0 0 0
1 0 0 0
-1.304828 -0.001611 0.228928
0 0 1
255 255 255 255
0.128194 0.500684
0 0 0 0
1 0 0 0
-0.930136 -0.001612 0.228928
0 0 1
255 255 255 255
0.128194 0.549886
0 0 0 0
1 0 0 0
-0.930136 0.002126 0.228928
0 0 1
255 255 255 255
0.1277 0.549886
0 0 0 0
1 0 0 0
-1.304828 0.002127 0.228928
0 0 1
255 255 255 255
0.127699 0.500684
0 0 0 0
1 0 0 0
-0.930136 -0.019725 0.135224
-0.0490997 0 -0.9987939
255 255 255 255
0.125825 0.549886
0 0 0 0
1 0 0 0
-1.304828 -0.019725 0.135224
0 0 -1
255 255 255 255
0.125825 0.500684
0 0 0 0
1 0 0 0
-1.304828 0.002127 0.135224
0 0 -1
255 255 255 255
0.128724 0.500684
0 0 0 0
1 0 0 0
-0.930136 0.002126 0.135224
-0.0490997 0 -0.9987939
255 255 255 255
0.128724 0.549886
0 0 0 0
1 0 0 0
-0.930136 0.002126 0.135224
0 1 0
255 255 255 255
0.128724 0.549886
0 0 0 0
1 0 0 0
-1.304828 0.002127 0.135224
0 1 0
255 255 255 255
0.128724 0.500684
0 0 0 0
1 0 0 0
-1.304828 0.002127 0.145197
0 1 0
255 255 255 255
0.130047 0.500684
0 0 0 0
1 0 0 0
-0.930136 0.002126 0.145197
0 1 0
255 255 255 255
0.130048 0.549886
0 0 0 0
1 0 0 0
-1.304828 0.002127 0.228928
0 1 0
255 255 255 255
0.127699 0.500684
0 0 0 0
1 0 0 0
-0.930136 0.002126 0.228928
0 1 0
255 255 255 255
0.1277 0.549886
0 0 0 0
1 0 0 0
-0.930136 0.002126 0.218955
0 1 0
255 255 255 255
0.126376 0.549886
0 0 0 0
1 0 0 0
-1.304828 0.002127 0.218955
0 1 0
255 255 255 255
0.126376 0.500684
0 0 0 0
1 0 0 0
-0.930136 -0.001612 0.145197
0 1 0
255 255 255 255
0.146391 0.549367
0 0 0 0
1 0 0 0
-1.304828 -0.001611 0.145197
0 1 0
255 255 255 255
0.146391 0.624131
0 0 0 0
1 0 0 0
-1.304828 -0.001611 0.218955
0 1 0
255 255 255 255
0.131673 0.624131
0 0 0 0
1 0 0 0
-0.930136 -0.001612 0.218955
0 1 0
255 255 255 255
0.131673 0.549367
0 0 0 0
1 0 0 0
-1.304828 -0.001611 0.218955
0 0 -1
255 255 255 255
0.12588 0.500684
0 0 0 0
1 0 0 0
-1.304828 0.002127 0.218955
0 0 -1
255 255 255 255
0.126376 0.500684
0 0 0 0
1 0 0 0
-0.930136 0.002126 0.218955
-0.0490997 0 -0.9987939
255 255 255 255
0.126376 0.549886
0 0 0 0
1 0 0 0
-0.930136 -0.001612 0.218955
-0.0490997 0 -0.9987939
255 255 255 255
0.12588 0.549886
0 0 0 0
1 0 0 0
-0.930136 -0.001612 0.145197
0.0490997 0 0.9987939
255 255 255 255
0.130543 0.549886
0 0 0 0
1 0 0 0
-0.930136 0.002126 0.145197
0.0490997 0 0.9987939
255 255 255 255
0.130048 0.549886
0 0 0 0
1 0 0 0
-1.304828 0.002127 0.145197
0 0 1
255 255 255 255
0.130047 0.500684
0 0 0 0
1 0 0 0
-1.304828 -0.001611 0.145197
0 0 1
255 255 255 255
0.130543 0.500684
0 0 0 0
1 0 0 0
-0.930136 -0.001612 0.228928
0 1 0
255 255 255 255
0.875203 0.174949
0 0 0 0
1 0 0 0
-1.304828 -0.001611 0.228928
0 1 0
255 255 255 255
0.875203 0.249322
0 0 0 0
1 0 0 0
-1.304828 -0.001611 0.445011
0 1 0
255 255 255 255
0.9382 0.249322
0 0 0 0
1 0 0 0
-0.930136 -0.001612 0.445011
0 1 0
255 255 255 255
0.9382 0.174949
0 0 0 0
1 0 0 0
0.647591 -0.001612 -0.916632
0 1 0
255 255 255 255
0.9998 0.200716
0 0 0 0
1 0 0 0
0.647592 -0.001611 -1.291326
0 1 0
255 255 255 255
0.9998 0.126343
0 0 0 0
1 0 0 0
0.431508 -0.001611 -1.291326
0 1 0
255 255 255 255
0.93827 0.126342
0 0 0 0
1 0 0 0
0.431508 -0.001612 -0.916632
0 1 0
255 255 255 255
0.93827 0.200716
0 0 0 0
1 0 0 0
0.215425 -0.001611 -1.291326
1 0 0
255 255 255 255
0.128194 0.500684
0 0 0 0
1 0 0 0
0.215425 0.002127 -1.291326
1 0 0
255 255 255 255
0.127699 0.500684
0 0 0 0
1 0 0 0
0.215425 0.002126 -0.916632
1 0 0
255 255 255 255
0.127699 0.549886
0 0 0 0
1 0 0 0
0.215425 -0.001612 -0.916632
1 0 0
255 255 255 255
0.128194 0.549886
0 0 0 0
1 0 0 0
0.12172 -0.019725 -0.916632
-0.9987939 0 -0.0490997
255 255 255 255
0.125825 0.549887
0 0 0 0
1 0 0 0
0.12172 0.002126 -0.916632
-0.9987939 0 -0.0490997
255 255 255 255
0.128725 0.549887
0 0 0 0
1 0 0 0
0.121721 0.002127 -1.291326
-1 0 0
255 255 255 255
0.128724 0.500684
0 0 0 0
1 0 0 0
0.121721 -0.019725 -1.291326
-1 0 0
255 255 255 255
0.125825 0.500684
0 0 0 0
1 0 0 0
0.12172 0.002126 -0.916632
0 1 0
255 255 255 255
0.128725 0.549887
0 0 0 0
1 0 0 0
0.131693 0.002126 -0.916632
0 1 0
255 255 255 255
0.130047 0.549887
0 0 0 0
1 0 0 0
0.131693 0.002127 -1.291326
0 1 0
255 255 255 255
0.130047 0.500684
0 0 0 0
1 0 0 0
0.121721 0.002127 -1.291326
0 1 0
255 255 255 255
0.128724 0.500684
0 0 0 0
1 0 0 0
0.215425 0.002127 -1.291326
0 1 0
255 255 255 255
0.127699 0.500684
0 0 0 0
1 0 0 0
0.205453 0.002127 -1.291326
0 1 0
255 255 255 255
0.126376 0.500684
0 0 0 0
1 0 0 0
0.205452 0.002126 -0.916632
0 1 0
255 255 255 255
0.126377 0.549886
0 0 0 0
1 0 0 0
0.215425 0.002126 -0.916632
0 1 0
255 255 255 255
0.127699 0.549886
0 0 0 0
1 0 0 0
0.131693 -0.001612 -0.916632
0 1 0
255 255 255 255
0.146391 0.549366
0 0 0 0
1 0 0 0
0.205452 -0.001612 -0.916632
0 1 0
255 255 255 255
0.131673 0.549366
0 0 0 0
1 0 0 0
0.205453 -0.001611 -1.291326
0 1 0
255 255 255 255
0.131673 0.624131
0 0 0 0
1 0 0 0
0.131693 -0.001611 -1.291326
0 1 0
255 255 255 255
0.146391 0.624131
0 0 0 0
1 0 0 0
0.205453 -0.001611 -1.291326
-1 0 0
255 255 255 255
0.12588 0.500684
0 0 0 0
1 0 0 0
0.205452 -0.001612 -0.916632
-0.9987939 0 -0.0490997
255 255 255 255
0.12588 0.549886
0 0 0 0
1 0 0 0
0.205452 0.002126 -0.916632
-0.9987939 0 -0.0490997
255 255 255 255
0.126377 0.549886
0 0 0 0
1 0 0 0
0.205453 0.002127 -1.291326
-1 0 0
255 255 255 255
0.126376 0.500684
0 0 0 0
1 0 0 0
0.131693 -0.001612 -0.916632
0.9987939 0 0.0490997
255 255 255 255
0.130543 0.549887
0 0 0 0
1 0 0 0
0.131693 -0.001611 -1.291326
1 0 0
255 255 255 255
0.130543 0.500684
0 0 0 0
1 0 0 0
0.131693 0.002127 -1.291326
1 0 0
255 255 255 255
0.130047 0.500684
0 0 0 0
1 0 0 0
0.131693 0.002126 -0.916632
0.9987939 0 0.0490997
255 255 255 255
0.130047 0.549887
0 0 0 0
1 0 0 0
0.215425 -0.001612 -0.916632
0 1 0
255 255 255 255
0.875203 0.174948
0 0 0 0
1 0 0 0
0.431508 -0.001612 -0.916632
0 1 0
255 255 255 255
0.9382 0.174948
0 0 0 0
1 0 0 0
0.431508 -0.001611 -1.291326
0 1 0
255 255 255 255
0.9382 0.249322
0 0 0 0
1 0 0 0
0.215425 -0.001611 -1.291326
0 1 0
255 255 255 255
0.875203 0.249322
0 0 0 0
1 0 0 0
0.863674 -0.001612 -0.916632
0 1 0
255 255 255 255
0.93827 0.200716
0 0 0 0
1 0 0 0
0.863675 -0.001611 -1.291326
0 1 0
255 255 255 255
0.93827 0.126342
0 0 0 0
1 0 0 0
1.079758 -0.001611 -1.291326
-1 0 0
255 255 255 255
0.128194 0.500684
0 0 0 0
1 0 0 0
1.079757 -0.001612 -0.916632
-1 0 0
255 255 255 255
0.128194 0.549886
0 0 0 0
1 0 0 0
1.079757 0.002126 -0.916632
-1 0 0
255 255 255 255
0.1277 0.549886
0 0 0 0
1 0 0 0
1.079758 0.002127 -1.291326
-1 0 0
255 255 255 255
0.127699 0.500684
0 0 0 0
1 0 0 0
1.173461 -0.019725 -0.916632
0.9987939 0 0.0490997
255 255 255 255
0.125825 0.549887
0 0 0 0
1 0 0 0
1.173461 -0.019725 -1.291326
1 0 0
255 255 255 255
0.125825 0.500684
0 0 0 0
1 0 0 0
1.173461 0.002127 -1.291326
1 0 0
255 255 255 255
0.128724 0.500684
0 0 0 0
1 0 0 0
1.173461 0.002126 -0.916632
0.9987939 0 0.0490997
255 255 255 255
0.128724 0.549887
0 0 0 0
1 0 0 0
1.173461 0.002126 -0.916632
0 1 0
255 255 255 255
0.128724 0.549887
0 0 0 0
1 0 0 0
1.173461 0.002127 -1.291326
0 1 0
255 255 255 255
0.128724 0.500684
0 0 0 0
1 0 0 0
1.163489 0.002127 -1.291326
0 1 0
255 255 255 255
0.130047 0.500684
0 0 0 0
1 0 0 0
1.163488 0.002126 -0.916632
0 1 0
255 255 255 255
0.130048 0.549887
0 0 0 0
1 0 0 0
1.079758 0.002127 -1.291326
0 1 0
255 255 255 255
0.127699 0.500684
0 0 0 0
1 0 0 0
1.079757 0.002126 -0.916632
0 1 0
255 255 255 255
0.1277 0.549886
0 0 0 0
1 0 0 0
1.089729 0.002126 -0.916632
0 1 0
255 255 255 255
0.126376 0.549886
0 0 0 0
1 0 0 0
1.08973 0.002127 -1.291326
0 1 0
255 255 255 255
0.126376 0.500684
0 0 0 0
1 0 0 0
1.163488 -0.001612 -0.916632
0 1 0
255 255 255 255
0.146391 0.549366
0 0 0 0
1 0 0 0
1.163489 -0.001611 -1.291326
0 1 0
255 255 255 255
0.146391 0.624131
0 0 0 0
1 0 0 0
1.08973 -0.001611 -1.291326
0 1 0
255 255 255 255
0.131673 0.624131
0 0 0 0
1 0 0 0
1.089729 -0.001612 -0.916632
0 1 0
255 255 255 255
0.131673 0.549366
0 0 0 0
1 0 0 0
1.08973 -0.001611 -1.291326
1 0 0
255 255 255 255
0.12588 0.500684
0 0 0 0
1 0 0 0
1.08973 0.002127 -1.291326
1 0 0
255 255 255 255
0.126376 0.500684
0 0 0 0
1 0 0 0
1.089729 0.002126 -0.916632
0.9987939 0 0.0490997
255 255 255 255
0.126376 0.549886
0 0 0 0
1 0 0 0
1.089729 -0.001612 -0.916632
0.9987939 0 0.0490997
255 255 255 255
0.12588 0.549886
0 0 0 0
1 0 0 0
1.163488 -0.001612 -0.916632
-0.9987939 0 -0.0490997
255 255 255 255
0.130543 0.549887
0 0 0 0
1 0 0 0
1.163488 0.002126 -0.916632
-0.9987939 0 -0.0490997
255 255 255 255
0.130048 0.549887
0 0 0 0
1 0 0 0
1.163489 0.002127 -1.291326
-1 0 0
255 255 255 255
0.130047 0.500684
0 0 0 0
1 0 0 0
1.163489 -0.001611 -1.291326
-1 0 0
255 255 255 255
0.130543 0.500684
0 0 0 0
1 0 0 0
1.079757 -0.001612 -0.916632
0 1 0
255 255 255 255
0.875203 0.174948
0 0 0 0
1 0 0 0
1.079758 -0.001611 -1.291326
0 1 0
255 255 255 255
0.875203 0.249322
0 0 0 0
1 0 0 0
0.863675 -0.001611 -1.291326
0 1 0
255 255 255 255
0.9382 0.249322
0 0 0 0
1 0 0 0
0.863674 -0.001612 -0.916632
0 1 0
255 255 255 255
0.9382 0.174948
0 0 0 0
1 0 0 0
360 # faces
0 2 1
2 0 3
4 6 5
6 4 7
8 10 9
10 8 11
12 14 13
14 12 15
16 18 17
18 16 19
20 22 21
22 20 23
24 26 25
26 24 27
28 30 29
30 28 31
32 34 33
34 32 35
36 38 37
38 36 39
40 42 41
42 40 43
44 46 45
46 44 47
48 50 49
50 48 51
52 54 53
54 52 55
56 58 57
58 56 59
60 12 13
12 60 61
62 64 63
64 62 65
66 68 67
68 66 69
70 72 71
72 70 73
74 76 75
76 74 77
78 80 79
80 78 81
82 84 83
84 82 85
86 88 87
88 86 89
90 92 91
92 90 93
94 96 95
96 94 97
98 100 99
100 98 101
102 104 103
104 102 105
106 108 107
108 106 109
110 112 111
112 110 113
95 115 114
115 95 116
117 97 94
97 117 118
119 121 120
121 119 122
123 125 124
125 123 126
127 129 128
129 127 130
131 133 132
133 131 134
135 136 117
136 135 137
138 140 139
140 138 141
142 144 143
144 142 145
146 148 147
148 146 149
150 152 151
152 150 153
154 156 155
156 154 157
158 160 159
160 158 161
162 164 163
164 162 165
166 168 167
168 166 169
170 172 171
172 170 173
174 176 175
176 174 177
178 180 179
180 178 181
182 184 183
184 182 185
186 188 187
188 186 189
190 192 191
192 190 193
194 196 195
196 194 197
152 198 151
198 152 199
200 202 201
202 200 203
204 206 205
206 204 207
208 210 209
210 208 211
212 214 213
214 212 215
216 218 217
218 216 219
220 222 221
222 220 223
224 226 225
226 224 227
228 230 229
230 228 231
96 233 232
233 96 97
234 100 101
100 234 235
104 237 236
237 104 105
238 108 109
108 238 239
112 241 240
241 112 113
232 115 116
115 232 242
243 97 118
97 243 233
244 121 122
121 244 245
125 247 246
247 125 126
248 129 130
129 248 249
250 133 134
133 250 251
136 252 243
252 136 137
253 255 254
255 253 256
257 5 258
5 257 4
10 259 9
259 10 260
147 260 146
260 147 259
14 261 13
261 14 262
263 265 264
265 263 266
22 267 21
267 22 268
269 25 270
25 269 24
271 29 272
29 271 28
33 273 32
273 33 274
38 275 37
275 38 276
42 277 41
277 42 278
45 279 44
279 45 280
281 283 282
283 281 284
285 54 286
54 285 53
57 287 56
196 288 195
288 196 287
287 57 288
13 289 60
289 13 261
290 292 291
292 290 293
67 294 66
294 67 295
296 72 297
72 296 71
298 76 299
76 298 75
80 300 79
300 80 301
83 302 82
302 83 303
87 304 86
304 87 305
92 306 91
306 92 307
95 308 94
308 95 309
99 310 98
310 99 311
312 103 313
103 312 102
107 314 106
314 107 315
111 316 110
316 111 317
114 318 95
318 114 319
320 94 308
94 320 117
120 321 119
321 120 322
323 124 324
124 323 123
128 325 127
325 128 326
132 327 131
327 132 328
117 329 135
329 117 330
331 333 332
333 331 334
258 144 257
144 258 143
151 335 150
198 336 151
335 151 336
337 339 338
339 337 340
159 341 158
341 159 342
343 164 344
164 343 163
345 168 346
168 345 167
172 347 171
347 172 348
175 349 174
349 175 350
179 351 178
351 179 352
184 353 183
353 184 354
355 357 356
357 355 358
286 191 285
191 286 190
336 198 359
360 362 361
362 360 363
206 364 205
364 206 365
366 209 367
209 366 208
368 213 369
213 368 212
217 370 216
370 217 371
222 372 221
372 222 373
226 374 225
374 226 375
229 376 228
376 229 377
233 378 232
243 379 233
378 233 379
234 380 235
380 234 381
382 237 383
237 382 236
238 384 239
384 238 385
241 386 240
386 241 387
232 388 242
388 232 389
379 243 390
244 391 245
391 244 392
393 247 394
247 393 246
248 395 249
395 248 396
250 397 251
397 250 398
252 399 243
399 252 400
401 403 402
403 401 404
405 407 406
407 405 408
409 411 410
411 409 412
413 415 414
415 413 416
417 419 418
419 417 420
421 423 422
423 421 424
425 427 426
427 425 428
429 431 430
431 429 432
433 435 434
435 433 436
401 438 437
438 401 402
439 441 440
441 439 442
443 445 444
445 443 446
447 449 448
449 447 450
451 453 452
453 451 454
455 457 456
457 455 458
459 461 460
461 459 462
463 465 464
465 463 466
467 469 468
469 467 470
471 473 472
473 471 474
475 477 476
477 475 478
479 481 480
481 479 482
483 485 484
485 483 486
487 489 488
489 487 490
491 493 492
493 491 494
495 497 496
497 495 498
499 501 500
501 499 502
503 505 504
505 503 506
471 508 507
508 471 472
509 511 510
511 509 512
513 515 514
515 513 516
517 519 518
519 517 520
521 523 522
523 521 524
525 527 526
527 525 528
529 531 530
531 529 532
533 535 534
535 533 536
537 539 538
539 537 540
