1 # bones
root
-1
0 0 0
1 # meshes
10_Road-End-A_0_0_0_root_root
1 # uv layers
1 # textures
atlas.jpg
0 # uv layer index
80 # vertices
0.309776 -0.018968 -0.151391
0.7071068 0 -0.7071068
255 255 255 255
0.130562 0.541366
0 0 0 0
1 0 0 0
0.309776 0.002883 -0.151391
0.7071068 0 -0.7071068
255 255 255 255
0.127663 0.541366
0 0 0 0
1 0 0 0
0.309787 0.002882 0.158387
1 0 0
255 255 255 255
0.127663 0.582042
0 0 0 0
1 0 0 0
0.309787 -0.018969 0.158387
1 0 0
255 255 255 255
0.130562 0.582042
0 0 0 0
1 0 0 0
0.309787 0.002882 0.158387
0 1 0
255 255 255 255
0.127663 0.582042
0 0 0 0
1 0 0 0
0.309776 0.002883 -0.151391
0 1 0
255 255 255 255
0.127663 0.541366
0 0 0 0
1 0 0 0
0.299804 0.002883 -0.141418
0 1 0
255 255 255 255
0.12634 0.542675
0 0 0 0
1 0 0 0
0.299814 0.002882 0.158387
0 1 0
255 255 255 255
0.12634 0.582042
0 0 0 0
1 0 0 0
0.299814 -0.000856 0.158387
0 1 0
255 255 255 255
0.171486 0.500504
0 0 0 0
1 0 0 0
0.299804 -0.000855 -0.141418
0 1 0
255 255 255 255
0.171486 0.560324
0 0 0 0
1 0 0 0
0.226048 -0.000855 -0.067661
0 1 0
255 255 255 255
0.186204 0.545608
0 0 0 0
1 0 0 0
0.226055 -0.000856 0.158387
0 1 0
255 255 255 255
0.186204 0.500504
0 0 0 0
1 0 0 0
0.226048 -0.000855 -0.067661
0.7071068 0 -0.7071068
255 255 255 255
0.128162 0.55236
0 0 0 0
1 0 0 0
0.226048 0.002882 -0.067661
0.7071068 0 -0.7071068
255 255 255 255
0.127666 0.55236
0 0 0 0
1 0 0 0
0.226055 0.002882 0.158387
1 0 0
255 255 255 255
0.127666 0.582042
0 0 0 0
1 0 0 0
0.226055 -0.000856 0.158387
1 0 0
255 255 255 255
0.128162 0.582042
0 0 0 0
1 0 0 0
0.216083 -0.000856 0.158387
-1 0 0
255 255 255 255
0.125847 0.582042
0 0 0 0
1 0 0 0
0.216083 0.002882 0.158387
-1 0 0
255 255 255 255
0.126343 0.582042
0 0 0 0
1 0 0 0
0.216076 0.002882 -0.05769
-1 0 0
255 255 255 255
0.126343 0.553669
0 0 0 0
1 0 0 0
0.216076 -0.000855 -0.05769
-1 0 0
255 255 255 255
0.125847 0.553669
0 0 0 0
1 0 0 0
0.216076 0.002882 -0.05769
0 1 0
255 255 255 255
0.126343 0.553669
0 0 0 0
1 0 0 0
0.216083 0.002882 0.158387
0 1 0
255 255 255 255
0.126343 0.582042
0 0 0 0
1 0 0 0
0.226055 0.002882 0.158387
0 1 0
255 255 255 255
0.127666 0.582042
0 0 0 0
1 0 0 0
0.226048 0.002882 -0.067661
0 1 0
255 255 255 255
0.127666 0.55236
0 0 0 0
1 0 0 0
0.299814 -0.000856 0.158387
-1 0 0
255 255 255 255
0.125844 0.582042
0 0 0 0
1 0 0 0
0.299814 0.002882 0.158387
-1 0 0
255 255 255 255
0.12634 0.582042
0 0 0 0
1 0 0 0
0.299804 0.002883 -0.141418
-0.7071068 0 0.7071068
255 255 255 255
0.12634 0.542675
0 0 0 0
1 0 0 0
0.299804 -0.000855 -0.141418
-0.7071068 0 0.7071068
255 255 255 255
0.125844 0.542675
0 0 0 0
1 0 0 0
0.216076 -0.000855 -0.05769
0 1 0
255 255 255 255
0.124672 0.581589
0 0 0 0
1 0 0 0
0 -0.000855 -0.057696
0 1 0
255 255 255 255
0.124672 0.624477
0 0 0 0
1 0 0 0
0 -0.000856 0.158387
0 1 0
255 255 255 255
0.063037 0.624477
0 0 0 0
1 0 0 0
0.216083 -0.000856 0.158387
0 1 0
255 255 255 255
0.124672 0.624477
0 0 0 0
1 0 0 0
0 0.002883 -0.151401
0 0 -1
255 255 255 255
0.127663 0.582042
0 0 0 0
1 0 0 0
0 -0.018968 -0.151401
0 0 -1
255 255 255 255
0.130562 0.582042
0 0 0 0
1 0 0 0
0 0.002883 -0.151401
0 1 0
255 255 255 255
0.127663 0.582042
0 0 0 0
1 0 0 0
0 0.002883 -0.141428
0 1 0
255 255 255 255
0.12634 0.582042
0 0 0 0
1 0 0 0
0 -0.000855 -0.141428
0 1 0
255 255 255 255
0.171486 0.500504
0 0 0 0
1 0 0 0
0 -0.000855 -0.067668
0 1 0
255 255 255 255
0.186204 0.500504
0 0 0 0
1 0 0 0
0 0.002882 -0.067668
0 0 -1
255 255 255 255
0.127666 0.582042
0 0 0 0
1 0 0 0
0 -0.000855 -0.067668
0 0 -1
255 255 255 255
0.128162 0.582042
0 0 0 0
1 0 0 0
0 -0.000855 -0.057696
0 0 1
255 255 255 255
0.125847 0.582042
0 0 0 0
1 0 0 0
0.216076 -0.000855 -0.05769
0 0 1
255 255 255 255
0.125847 0.553669
0 0 0 0
1 0 0 0
0.216076 0.002882 -0.05769
0 0 1
255 255 255 255
0.126343 0.553669
0 0 0 0
1 0 0 0
0 0.002882 -0.057696
0 0 1
255 255 255 255
0.126343 0.582042
0 0 0 0
1 0 0 0
0 0.002882 -0.067668
0 1 0
255 255 255 255
0.127666 0.582042
0 0 0 0
1 0 0 0
0 0.002882 -0.057696
0 1 0
255 255 255 255
0.126343 0.582042
0 0 0 0
1 0 0 0
0 -0.000855 -0.141428
0 0 1
255 255 255 255
0.125844 0.582042
0 0 0 0
1 0 0 0
0 0.002883 -0.141428
0 0 1
255 255 255 255
0.12634 0.582042
0 0 0 0
1 0 0 0
-0.309776 -0.018968 -0.151391
-0.7071068 0 -0.7071068
255 255 255 255
0.130562 0.541366
0 0 0 0
1 0 0 0
-0.309786 -0.018969 0.158387
-1 0 0
255 255 255 255
0.130562 0.582042
0 0 0 0
1 0 0 0
-0.309786 0.002882 0.158387
-1 0 0
255 255 255 255
0.127663 0.582042
0 0 0 0
1 0 0 0
-0.309776 0.002883 -0.151391
-0.7071068 0 -0.7071068
255 255 255 255
0.127663 0.541366
0 0 0 0
1 0 0 0
-0.309786 0.002882 0.158387
0 1 0
255 255 255 255
0.127663 0.582042
0 0 0 0
1 0 0 0
-0.299814 0.002882 0.158387
0 1 0
255 255 255 255
0.12634 0.582042
0 0 0 0
1 0 0 0
-0.299804 0.002883 -0.141418
0 1 0
255 255 255 255
0.12634 0.542675
0 0 0 0
1 0 0 0
-0.309776 0.002883 -0.151391
0 1 0
255 255 255 255
0.127663 0.541366
0 0 0 0
1 0 0 0
-0.226048 -0.000855 -0.067661
0 1 0
255 255 255 255
0.186204 0.545608
0 0 0 0
1 0 0 0
-0.299814 -0.000856 0.158387
0 1 0
255 255 255 255
0.171486 0.500504
0 0 0 0
1 0 0 0
-0.226056 -0.000856 0.158387
0 1 0
255 255 255 255
0.186204 0.500504
0 0 0 0
1 0 0 0
-0.299804 -0.000855 -0.141418
0 1 0
255 255 255 255
0.171486 0.560324
0 0 0 0
1 0 0 0
-0.226048 -0.000855 -0.067661
-0.7071068 0 -0.7071068
255 255 255 255
0.128162 0.55236
0 0 0 0
1 0 0 0
-0.226056 -0.000856 0.158387
-1 0 0
255 255 255 255
0.128162 0.582042
0 0 0 0
1 0 0 0
-0.226056 0.002882 0.158387
-1 0 0
255 255 255 255
0.127666 0.582042
0 0 0 0
1 0 0 0
-0.226048 0.002882 -0.067661
-0.7071068 0 -0.7071068
255 255 255 255
0.127666 0.55236
0 0 0 0
1 0 0 0
-0.216083 -0.000856 0.158387
1 0 0
255 255 255 255
0.125847 0.582042
0 0 0 0
1 0 0 0
-0.216076 -0.000855 -0.05769
1 0 0
255 255 255 255
0.125847 0.553669
0 0 0 0
1 0 0 0
-0.216076 0.002882 -0.05769
1 0 0
255 255 255 255
0.126343 0.553669
0 0 0 0
1 0 0 0
-0.216083 0.002882 0.158387
1 0 0
255 255 255 255
0.126343 0.582042
0 0 0 0
1 0 0 0
-0.216076 0.002882 -0.05769
0 1 0
255 255 255 255
0.126343 0.553669
0 0 0 0
1 0 0 0
-0.226048 0.002882 -0.067661
0 1 0
255 255 255 255
0.127666 0.55236
0 0 0 0
1 0 0 0
-0.226056 0.002882 0.158387
0 1 0
255 255 255 255
0.127666 0.582042
0 0 0 0
1 0 0 0
-0.216083 0.002882 0.158387
0 1 0
255 255 255 255
0.126343 0.582042
0 0 0 0
1 0 0 0
-0.299804 0.002883 -0.141418
0.7071068 0 0.7071068
255 255 255 255
0.12634 0.542675
0 0 0 0
1 0 0 0
-0.299804 -0.000855 -0.141418
0.7071068 0 0.7071068
255 255 255 255
0.125844 0.542675
0 0 0 0
1 0 0 0
-0.299814 -0.000856 0.158387
1 0 0
255 255 255 255
0.125844 0.582042
0 0 0 0
1 0 0 0
-0.299814 0.002882 0.158387
1 0 0
255 255 255 255
0.12634 0.582042
0 0 0 0
1 0 0 0
-0.216076 -0.000855 -0.05769
0 1 0
255 255 255 255
0.124672 0.581589
0 0 0 0
1 0 0 0
-0.216083 -0.000856 0.158387
0 1 0
255 255 255 255
0.124672 0.624477
0 0 0 0
1 0 0 0
-0.216076 0.002882 -0.05769
0 0 1
255 255 255 255
0.126343 0.553669
0 0 0 0
1 0 0 0
-0.216076 -0.000855 -0.05769
0 0 1
255 255 255 255
0.125847 0.553669
0 0 0 0
1 0 0 0
60 # faces
0 2 1
2 0 3
4 6 5
6 4 7
8 10 9
10 8 11
12 14 13
14 12 15
16 18 17
18 16 19
20 22 21
22 20 23
24 26 25
26 24 27
28 30 29
30 28 31
32 0 1
0 32 33
6 34 5
34 6 35
10 36 9
36 10 37
38 12 13
12 38 39
40 42 41
42 40 43
20 44 23
44 20 45
46 26 27
26 46 47
32 48 33
48 50 49
50 48 51
48 32 51
52 54 53
54 34 35
34 54 55
54 52 55
56 36 37
57 56 58
56 57 59
36 56 59
38 60 39
60 62 61
62 60 63
60 38 63
64 66 65
66 64 67
68 44 45
44 68 69
68 70 69
70 68 71
72 46 73
46 72 47
74 72 73
72 74 75
30 76 29
76 30 77
40 78 43
78 40 79
