1 # bones
root
-1
0 0 0
1 # meshes
10_Road-Parking-Double_0_0_0_root_root
1 # uv layers
1 # textures
atlas.jpg
0 # uv layer index
454 # vertices
-0.516036 -0.000935 0.621159
0 1 0
255 255 255 255
0.124672 0.624477
0 0 0 0
1 0 0 0
-0.516036 -0.000935 0.001586
0 1 0
255 255 255 255
0.124672 0.501498
0 0 0 0
1 0 0 0
-0.732119 -0.000935 0.001586
0 1 0
255 255 255 255
0.063037 0.501498
0 0 0 0
1 0 0 0
-0.732119 -0.000935 0.621159
0 1 0
255 255 255 255
0.063037 0.624477
0 0 0 0
1 0 0 0
-0.948202 -0.000935 0.001586
1 0 0
255 255 255 255
0.128194 0.500684
0 0 0 0
1 0 0 0
-0.948202 0.002803 0.001586
1 0 0
255 255 255 255
0.127699 0.500684
0 0 0 0
1 0 0 0
-0.948202 0.002803 0.621159
1 0 0
255 255 255 255
0.127699 0.582042
0 0 0 0
1 0 0 0
-0.948202 -0.000935 0.621159
1 0 0
255 255 255 255
0.128194 0.582042
0 0 0 0
1 0 0 0
-1.041904 -0.01905 0.621159
-1 0 0
255 255 255 255
0.125825 0.582042
0 0 0 0
1 0 0 0
-1.041904 0.002803 0.621159
-1 0 0
255 255 255 255
0.128724 0.582042
0 0 0 0
1 0 0 0
-1.041904 0.002803 0.001586
-1 0 0
255 255 255 255
0.128724 0.500684
0 0 0 0
1 0 0 0
-1.041904 -0.019049 0.001586
-1 0 0
255 255 255 255
0.125825 0.500684
0 0 0 0
1 0 0 0
-1.041904 0.002803 0.621159
0 1 0
255 255 255 255
0.128724 0.582042
0 0 0 0
1 0 0 0
-1.031932 0.002803 0.621159
0 1 0
255 255 255 255
0.130047 0.582042
0 0 0 0
1 0 0 0
-1.031932 0.002803 0.001586
0 1 0
255 255 255 255
0.130047 0.500684
0 0 0 0
1 0 0 0
-1.041904 0.002803 0.001586
0 1 0
255 255 255 255
0.128724 0.500684
0 0 0 0
1 0 0 0
-0.948202 0.002803 0.001586
0 1 0
255 255 255 255
0.127699 0.500684
0 0 0 0
1 0 0 0
-0.958175 0.002803 0.001586
0 1 0
255 255 255 255
0.126376 0.500684
0 0 0 0
1 0 0 0
-0.958175 0.002803 0.621159
0 1 0
255 255 255 255
0.126376 0.582042
0 0 0 0
1 0 0 0
-0.948202 0.002803 0.621159
0 1 0
255 255 255 255
0.127699 0.582042
0 0 0 0
1 0 0 0
-1.031932 -0.000935 0.621159
0 1 0
255 255 255 255
0.171392 0.500504
0 0 0 0
1 0 0 0
-0.958175 -0.000935 0.621159
0 1 0
255 255 255 255
0.156674 0.500504
0 0 0 0
1 0 0 0
-0.958175 -0.000935 0.001586
0 1 0
255 255 255 255
0.156674 0.624132
0 0 0 0
1 0 0 0
-1.031932 -0.000935 0.001586
0 1 0
255 255 255 255
0.171392 0.624132
0 0 0 0
1 0 0 0
-0.958175 -0.000935 0.001586
-1 0 0
255 255 255 255
0.12588 0.500684
0 0 0 0
1 0 0 0
-0.958175 -0.000935 0.621159
-1 0 0
255 255 255 255
0.12588 0.582042
0 0 0 0
1 0 0 0
-0.958175 0.002803 0.621159
-1 0 0
255 255 255 255
0.126376 0.582042
0 0 0 0
1 0 0 0
-0.958175 0.002803 0.001586
-1 0 0
255 255 255 255
0.126376 0.500684
0 0 0 0
1 0 0 0
-1.031932 -0.000935 0.621159
1 0 0
255 255 255 255
0.130543 0.582042
0 0 0 0
1 0 0 0
-1.031932 -0.000935 0.001586
1 0 0
255 255 255 255
0.130543 0.500684
0 0 0 0
1 0 0 0
-1.031932 0.002803 0.001586
1 0 0
255 255 255 255
0.130047 0.500684
0 0 0 0
1 0 0 0
-1.031932 0.002803 0.621159
1 0 0
255 255 255 255
0.130047 0.582042
0 0 0 0
1 0 0 0
-0.948202 -0.000935 0.621159
0 1 0
255 255 255 255
0.000225 0.501498
0 0 0 0
1 0 0 0
-0.732119 -0.000935 0.621159
0 1 0
255 255 255 255
0.062967 0.501498
0 0 0 0
1 0 0 0
-0.732119 -0.000935 0.001586
0 1 0
255 255 255 255
0.062967 0.624477
0 0 0 0
1 0 0 0
-0.948202 -0.000935 0.001586
0 1 0
255 255 255 255
0.000225 0.624477
0 0 0 0
1 0 0 0
-0.516036 -0.000935 0.001586
0 1 0
255 255 255 255
0.9998 0.249322
0 0 0 0
1 0 0 0
-0.516036 -0.000935 -0.617986
0 1 0
255 255 255 255
0.9998 0.126343
0 0 0 0
1 0 0 0
-0.732119 -0.000935 -0.617986
0 1 0
255 255 255 255
0.93827 0.126342
0 0 0 0
1 0 0 0
-0.732119 -0.000935 0.001586
0 1 0
255 255 255 255
0.93827 0.249322
0 0 0 0
1 0 0 0
-0.948202 -0.000935 -0.617986
1 0 0
255 255 255 255
0.128194 0.500684
0 0 0 0
1 0 0 0
-0.948202 0.002803 -0.617986
1 0 0
255 255 255 255
0.127699 0.500684
0 0 0 0
1 0 0 0
-0.948202 0.002803 0.001586
1 0 0
255 255 255 255
0.127699 0.582042
0 0 0 0
1 0 0 0
-0.948202 -0.000935 0.001586
1 0 0
255 255 255 255
0.128194 0.582042
0 0 0 0
1 0 0 0
-1.041904 -0.019049 0.001586
-1 0 0
255 255 255 255
0.125825 0.582042
0 0 0 0
1 0 0 0
-1.041904 0.002803 0.001586
-1 0 0
255 255 255 255
0.128724 0.582042
0 0 0 0
1 0 0 0
-1.041904 0.002803 -0.617986
-1 0 0
255 255 255 255
0.128724 0.500684
0 0 0 0
1 0 0 0
-1.041904 -0.019049 -0.617986
-1 0 0
255 255 255 255
0.125825 0.500684
0 0 0 0
1 0 0 0
-1.041904 0.002803 0.001586
0 1 0
255 255 255 255
0.128724 0.582042
0 0 0 0
1 0 0 0
-1.031932 0.002803 0.001586
0 1 0
255 255 255 255
0.130047 0.582042
0 0 0 0
1 0 0 0
-1.031932 0.002803 -0.617986
0 1 0
255 255 255 255
0.130047 0.500684
0 0 0 0
1 0 0 0
-1.041904 0.002803 -0.617986
0 1 0
255 255 255 255
0.128724 0.500684
0 0 0 0
1 0 0 0
-0.948202 0.002803 -0.617986
0 1 0
255 255 255 255
0.127699 0.500684
0 0 0 0
1 0 0 0
-0.958175 0.002803 -0.617986
0 1 0
255 255 255 255
0.126376 0.500684
0 0 0 0
1 0 0 0
-0.958175 0.002803 0.001586
0 1 0
255 255 255 255
0.126376 0.582042
0 0 0 0
1 0 0 0
-0.948202 0.002803 0.001586
0 1 0
255 255 255 255
0.127699 0.582042
0 0 0 0
1 0 0 0
-1.031932 -0.000935 0.001586
0 1 0
255 255 255 255
0.146391 0.500504
0 0 0 0
1 0 0 0
-0.958175 -0.000935 0.001586
0 1 0
255 255 255 255
0.131673 0.500504
0 0 0 0
1 0 0 0
-0.958175 -0.000935 -0.617986
0 1 0
255 255 255 255
0.131673 0.624131
0 0 0 0
1 0 0 0
-1.031932 -0.000935 -0.617986
0 1 0
255 255 255 255
0.146391 0.624131
0 0 0 0
1 0 0 0
-0.958175 -0.000935 -0.617986
-1 0 0
255 255 255 255
0.12588 0.500684
0 0 0 0
1 0 0 0
-0.958175 -0.000935 0.001586
-1 0 0
255 255 255 255
0.12588 0.582042
0 0 0 0
1 0 0 0
-0.958175 0.002803 0.001586
-1 0 0
255 255 255 255
0.126376 0.582042
0 0 0 0
1 0 0 0
-0.958175 0.002803 -0.617986
-1 0 0
255 255 255 255
0.126376 0.500684
0 0 0 0
1 0 0 0
-1.031932 -0.000935 0.001586
1 0 0
255 255 255 255
0.130543 0.582042
0 0 0 0
1 0 0 0
-1.031932 -0.000935 -0.617986
1 0 0
255 255 255 255
0.130543 0.500684
0 0 0 0
1 0 0 0
-1.031932 0.002803 -0.617986
1 0 0
255 255 255 255
0.130047 0.500684
0 0 0 0
1 0 0 0
-1.031932 0.002803 0.001586
1 0 0
255 255 255 255
0.130047 0.582042
0 0 0 0
1 0 0 0
-0.948202 -0.000935 0.001586
0 1 0
255 255 255 255
0.875203 0.126342
0 0 0 0
1 0 0 0
-0.732119 -0.000935 0.001586
0 1 0
255 255 255 255
0.9382 0.126342
0 0 0 0
1 0 0 0
-0.732119 -0.000935 -0.617986
0 1 0
255 255 255 255
0.9382 0.249322
0 0 0 0
1 0 0 0
-0.948202 -0.000935 -0.617986
0 1 0
255 255 255 255
0.875203 0.249322
0 0 0 0
1 0 0 0
-0.299952 -0.000935 0.001586
0 1 0
255 255 255 255
0.063037 0.501498
0 0 0 0
1 0 0 0
-0.299952 -0.000935 0.621159
0 1 0
255 255 255 255
0.063037 0.624477
0 0 0 0
1 0 0 0
-0.083868 -0.000936 0.621159
0 1 0
255 255 255 255
0.000225 0.501498
0 0 0 0
1 0 0 0
-0.083868 -0.000936 0.001586
0 1 0
255 255 255 255
0.000225 0.624477
0 0 0 0
1 0 0 0
-0.299952 -0.000935 0.001586
0 1 0
255 255 255 255
0.062967 0.624477
0 0 0 0
1 0 0 0
-0.299952 -0.000935 0.621159
0 1 0
255 255 255 255
0.062967 0.501498
0 0 0 0
1 0 0 0
-0.299952 -0.000935 -0.617986
0 1 0
255 255 255 255
0.93827 0.126342
0 0 0 0
1 0 0 0
-0.299952 -0.000935 0.001586
0 1 0
255 255 255 255
0.93827 0.249322
0 0 0 0
1 0 0 0
-0.083868 -0.000936 0.001586
0 1 0
255 255 255 255
0.875203 0.126342
0 0 0 0
1 0 0 0
-0.083868 -0.000936 -0.617985
0 1 0
255 255 255 255
0.875203 0.249322
0 0 0 0
1 0 0 0
-0.299952 -0.000935 -0.617986
0 1 0
255 255 255 255
0.9382 0.249322
0 0 0 0
1 0 0 0
-0.299952 -0.000935 0.001586
0 1 0
255 255 255 255
0.9382 0.126342
0 0 0 0
1 0 0 0
0.094481 0.002802 -0.533339
0.1950968 0 -0.9807839
255 255 255 255
0.127671 0.503719
0 0 0 0
1 0 0 0
0.162733 0.002802 -0.519763
0.1950968 0 -0.9807839
255 255 255 255
0.127797 0.513359
0 0 0 0
1 0 0 0
0.162733 -0.019049 -0.519763
0.1950968 0 -0.9807839
255 255 255 255
0.129935 0.513246
0 0 0 0
1 0 0 0
0.094481 -0.019049 -0.53334
0.1950968 0 -0.9807839
255 255 255 255
0.130707 0.503229
0 0 0 0
1 0 0 0
0.179126 0.002802 -0.35499
-0.9807839 0 0.1950968
255 255 255 255
0.127704 0.520736
0 0 0 0
1 0 0 0
0.172682 0.002802 -0.387383
-0.9238766 9.999747E-05 0.3826903
255 255 255 255
0.12765 0.516044
0 0 0 0
1 0 0 0
0.172682 -0.000936 -0.387382
-0.9238766 9.999747E-05 0.3826903
255 255 255 255
0.128181 0.51604
0 0 0 0
1 0 0 0
0.179126 -0.000936 -0.35499
-0.9807839 0 0.1950968
255 255 255 255
0.128218 0.520741
0 0 0 0
1 0 0 0
0.181896 0.002802 -0.391199
0 1 0
255 255 255 255
0.126248 0.516252
0 0 0 0
1 0 0 0
0.172682 0.002802 -0.387383
0 1 0
255 255 255 255
0.12765 0.516044
0 0 0 0
1 0 0 0
0.179126 0.002802 -0.35499
0 1 0
255 255 255 255
0.127704 0.520736
0 0 0 0
1 0 0 0
0.189099 0.002802 -0.35499
0 1 0
255 255 255 255
0.126214 0.521311
0 0 0 0
1 0 0 0
0.158916 0.002802 -0.51055
0 1 0
255 255 255 255
0.126573 0.513507
0 0 0 0
1 0 0 0
0.162733 0.002802 -0.519763
0 1 0
255 255 255 255
0.127797 0.513359
0 0 0 0
1 0 0 0
0.094481 0.002802 -0.533339
0 1 0
255 255 255 255
0.127671 0.503719
0 0 0 0
1 0 0 0
0.094481 0.002802 -0.523366
0 1 0
255 255 255 255
0.12631 0.504228
0 0 0 0
1 0 0 0
0.250041 -0.000936 -0.419425
0 1 0
255 255 255 255
0.165784 0.550358
0 0 0 0
1 0 0 0
0.181896 -0.000936 -0.391199
0 1 0
255 255 255 255
0.171277 0.563619
0 0 0 0
1 0 0 0
0.189099 -0.000936 -0.35499
0 1 0
255 255 255 255
0.178323 0.562217
0 0 0 0
1 0 0 0
0.262858 -0.000936 -0.35499
0 1 0
255 255 255 255
0.178323 0.547864
0 0 0 0
1 0 0 0
0.262858 0.002802 -0.35499
-0.9951866 0 0.09799868
255 255 255 255
0.12637 0.541608
0 0 0 0
1 0 0 0
0.250041 0.002802 -0.419425
-0.9238766 0 0.3826903
255 255 255 255
0.126464 0.532317
0 0 0 0
1 0 0 0
0.250041 -0.000936 -0.419425
-0.9238766 0 0.3826903
255 255 255 255
0.125817 0.532286
0 0 0 0
1 0 0 0
0.262858 -0.000936 -0.35499
-0.9951866 0 0.09799868
255 255 255 255
0.125834 0.541592
0 0 0 0
1 0 0 0
0.094481 0.002802 -0.449607
0.1950968 0 -0.9807839
255 255 255 255
0.126214 0.501043
0 0 0 0
1 0 0 0
0.13069 0.002802 -0.442406
0.3826903 0 -0.9238766
255 255 255 255
0.126248 0.506103
0 0 0 0
1 0 0 0
0.13069 -0.000936 -0.442406
0.3826903 0 -0.9238766
255 255 255 255
0.125724 0.506015
0 0 0 0
1 0 0 0
0.094481 -0.000936 -0.449607
0.1950968 0 -0.9807839
255 255 255 255
0.125704 0.500908
0 0 0 0
1 0 0 0
0.259254 0.002802 -0.423242
0.8314652 0 -0.5555767
255 255 255 255
0.127753 0.532516
0 0 0 0
1 0 0 0
0.259254 -0.019049 -0.423242
0.8314652 0 -0.5555767
255 255 255 255
0.130119 0.532687
0 0 0 0
1 0 0 0
0.220592 -0.019049 -0.481101
0.8314652 0 -0.5555767
255 255 255 255
0.13029 0.522958
0 0 0 0
1 0 0 0
0.220592 0.002802 -0.481101
0.8314652 0 -0.5555767
255 255 255 255
0.127758 0.522928
0 0 0 0
1 0 0 0
0.126874 0.002802 -0.433192
-0.3826903 0 0.9238766
255 255 255 255
0.12765 0.50631
0 0 0 0
1 0 0 0
0.126874 -0.000936 -0.433192
-0.3826903 0.0002999924 0.9238766
255 255 255 255
0.128177 0.506292
0 0 0 0
1 0 0 0
0.154335 -0.000936 -0.414843
-0.7071068 0.0002000019 0.7071068
255 255 255 255
0.12817 0.511184
0 0 0 0
1 0 0 0
0.154335 0.002802 -0.414844
-0.7071068 0.0002000019 0.7071068
255 255 255 255
0.127642 0.511177
0 0 0 0
1 0 0 0
0.13069 0.002802 -0.442406
0 1 0
255 255 255 255
0.126248 0.506103
0 0 0 0
1 0 0 0
0.126874 0.002802 -0.433192
0 1 0
255 255 255 255
0.12765 0.50631
0 0 0 0
1 0 0 0
0.154335 0.002802 -0.414844
0 1 0
255 255 255 255
0.127642 0.511177
0 0 0 0
1 0 0 0
0.161386 0.002802 -0.421895
0 1 0
255 255 255 255
0.126232 0.511177
0 0 0 0
1 0 0 0
0.250041 0.002802 -0.419425
0 1 0
255 255 255 255
0.126464 0.532317
0 0 0 0
1 0 0 0
0.259254 0.002802 -0.423242
0 1 0
255 255 255 255
0.127753 0.532516
0 0 0 0
1 0 0 0
0.220592 0.002802 -0.481101
0 1 0
255 255 255 255
0.127758 0.522928
0 0 0 0
1 0 0 0
0.213542 0.002802 -0.47405
0 1 0
255 255 255 255
0.126546 0.522916
0 0 0 0
1 0 0 0
0.158916 -0.000936 -0.51055
0 1 0
255 255 255 255
0.148051 0.568092
0 0 0 0
1 0 0 0
0.13069 -0.000936 -0.442406
0 1 0
255 255 255 255
0.161311 0.573584
0 0 0 0
1 0 0 0
0.161386 -0.000936 -0.421895
0 1 0
255 255 255 255
0.165303 0.567611
0 0 0 0
1 0 0 0
0.213542 -0.000936 -0.47405
0 1 0
255 255 255 255
0.155154 0.557462
0 0 0 0
1 0 0 0
0.158916 0.002802 -0.51055
-0.3826903 0 0.9238766
255 255 255 255
0.126573 0.513507
0 0 0 0
1 0 0 0
0.158916 -0.000936 -0.51055
-0.3826903 0 0.9238766
255 255 255 255
0.125919 0.513554
0 0 0 0
1 0 0 0
0.213542 -0.000936 -0.47405
-0.7071068 0 0.7071068
255 255 255 255
0.12592 0.522916
0 0 0 0
1 0 0 0
0.213542 0.002802 -0.47405
-0.7071068 0 0.7071068
255 255 255 255
0.126546 0.522916
0 0 0 0
1 0 0 0
0.181896 0.002802 -0.391199
0.9238766 0 -0.3826903
255 255 255 255
0.126248 0.516252
0 0 0 0
1 0 0 0
0.181896 -0.000936 -0.391199
0.9238766 0 -0.3826903
255 255 255 255
0.125724 0.516339
0 0 0 0
1 0 0 0
0.161386 -0.000936 -0.421895
0.7071068 0 -0.7071068
255 255 255 255
0.125699 0.511177
0 0 0 0
1 0 0 0
0.161386 0.002802 -0.421895
0.7071068 0 -0.7071068
255 255 255 255
0.126232 0.511177
0 0 0 0
1 0 0 0
0.220592 0.002802 -0.481101
0.5555767 0 -0.8314652
255 255 255 255
0.127758 0.522928
0 0 0 0
1 0 0 0
0.220592 -0.019049 -0.481101
0.5555767 0 -0.8314652
255 255 255 255
0.13029 0.522958
0 0 0 0
1 0 0 0
0.162733 -0.019049 -0.519763
0.5555767 0 -0.8314652
255 255 255 255
0.129935 0.513246
0 0 0 0
1 0 0 0
0.162733 0.002802 -0.519763
0.5555767 0 -0.8314652
255 255 255 255
0.127797 0.513359
0 0 0 0
1 0 0 0
0.27283 0.002802 -0.35499
0.9807839 0 -0.1950968
255 255 255 255
0.12766 0.542079
0 0 0 0
1 0 0 0
0.27283 -0.019049 -0.35499
0.9807839 0 -0.1950968
255 255 255 255
0.130711 0.542197
0 0 0 0
1 0 0 0
0.259254 -0.019049 -0.423242
0.9807839 0 -0.1950968
255 255 255 255
0.130119 0.532687
0 0 0 0
1 0 0 0
0.259254 0.002802 -0.423242
0.9807839 0 -0.1950968
255 255 255 255
0.127753 0.532516
0 0 0 0
1 0 0 0
0.094481 0.002802 -0.439636
-0.1950968 0 0.9807839
255 255 255 255
0.127704 0.501618
0 0 0 0
1 0 0 0
0.094481 -0.000936 -0.439636
-0.1950968 0 0.9807839
255 255 255 255
0.128228 0.501546
0 0 0 0
1 0 0 0
0.094481 0.002802 -0.449607
0 1 0
255 255 255 255
0.126214 0.501043
0 0 0 0
1 0 0 0
0.094481 0.002802 -0.439636
0 1 0
255 255 255 255
0.127704 0.501618
0 0 0 0
1 0 0 0
0.262858 0.002802 -0.35499
0 1 0
255 255 255 255
0.12637 0.541608
0 0 0 0
1 0 0 0
0.27283 0.002802 -0.35499
0 1 0
255 255 255 255
0.12766 0.542079
0 0 0 0
1 0 0 0
0.094481 -0.000936 -0.523366
0 1 0
255 255 255 255
0.145556 0.58063
0 0 0 0
1 0 0 0
0.094481 -0.000936 -0.449607
0 1 0
255 255 255 255
0.159909 0.58063
0 0 0 0
1 0 0 0
0.094481 0.002802 -0.523366
-0.1950968 0 0.9807839
255 255 255 255
0.12631 0.504228
0 0 0 0
1 0 0 0
0.094481 -0.000936 -0.523366
-0.1950968 0 0.9807839
255 255 255 255
0.125794 0.504288
0 0 0 0
1 0 0 0
0.189099 0.002802 -0.35499
0.9951866 0 -0.09799868
255 255 255 255
0.126214 0.521311
0 0 0 0
1 0 0 0
0.189099 -0.000936 -0.35499
0.9951866 0 -0.09799868
255 255 255 255
0.125704 0.521446
0 0 0 0
1 0 0 0
0.094481 0.002802 -0.439636
-0.1950968 0 0.9807839
255 255 255 255
0.127671 0.503719
0 0 0 0
1 0 0 0
0.026229 0.002802 -0.453211
-0.1950968 0 0.9807839
255 255 255 255
0.127797 0.513359
0 0 0 0
1 0 0 0
0.026229 -0.000936 -0.453211
-0.1950968 0 0.9807839
255 255 255 255
0.128172 0.513225
0 0 0 0
1 0 0 0
0.094481 -0.000936 -0.439636
-0.1950968 0 0.9807839
255 255 255 255
0.128191 0.503635
0 0 0 0
1 0 0 0
0.009837 0.002802 -0.617985
0.9807839 0 -0.1950968
255 255 255 255
0.127704 0.520736
0 0 0 0
1 0 0 0
0.016279 0.002802 -0.585591
0.9238766 0 -0.3826903
255 255 255 255
0.12765 0.516044
0 0 0 0
1 0 0 0
0.016279 -0.019049 -0.585593
0.9238766 0 -0.3826903
255 255 255 255
0.130757 0.51606
0 0 0 0
1 0 0 0
0.009837 -0.019049 -0.617985
0.9807839 0 -0.1950968
255 255 255 255
0.130709 0.520765
0 0 0 0
1 0 0 0
0.007065 0.002802 -0.581776
0 1 0
255 255 255 255
0.126248 0.516252
0 0 0 0
1 0 0 0
0.016279 0.002802 -0.585591
0 1 0
255 255 255 255
0.12765 0.516044
0 0 0 0
1 0 0 0
0.009837 0.002802 -0.617985
0 1 0
255 255 255 255
0.127704 0.520736
0 0 0 0
1 0 0 0
-0.000136 0.002802 -0.617985
0 1 0
255 255 255 255
0.126214 0.521311
0 0 0 0
1 0 0 0
0.030046 0.002802 -0.462425
0 1 0
255 255 255 255
0.126573 0.513507
0 0 0 0
1 0 0 0
0.026229 0.002802 -0.453211
0 1 0
255 255 255 255
0.127797 0.513359
0 0 0 0
1 0 0 0
0.094481 0.002802 -0.439636
0 1 0
255 255 255 255
0.127671 0.503719
0 0 0 0
1 0 0 0
0.094481 0.002802 -0.449607
0 1 0
255 255 255 255
0.12631 0.504228
0 0 0 0
1 0 0 0
-0.061079 -0.000936 -0.55355
0 1 0
255 255 255 255
0.165784 0.550358
0 0 0 0
1 0 0 0
0.007065 -0.000936 -0.581776
0 1 0
255 255 255 255
0.171277 0.563619
0 0 0 0
1 0 0 0
-0.000136 -0.000936 -0.617985
0 1 0
255 255 255 255
0.178323 0.562217
0 0 0 0
1 0 0 0
-0.073895 -0.000936 -0.617985
0 1 0
255 255 255 255
0.178323 0.547864
0 0 0 0
1 0 0 0
-0.073895 0.002802 -0.617985
0.9807839 0 -0.1950968
255 255 255 255
0.12637 0.541608
0 0 0 0
1 0 0 0
-0.061079 0.002802 -0.55355
0.9238766 0 -0.3826903
255 255 255 255
0.126464 0.532317
0 0 0 0
1 0 0 0
-0.061079 -0.000936 -0.55355
0.9238766 0 -0.3826903
255 255 255 255
0.125817 0.532286
0 0 0 0
1 0 0 0
-0.073895 -0.000936 -0.617985
0.9807839 0 -0.1950968
255 255 255 255
0.125834 0.541592
0 0 0 0
1 0 0 0
0.094481 0.002802 -0.523366
-0.1950968 0 0.9807839
255 255 255 255
0.126214 0.501043
0 0 0 0
1 0 0 0
0.058272 0.002802 -0.53057
-0.3826903 0 0.9238766
255 255 255 255
0.126248 0.506103
0 0 0 0
1 0 0 0
0.058272 -0.000936 -0.53057
-0.3826903 0 0.9238766
255 255 255 255
0.125724 0.506015
0 0 0 0
1 0 0 0
0.094481 -0.000936 -0.523366
-0.1950968 0 0.9807839
255 255 255 255
0.125704 0.500908
0 0 0 0
1 0 0 0
-0.070292 0.002802 -0.549734
-0.8314652 0 0.5555767
255 255 255 255
0.127753 0.532516
0 0 0 0
1 0 0 0
-0.070292 -0.000936 -0.549734
-0.8314652 0 0.5555767
255 255 255 255
0.128157 0.532599
0 0 0 0
1 0 0 0
-0.031631 -0.000936 -0.491871
-0.8314652 0 0.5555767
255 255 255 255
0.128193 0.522984
0 0 0 0
1 0 0 0
-0.031631 0.002802 -0.491871
-0.8314652 0 0.5555767
255 255 255 255
0.127758 0.522928
0 0 0 0
1 0 0 0
0.062089 0.002802 -0.539782
0.3826903 0 -0.9238766
255 255 255 255
0.12765 0.50631
0 0 0 0
1 0 0 0
0.062089 -0.019049 -0.539783
0.3826903 0 -0.9238766
255 255 255 255
0.130731 0.506279
0 0 0 0
1 0 0 0
0.034627 -0.019049 -0.558132
0.7071068 0 -0.7071068
255 255 255 255
0.13073 0.511176
0 0 0 0
1 0 0 0
0.034627 0.002802 -0.558132
0.7071068 0 -0.7071068
255 255 255 255
0.127642 0.511177
0 0 0 0
1 0 0 0
0.058272 0.002802 -0.53057
0 1 0
255 255 255 255
0.126248 0.506103
0 0 0 0
1 0 0 0
0.062089 0.002802 -0.539782
0 1 0
255 255 255 255
0.12765 0.50631
0 0 0 0
1 0 0 0
0.034627 0.002802 -0.558132
0 1 0
255 255 255 255
0.127642 0.511177
0 0 0 0
1 0 0 0
0.027576 0.002802 -0.55108
0 1 0
255 255 255 255
0.126232 0.511177
0 0 0 0
1 0 0 0
-0.061079 0.002802 -0.55355
0 1 0
255 255 255 255
0.126464 0.532317
0 0 0 0
1 0 0 0
-0.070292 0.002802 -0.549734
0 1 0
255 255 255 255
0.127753 0.532516
0 0 0 0
1 0 0 0
-0.031631 0.002802 -0.491871
0 1 0
255 255 255 255
0.127758 0.522928
0 0 0 0
1 0 0 0
-0.024579 0.002802 -0.498925
0 1 0
255 255 255 255
0.126546 0.522916
0 0 0 0
1 0 0 0
0.030046 -0.000936 -0.462425
0 1 0
255 255 255 255
0.148051 0.568092
0 0 0 0
1 0 0 0
0.058272 -0.000936 -0.53057
0 1 0
255 255 255 255
0.161311 0.573584
0 0 0 0
1 0 0 0
0.027576 -0.000936 -0.55108
0 1 0
255 255 255 255
0.165303 0.567611
0 0 0 0
1 0 0 0
-0.024579 -0.000936 -0.498925
0 1 0
255 255 255 255
0.155154 0.557462
0 0 0 0
1 0 0 0
0.030046 0.002802 -0.462425
0.3826903 0 -0.9238766
255 255 255 255
0.126573 0.513507
0 0 0 0
1 0 0 0
0.030046 -0.000936 -0.462425
0.3826903 0 -0.9238766
255 255 255 255
0.125919 0.513554
0 0 0 0
1 0 0 0
-0.024579 -0.000936 -0.498925
0.7071068 0 -0.7071068
255 255 255 255
0.12592 0.522916
0 0 0 0
1 0 0 0
-0.024579 0.002802 -0.498925
0.7071068 0 -0.7071068
255 255 255 255
0.126546 0.522916
0 0 0 0
1 0 0 0
0.007065 0.002802 -0.581776
-0.9238766 0 0.3826903
255 255 255 255
0.126248 0.516252
0 0 0 0
1 0 0 0
0.007065 -0.000936 -0.581776
-0.9238766 0 0.3826903
255 255 255 255
0.125724 0.516339
0 0 0 0
1 0 0 0
0.027576 -0.000936 -0.55108
-0.7071068 0 0.7071068
255 255 255 255
0.125699 0.511177
0 0 0 0
1 0 0 0
0.027576 0.002802 -0.55108
-0.7071068 0 0.7071068
255 255 255 255
0.126232 0.511177
0 0 0 0
1 0 0 0
-0.031631 0.002802 -0.491871
-0.5555767 0 0.8314652
255 255 255 255
0.127758 0.522928
0 0 0 0
1 0 0 0
-0.031631 -0.000936 -0.491871
-0.5555767 0 0.8314652
255 255 255 255
0.128193 0.522984
0 0 0 0
1 0 0 0
0.026229 -0.000936 -0.453211
-0.5555767 0 0.8314652
255 255 255 255
0.128172 0.513225
0 0 0 0
1 0 0 0
0.026229 0.002802 -0.453211
-0.5555767 0 0.8314652
255 255 255 255
0.127797 0.513359
0 0 0 0
1 0 0 0
-0.083868 0.002802 -0.617985
-0.9807839 0 0.1950968
255 255 255 255
0.12766 0.542079
0 0 0 0
1 0 0 0
-0.083868 -0.000936 -0.617985
-0.9807839 0 0.1950968
255 255 255 255
0.128198 0.542354
0 0 0 0
1 0 0 0
-0.070292 -0.000936 -0.549734
-0.9807839 0 0.1950968
255 255 255 255
0.128157 0.532599
0 0 0 0
1 0 0 0
-0.070292 0.002802 -0.549734
-0.9807839 0 0.1950968
255 255 255 255
0.127753 0.532516
0 0 0 0
1 0 0 0
0.094481 0.002802 -0.533339
0.1950968 0 -0.9807839
255 255 255 255
0.127704 0.501618
0 0 0 0
1 0 0 0
0.094481 -0.019049 -0.53334
0.1950968 0 -0.9807839
255 255 255 255
0.130764 0.501564
0 0 0 0
1 0 0 0
0.094481 0.002802 -0.523366
0 1 0
255 255 255 255
0.126214 0.501043
0 0 0 0
1 0 0 0
0.094481 0.002802 -0.533339
0 1 0
255 255 255 255
0.127704 0.501618
0 0 0 0
1 0 0 0
-0.073895 0.002802 -0.617985
0 1 0
255 255 255 255
0.12637 0.541608
0 0 0 0
1 0 0 0
-0.083868 0.002802 -0.617985
0 1 0
255 255 255 255
0.12766 0.542079
0 0 0 0
1 0 0 0
0.094481 -0.000936 -0.449607
0 1 0
255 255 255 255
0.145556 0.58063
0 0 0 0
1 0 0 0
0.094481 -0.000936 -0.523366
0 1 0
255 255 255 255
0.159909 0.58063
0 0 0 0
1 0 0 0
0.094481 0.002802 -0.449607
0.1950968 0 -0.9807839
255 255 255 255
0.12631 0.504228
0 0 0 0
1 0 0 0
0.094481 -0.000936 -0.449607
0.1950968 0 -0.9807839
255 255 255 255
0.125794 0.504288
0 0 0 0
1 0 0 0
-0.000136 0.002802 -0.617985
-0.9807839 0 0.1950968
255 255 255 255
0.126214 0.521311
0 0 0 0
1 0 0 0
-0.000136 -0.000936 -0.617985
-0.9807839 0 0.1950968
255 255 255 255
0.125704 0.521446
0 0 0 0
1 0 0 0
0.094481 0.002802 0.536512
0.1950968 0 0.9807839
255 255 255 255
0.127671 0.503719
0 0 0 0
1 0 0 0
0.094481 -0.019049 0.536512
0.1950968 0 0.9807839
255 255 255 255
0.130707 0.503229
0 0 0 0
1 0 0 0
0.162733 -0.019049 0.522935
0.1950968 0 0.9807839
255 255 255 255
0.129935 0.513246
0 0 0 0
1 0 0 0
0.162733 0.002802 0.522935
0.1950968 0 0.9807839
255 255 255 255
0.127797 0.513359
0 0 0 0
1 0 0 0
0.179126 0.002802 0.358162
-0.9807839 0 -0.1950968
255 255 255 255
0.127704 0.520736
0 0 0 0
1 0 0 0
0.179126 -0.000936 0.358162
-0.9807839 0 -0.1950968
255 255 255 255
0.128218 0.52074
0 0 0 0
1 0 0 0
0.172682 -0.000936 0.390555
-0.9238766 0 -0.3826903
255 255 255 255
0.128181 0.516061
0 0 0 0
1 0 0 0
0.172682 0.002802 0.390555
-0.9238766 0 -0.3826903
255 255 255 255
0.12765 0.516044
0 0 0 0
1 0 0 0
0.181896 0.002802 0.394372
0 1 0
255 255 255 255
0.126248 0.516252
0 0 0 0
1 0 0 0
0.189099 0.002802 0.358162
0 1 0
255 255 255 255
0.126214 0.521311
0 0 0 0
1 0 0 0
0.179126 0.002802 0.358162
0 1 0
255 255 255 255
0.127704 0.520736
0 0 0 0
1 0 0 0
0.172682 0.002802 0.390555
0 1 0
255 255 255 255
0.12765 0.516044
0 0 0 0
1 0 0 0
0.158916 0.002802 0.513723
0 1 0
255 255 255 255
0.126573 0.513507
0 0 0 0
1 0 0 0
0.094481 0.002802 0.52654
0 1 0
255 255 255 255
0.12631 0.504228
0 0 0 0
1 0 0 0
0.094481 0.002802 0.536512
0 1 0
255 255 255 255
0.127671 0.503719
0 0 0 0
1 0 0 0
0.162733 0.002802 0.522935
0 1 0
255 255 255 255
0.127797 0.513359
0 0 0 0
1 0 0 0
0.250041 -0.000936 0.422598
0 1 0
255 255 255 255
0.165784 0.550358
0 0 0 0
1 0 0 0
0.262858 -0.000936 0.358162
0 1 0
255 255 255 255
0.178323 0.547864
0 0 0 0
1 0 0 0
0.189099 -0.000936 0.358162
0 1 0
255 255 255 255
0.178323 0.562217
0 0 0 0
1 0 0 0
0.181896 -0.000936 0.394372
0 1 0
255 255 255 255
0.171277 0.563619
0 0 0 0
1 0 0 0
0.262858 0.002802 0.358162
-0.9951866 0 -0.09799868
255 255 255 255
0.12637 0.541608
0 0 0 0
1 0 0 0
0.262858 -0.000936 0.358162
-0.9951866 0 -0.09799868
255 255 255 255
0.125834 0.541592
0 0 0 0
1 0 0 0
0.250041 -0.000936 0.422598
-0.9238766 0 -0.3826903
255 255 255 255
0.125817 0.532286
0 0 0 0
1 0 0 0
0.250041 0.002802 0.422598
-0.9238766 0 -0.3826903
255 255 255 255
0.126464 0.532317
0 0 0 0
1 0 0 0
0.094481 0.002802 0.45278
0.1950968 0 0.9807839
255 255 255 255
0.126214 0.501043
0 0 0 0
1 0 0 0
0.094481 -0.000936 0.45278
0.1950968 0 0.9807839
255 255 255 255
0.125704 0.500908
0 0 0 0
1 0 0 0
0.13069 -0.000936 0.44558
0.3826903 0 0.9238766
255 255 255 255
0.125724 0.506015
0 0 0 0
1 0 0 0
0.13069 0.002802 0.44558
0.3826903 0 0.9238766
255 255 255 255
0.126248 0.506103
0 0 0 0
1 0 0 0
0.259254 0.002802 0.426414
0.8314652 0 0.5555767
255 255 255 255
0.127753 0.532516
0 0 0 0
1 0 0 0
0.220592 0.002802 0.484275
0.8314652 0 0.5555767
255 255 255 255
0.127758 0.522928
0 0 0 0
1 0 0 0
0.220592 -0.019049 0.484275
0.8314652 0 0.5555767
255 255 255 255
0.13029 0.522958
0 0 0 0
1 0 0 0
0.259254 -0.019049 0.426414
0.8314652 0 0.5555767
255 255 255 255
0.130119 0.532687
0 0 0 0
1 0 0 0
0.154335 0.002802 0.418016
-0.7071068 0 -0.7071068
255 255 255 255
0.127642 0.511177
0 0 0 0
1 0 0 0
0.126874 0.002802 0.436366
-0.3826903 0 -0.9238766
255 255 255 255
0.12765 0.50631
0 0 0 0
1 0 0 0
0.154335 -0.000936 0.418016
-0.7071068 0 -0.7071068
255 255 255 255
0.12817 0.511176
0 0 0 0
1 0 0 0
0.126874 -0.000936 0.436366
-0.3826903 0 -0.9238766
255 255 255 255
0.128177 0.506283
0 0 0 0
1 0 0 0
0.13069 0.002802 0.44558
0 1 0
255 255 255 255
0.126248 0.506103
0 0 0 0
1 0 0 0
0.161386 0.002802 0.425067
0 1 0
255 255 255 255
0.126232 0.511177
0 0 0 0
1 0 0 0
0.154335 0.002802 0.418016
0 1 0
255 255 255 255
0.127642 0.511177
0 0 0 0
1 0 0 0
0.126874 0.002802 0.436366
0 1 0
255 255 255 255
0.12765 0.50631
0 0 0 0
1 0 0 0
0.250041 0.002802 0.422598
0 1 0
255 255 255 255
0.126464 0.532317
0 0 0 0
1 0 0 0
0.213542 0.002802 0.477223
0 1 0
255 255 255 255
0.126546 0.522916
0 0 0 0
1 0 0 0
0.220592 0.002802 0.484275
0 1 0
255 255 255 255
0.127758 0.522928
0 0 0 0
1 0 0 0
0.259254 0.002802 0.426414
0 1 0
255 255 255 255
0.127753 0.532516
0 0 0 0
1 0 0 0
0.213542 -0.000936 0.477223
0 1 0
255 255 255 255
0.155154 0.557462
0 0 0 0
1 0 0 0
0.158916 -0.000936 0.513723
0 1 0
255 255 255 255
0.148051 0.568092
0 0 0 0
1 0 0 0
0.161386 -0.000936 0.425067
0 1 0
255 255 255 255
0.165303 0.567611
0 0 0 0
1 0 0 0
0.13069 -0.000936 0.44558
0 1 0
255 255 255 255
0.161311 0.573584
0 0 0 0
1 0 0 0
0.213542 0.002802 0.477223
-0.7071068 0 -0.7071068
255 255 255 255
0.126546 0.522916
0 0 0 0
1 0 0 0
0.158916 0.002802 0.513723
-0.3826903 0 -0.9238766
255 255 255 255
0.126573 0.513507
0 0 0 0
1 0 0 0
0.213542 -0.000936 0.477223
-0.7071068 0 -0.7071068
255 255 255 255
0.12592 0.522916
0 0 0 0
1 0 0 0
0.158916 -0.000936 0.513723
-0.3826903 0 -0.9238766
255 255 255 255
0.125919 0.513554
0 0 0 0
1 0 0 0
0.161386 0.002802 0.425067
0.7071068 0 0.7071068
255 255 255 255
0.126232 0.511177
0 0 0 0
1 0 0 0
0.161386 -0.000936 0.425067
0.7071068 0 0.7071068
255 255 255 255
0.125699 0.511177
0 0 0 0
1 0 0 0
0.181896 0.002802 0.394372
0.9238766 0 0.3826903
255 255 255 255
0.126248 0.516252
0 0 0 0
1 0 0 0
0.181896 -0.000936 0.394372
0.9238766 0 0.3826903
255 255 255 255
0.125724 0.516339
0 0 0 0
1 0 0 0
0.220592 0.002802 0.484275
0.5555767 0 0.8314652
255 255 255 255
0.127758 0.522928
0 0 0 0
1 0 0 0
0.162733 0.002802 0.522935
0.5555767 0 0.8314652
255 255 255 255
0.127797 0.513359
0 0 0 0
1 0 0 0
0.162733 -0.019049 0.522935
0.5555767 0 0.8314652
255 255 255 255
0.129935 0.513246
0 0 0 0
1 0 0 0
0.220592 -0.019049 0.484275
0.5555767 0 0.8314652
255 255 255 255
0.13029 0.522958
0 0 0 0
1 0 0 0
0.27283 0.002802 0.358162
0.9807839 0 0.1950968
255 255 255 255
0.12766 0.542079
0 0 0 0
1 0 0 0
0.259254 0.002802 0.426414
0.9807839 0 0.1950968
255 255 255 255
0.127753 0.532516
0 0 0 0
1 0 0 0
0.259254 -0.019049 0.426414
0.9807839 0 0.1950968
255 255 255 255
0.130119 0.532687
0 0 0 0
1 0 0 0
0.27283 -0.019049 0.358162
0.9807839 0 0.1950968
255 255 255 255
0.130711 0.542197
0 0 0 0
1 0 0 0
0.094481 0.002802 0.44281
-0.1950968 0 -0.9807839
255 255 255 255
0.127704 0.501618
0 0 0 0
1 0 0 0
0.094481 -0.000936 0.44281
-0.1950968 0 -0.9807839
255 255 255 255
0.128228 0.501609
0 0 0 0
1 0 0 0
0.094481 0.002802 0.45278
0 1 0
255 255 255 255
0.126214 0.501043
0 0 0 0
1 0 0 0
0.094481 0.002802 0.44281
0 1 0
255 255 255 255
0.127704 0.501618
0 0 0 0
1 0 0 0
0.262858 0.002802 0.358162
0 1 0
255 255 255 255
0.12637 0.541608
0 0 0 0
1 0 0 0
0.27283 0.002802 0.358162
0 1 0
255 255 255 255
0.12766 0.542079
0 0 0 0
1 0 0 0
0.094481 -0.000936 0.52654
0 1 0
255 255 255 255
0.145556 0.58063
0 0 0 0
1 0 0 0
0.094481 -0.000936 0.45278
0 1 0
255 255 255 255
0.159909 0.58063
0 0 0 0
1 0 0 0
0.094481 0.002802 0.52654
-0.1950968 0 -0.9807839
255 255 255 255
0.12631 0.504228
0 0 0 0
1 0 0 0
0.094481 -0.000936 0.52654
-0.1950968 0 -0.9807839
255 255 255 255
0.125794 0.504288
0 0 0 0
1 0 0 0
0.189099 0.002802 0.358162
0.9951866 0 0.09799868
255 255 255 255
0.126214 0.521311
0 0 0 0
1 0 0 0
0.189099 -0.000936 0.358162
0.9951866 0 0.09799868
255 255 255 255
0.125704 0.521446
0 0 0 0
1 0 0 0
0.094481 0.002802 0.44281
-0.1950968 0 -0.9807839
255 255 255 255
0.127671 0.503719
0 0 0 0
1 0 0 0
0.094481 -0.000936 0.44281
-0.1950968 0 -0.9807839
255 255 255 255
0.128237 0.503039
0 0 0 0
1 0 0 0
0.026229 -0.000936 0.456386
-0.1950968 0 -0.9807839
255 255 255 255
0.128162 0.513325
0 0 0 0
1 0 0 0
0.026229 0.002802 0.456386
-0.1950968 0 -0.9807839
255 255 255 255
0.127797 0.513359
0 0 0 0
1 0 0 0
0.009837 0.002801 0.621159
0.9807839 0 0.1950968
255 255 255 255
0.127704 0.520736
0 0 0 0
1 0 0 0
0.009837 -0.01905 0.621159
0.9807839 0 0.1950968
255 255 255 255
0.130709 0.520765
0 0 0 0
1 0 0 0
0.016279 -0.01905 0.588767
0.9238766 0 0.3826903
255 255 255 255
0.130757 0.51606
0 0 0 0
1 0 0 0
0.016279 0.002802 0.588767
0.9238766 0 0.3826903
255 255 255 255
0.12765 0.516044
0 0 0 0
1 0 0 0
0.007065 0.002802 0.584949
0 1 0
255 255 255 255
0.126248 0.516252
0 0 0 0
1 0 0 0
-0.000136 0.002801 0.621159
0 1 0
255 255 255 255
0.126214 0.521311
0 0 0 0
1 0 0 0
0.009837 0.002801 0.621159
0 1 0
255 255 255 255
0.127704 0.520736
0 0 0 0
1 0 0 0
0.016279 0.002802 0.588767
0 1 0
255 255 255 255
0.12765 0.516044
0 0 0 0
1 0 0 0
0.030046 0.002802 0.465599
0 1 0
255 255 255 255
0.126573 0.513507
0 0 0 0
1 0 0 0
0.094481 0.002802 0.45278
0 1 0
255 255 255 255
0.12631 0.504228
0 0 0 0
1 0 0 0
0.094481 0.002802 0.44281
0 1 0
255 255 255 255
0.127671 0.503719
0 0 0 0
1 0 0 0
0.026229 0.002802 0.456386
0 1 0
255 255 255 255
0.127797 0.513359
0 0 0 0
1 0 0 0
-0.061079 -0.000936 0.556723
0 1 0
255 255 255 255
0.165784 0.550358
0 0 0 0
1 0 0 0
-0.073895 -0.000936 0.621159
0 1 0
255 255 255 255
0.178323 0.547864
0 0 0 0
1 0 0 0
-0.000136 -0.000936 0.621159
0 1 0
255 255 255 255
0.178323 0.562217
0 0 0 0
1 0 0 0
0.007065 -0.000936 0.584949
0 1 0
255 255 255 255
0.171277 0.563619
0 0 0 0
1 0 0 0
-0.073895 0.002801 0.621159
0.9807839 0 0.1950968
255 255 255 255
0.12637 0.541608
0 0 0 0
1 0 0 0
-0.073895 -0.000936 0.621159
0.9807839 0 0.1950968
255 255 255 255
0.125834 0.541592
0 0 0 0
1 0 0 0
-0.061079 -0.000936 0.556723
0.9238766 0 0.3826903
255 255 255 255
0.125817 0.532286
0 0 0 0
1 0 0 0
-0.061079 0.002802 0.556723
0.9238766 0 0.3826903
255 255 255 255
0.126464 0.532317
0 0 0 0
1 0 0 0
0.094481 0.002802 0.52654
-0.1950968 0 -0.9807839
255 255 255 255
0.126214 0.501043
0 0 0 0
1 0 0 0
0.094481 -0.000936 0.52654
-0.1950968 0 -0.9807839
255 255 255 255
0.125704 0.500908
0 0 0 0
1 0 0 0
0.058272 -0.000936 0.533741
-0.3826903 0 -0.9238766
255 255 255 255
0.125724 0.506015
0 0 0 0
1 0 0 0
0.058272 0.002802 0.533741
-0.3826903 0 -0.9238766
255 255 255 255
0.126248 0.506103
0 0 0 0
1 0 0 0
-0.070292 0.002802 0.552907
-0.8314652 0 -0.5555767
255 255 255 255
0.127753 0.532516
0 0 0 0
1 0 0 0
-0.031631 0.002802 0.495046
-0.8314652 0 -0.5555767
255 255 255 255
0.127758 0.522928
0 0 0 0
1 0 0 0
-0.031631 -0.000936 0.495046
-0.8314652 0 -0.5555767
255 255 255 255
0.128192 0.522927
0 0 0 0
1 0 0 0
-0.070292 -0.000936 0.552907
-0.8314652 0 -0.5555767
255 255 255 255
0.128166 0.532677
0 0 0 0
1 0 0 0
0.034627 0.002802 0.561306
0.7071068 0 0.7071068
255 255 255 255
0.127642 0.511177
0 0 0 0
1 0 0 0
0.034627 -0.019049 0.561306
0.7071068 0 0.7071068
255 255 255 255
0.13073 0.511176
0 0 0 0
1 0 0 0
0.062089 0.002802 0.542956
0.3826903 0 0.9238766
255 255 255 255
0.12765 0.50631
0 0 0 0
1 0 0 0
0.062089 -0.019049 0.542956
0.3826903 0 0.9238766
255 255 255 255
0.130731 0.506279
0 0 0 0
1 0 0 0
0.058272 0.002802 0.533741
0 1 0
255 255 255 255
0.126248 0.506103
0 0 0 0
1 0 0 0
0.027576 0.002802 0.554254
0 1 0
255 255 255 255
0.126232 0.511177
0 0 0 0
1 0 0 0
0.034627 0.002802 0.561306
0 1 0
255 255 255 255
0.127642 0.511177
0 0 0 0
1 0 0 0
0.062089 0.002802 0.542956
0 1 0
255 255 255 255
0.12765 0.50631
0 0 0 0
1 0 0 0
-0.061079 0.002802 0.556723
0 1 0
255 255 255 255
0.126464 0.532317
0 0 0 0
1 0 0 0
-0.024579 0.002802 0.502099
0 1 0
255 255 255 255
0.126546 0.522916
0 0 0 0
1 0 0 0
-0.031631 0.002802 0.495046
0 1 0
255 255 255 255
0.127758 0.522928
0 0 0 0
1 0 0 0
-0.070292 0.002802 0.552907
0 1 0
255 255 255 255
0.127753 0.532516
0 0 0 0
1 0 0 0
-0.024579 -0.000936 0.502099
0 1 0
255 255 255 255
0.155154 0.557462
0 0 0 0
1 0 0 0
0.027576 -0.000936 0.554254
0 1 0
255 255 255 255
0.165303 0.567611
0 0 0 0
1 0 0 0
0.030046 -0.000936 0.465599
0 1 0
255 255 255 255
0.148051 0.568092
0 0 0 0
1 0 0 0
0.058272 -0.000936 0.533741
0 1 0
255 255 255 255
0.161311 0.573584
0 0 0 0
1 0 0 0
-0.024579 0.002802 0.502099
0.7071068 0 0.7071068
255 255 255 255
0.126546 0.522916
0 0 0 0
1 0 0 0
-0.024579 -0.000936 0.502099
0.7071068 0 0.7071068
255 255 255 255
0.12592 0.522916
0 0 0 0
1 0 0 0
0.030046 0.002802 0.465599
0.3826903 0 0.9238766
255 255 255 255
0.126573 0.513507
0 0 0 0
1 0 0 0
0.030046 -0.000936 0.465599
0.3826903 0 0.9238766
255 255 255 255
0.125919 0.513554
0 0 0 0
1 0 0 0
0.027576 0.002802 0.554254
-0.7071068 0 -0.7071068
255 255 255 255
0.126232 0.511177
0 0 0 0
1 0 0 0
0.007065 0.002802 0.584949
-0.9238766 0 -0.3826903
255 255 255 255
0.126248 0.516252
0 0 0 0
1 0 0 0
0.027576 -0.000936 0.554254
-0.7071068 0 -0.7071068
255 255 255 255
0.125699 0.511177
0 0 0 0
1 0 0 0
0.007065 -0.000936 0.584949
-0.9238766 0 -0.3826903
255 255 255 255
0.125724 0.516339
0 0 0 0
1 0 0 0
-0.031631 0.002802 0.495046
-0.5555767 0 -0.8314652
255 255 255 255
0.127758 0.522928
0 0 0 0
1 0 0 0
0.026229 0.002802 0.456386
-0.5555767 0 -0.8314652
255 255 255 255
0.127797 0.513359
0 0 0 0
1 0 0 0
0.026229 -0.000936 0.456386
-0.5555767 0 -0.8314652
255 255 255 255
0.128162 0.513325
0 0 0 0
1 0 0 0
-0.031631 -0.000936 0.495046
-0.5555767 0 -0.8314652
255 255 255 255
0.128192 0.522927
0 0 0 0
1 0 0 0
-0.083868 0.002801 0.621159
-0.9807839 0 -0.1950968
255 255 255 255
0.12766 0.542079
0 0 0 0
1 0 0 0
-0.070292 0.002802 0.552907
-0.9807839 0 -0.1950968
255 255 255 255
0.127753 0.532516
0 0 0 0
1 0 0 0
-0.070292 -0.000936 0.552907
-0.9807839 0 -0.1950968
255 255 255 255
0.128166 0.532677
0 0 0 0
1 0 0 0
-0.083868 -0.000936 0.621159
-0.9807839 0 -0.1950968
255 255 255 255
0.128182 0.542099
0 0 0 0
1 0 0 0
0.094481 0.002802 0.536512
0.1950968 0 0.9807839
255 255 255 255
0.127704 0.501618
0 0 0 0
1 0 0 0
0.094481 -0.019049 0.536512
0.1950968 0 0.9807839
255 255 255 255
0.130764 0.501564
0 0 0 0
1 0 0 0
0.094481 0.002802 0.52654
0 1 0
255 255 255 255
0.126214 0.501043
0 0 0 0
1 0 0 0
0.094481 0.002802 0.536512
0 1 0
255 255 255 255
0.127704 0.501618
0 0 0 0
1 0 0 0
-0.073895 0.002801 0.621159
0 1 0
255 255 255 255
0.12637 0.541608
0 0 0 0
1 0 0 0
-0.083868 0.002801 0.621159
0 1 0
255 255 255 255
0.12766 0.542079
0 0 0 0
1 0 0 0
0.094481 -0.000936 0.45278
0 1 0
255 255 255 255
0.145556 0.58063
0 0 0 0
1 0 0 0
0.094481 -0.000936 0.52654
0 1 0
255 255 255 255
0.159909 0.58063
0 0 0 0
1 0 0 0
0.094481 0.002802 0.45278
0.1950968 0 0.9807839
255 255 255 255
0.12631 0.504228
0 0 0 0
1 0 0 0
0.094481 -0.000936 0.45278
0.1950968 0 0.9807839
255 255 255 255
0.125794 0.504288
0 0 0 0
1 0 0 0
-0.000136 0.002801 0.621159
-0.9807839 0 -0.1950968
255 255 255 255
0.126214 0.521311
0 0 0 0
1 0 0 0
-0.000136 -0.000936 0.621159
-0.9807839 0 -0.1950968
255 255 255 255
0.125704 0.521446
0 0 0 0
1 0 0 0
0.179126 -0.000936 0.001586
-1 0 0
255 255 255 255
0.128194 0.547053
0 0 0 0
1 0 0 0
0.179126 0.002802 0.001586
-1 0 0
255 255 255 255
0.127699 0.547053
0 0 0 0
1 0 0 0
0.179126 0.002802 -0.35499
-1 0 0
255 255 255 255
0.127699 0.50023
0 0 0 0
1 0 0 0
0.179126 -0.000936 -0.35499
-1 0 0
255 255 255 255
0.128194 0.50023
0 0 0 0
1 0 0 0
0.27283 -0.019049 0.001586
1 0 0
255 255 255 255
0.125825 0.547053
0 0 0 0
1 0 0 0
0.27283 0.002802 0.001586
1 0 0
255 255 255 255
0.128724 0.547053
0 0 0 0
1 0 0 0
0.27283 0.002802 0.358162
1 0 0
255 255 255 255
0.128724 0.593877
0 0 0 0
1 0 0 0
0.27283 -0.019049 0.358162
1 0 0
255 255 255 255
0.125825 0.593877
0 0 0 0
1 0 0 0
0.27283 0.002802 0.358162
0 1 0
255 255 255 255
0.128724 0.593877
0 0 0 0
1 0 0 0
0.27283 0.002802 0.001586
0 1 0
255 255 255 255
0.128724 0.547053
0 0 0 0
1 0 0 0
0.262858 0.002802 0.001586
0 1 0
255 255 255 255
0.130047 0.547053
0 0 0 0
1 0 0 0
0.262858 0.002802 0.358162
0 1 0
255 255 255 255
0.130047 0.593877
0 0 0 0
1 0 0 0
0.179126 0.002802 -0.35499
0 1 0
255 255 255 255
0.127699 0.50023
0 0 0 0
1 0 0 0
0.179126 0.002802 0.001586
0 1 0
255 255 255 255
0.127699 0.547053
0 0 0 0
1 0 0 0
0.189099 0.002802 0.001586
0 1 0
255 255 255 255
0.126376 0.547053
0 0 0 0
1 0 0 0
0.189099 0.002802 -0.35499
0 1 0
255 255 255 255
0.126376 0.50023
0 0 0 0
1 0 0 0
0.262858 -0.000936 0.358162
0 1 0
255 255 255 255
0.146391 0.500504
0 0 0 0
1 0 0 0
0.262858 -0.000936 0.001586
0 1 0
255 255 255 255
0.146391 0.562176
0 0 0 0
1 0 0 0
0.189099 -0.000936 0.001586
0 1 0
255 255 255 255
0.131673 0.562176
0 0 0 0
1 0 0 0
0.189099 -0.000936 0.358162
0 1 0
255 255 255 255
0.131673 0.500504
0 0 0 0
1 0 0 0
0.189099 -0.000936 0.001586
1 0 0
255 255 255 255
0.12588 0.547053
0 0 0 0
1 0 0 0
0.189099 0.002802 0.001586
1 0 0
255 255 255 255
0.126376 0.547053
0 0 0 0
1 0 0 0
0.189099 0.002802 0.358162
0.9951866 0 0.09799868
255 255 255 255
0.126376 0.593876
0 0 0 0
1 0 0 0
0.189099 -0.000936 0.358162
0.9951866 0 0.09799868
255 255 255 255
0.12588 0.593876
0 0 0 0
1 0 0 0
0.262858 -0.000936 0.001586
-1 0 0
255 255 255 255
0.130543 0.547054
0 0 0 0
1 0 0 0
0.262858 0.002802 0.001586
-1 0 0
255 255 255 255
0.130047 0.547053
0 0 0 0
1 0 0 0
0.262858 0.002802 -0.35499
-0.9951866 0 0.09799868
255 255 255 255
0.130047 0.50023
0 0 0 0
1 0 0 0
0.262858 -0.000936 -0.35499
-0.9951866 0 0.09799868
255 255 255 255
0.130543 0.50023
0 0 0 0
1 0 0 0
0.179126 -0.000936 0.001586
0 1 0
255 255 255 255
0.990167 0.131272
0 0 0 0
1 0 0 0
-0.083868 -0.000936 0.001586
0 1 0
255 255 255 255
0.941172 0.131272
0 0 0 0
1 0 0 0
-0.083868 -0.000936 0.358162
0 1 0
255 255 255 255
0.941172 0.197701
0 0 0 0
1 0 0 0
0.179126 -0.000936 0.358162
0 1 0
255 255 255 255
0.990167 0.197701
0 0 0 0
1 0 0 0
-0.070292 -0.000936 -0.549734
0 1 0
255 255 255 255
0.931916 0.234108
0 0 0 0
1 0 0 0
-0.083868 -0.000936 -0.617985
0 1 0
255 255 255 255
0.934445 0.246823
0 0 0 0
1 0 0 0
-0.083868 -0.000936 -0.35499
0 1 0
255 255 255 255
0.934445 0.197828
0 0 0 0
1 0 0 0
0.126874 -0.000936 -0.433192
0 1 0
255 255 255 255
0.895185 0.212397
0 0 0 0
1 0 0 0
0.094481 -0.000936 -0.439636
0 1 0
255 255 255 255
0.901219 0.213597
0 0 0 0
1 0 0 0
0.154335 -0.000936 -0.414843
0 1 0
255 255 255 255
0.890069 0.208978
0 0 0 0
1 0 0 0
0.026229 -0.000936 -0.453211
0 1 0
255 255 255 255
0.913934 0.216126
0 0 0 0
1 0 0 0
-0.031631 -0.000936 -0.491871
0 1 0
255 255 255 255
0.924713 0.223329
0 0 0 0
1 0 0 0
0.172682 -0.000936 -0.387382
0 1 0
255 255 255 255
0.88665 0.203863
0 0 0 0
1 0 0 0
0.179126 -0.000936 -0.35499
0 1 0
255 255 255 255
0.88545 0.197828
0 0 0 0
1 0 0 0
0.094481 -0.000936 0.44281
0 1 0
255 255 255 255
0.974398 0.21347
0 0 0 0
1 0 0 0
0.126874 -0.000936 0.436366
0 1 0
255 255 255 255
0.980433 0.21227
0 0 0 0
1 0 0 0
0.154335 -0.000936 0.418016
0 1 0
255 255 255 255
0.985548 0.208852
0 0 0 0
1 0 0 0
0.172682 -0.000936 0.390555
0 1 0
255 255 255 255
0.988967 0.203736
0 0 0 0
1 0 0 0
-0.083868 -0.000936 0.621159
0 1 0
255 255 255 255
0.941172 0.246696
0 0 0 0
1 0 0 0
-0.070292 -0.000936 0.552907
0 1 0
255 255 255 255
0.943701 0.233981
0 0 0 0
1 0 0 0
-0.031631 -0.000936 0.495046
0 1 0
255 255 255 255
0.950904 0.223202
0 0 0 0
1 0 0 0
0.026229 -0.000936 0.456386
0 1 0
255 255 255 255
0.961683 0.216
0 0 0 0
1 0 0 0
0.179126 -0.000936 0.358162
-1 0 0
255 255 255 255
0.128194 0.593876
0 0 0 0
1 0 0 0
0.179126 0.002802 0.358162
-1 0 0
255 255 255 255
0.127699 0.593876
0 0 0 0
1 0 0 0
0.27283 -0.019049 -0.35499
1 0 0
255 255 255 255
0.125825 0.50023
0 0 0 0
1 0 0 0
0.27283 0.002802 -0.35499
1 0 0
255 255 255 255
0.128725 0.50023
0 0 0 0
1 0 0 0
0.27283 0.002802 -0.35499
0 1 0
255 255 255 255
0.128725 0.50023
0 0 0 0
1 0 0 0
0.262858 0.002802 -0.35499
0 1 0
255 255 255 255
0.130047 0.50023
0 0 0 0
1 0 0 0
0.179126 0.002802 0.358162
0 1 0
255 255 255 255
0.127699 0.593876
0 0 0 0
1 0 0 0
0.189099 0.002802 0.358162
0 1 0
255 255 255 255
0.126376 0.593876
0 0 0 0
1 0 0 0
0.262858 -0.000936 -0.35499
0 1 0
255 255 255 255
0.146391 0.623849
0 0 0 0
1 0 0 0
0.189099 -0.000936 -0.35499
0 1 0
255 255 255 255
0.131673 0.623849
0 0 0 0
1 0 0 0
0.189099 -0.000936 -0.35499
0.9951866 0 -0.09799868
255 255 255 255
0.12588 0.50023
0 0 0 0
1 0 0 0
0.189099 0.002802 -0.35499
0.9951866 0 -0.09799868
255 255 255 255
0.126376 0.50023
0 0 0 0
1 0 0 0
0.262858 -0.000936 0.358162
-0.9951866 0 -0.09799868
255 255 255 255
0.130543 0.593877
0 0 0 0
1 0 0 0
0.262858 0.002802 0.358162
-0.9951866 0 -0.09799868
255 255 255 255
0.130047 0.593877
0 0 0 0
1 0 0 0
-0.083868 -0.000936 0.001586
0 1 0
255 255 255 255
0.934445 0.131399
0 0 0 0
1 0 0 0
0.179126 -0.000936 0.001586
0 1 0
255 255 255 255
0.88545 0.131399
0 0 0 0
1 0 0 0
316 # faces
0 2 1
2 0 3
4 6 5
6 4 7
8 10 9
10 8 11
12 14 13
14 12 15
16 18 17
18 16 19
20 22 21
22 20 23
24 26 25
26 24 27
28 30 29
30 28 31
32 34 33
34 32 35
36 38 37
38 36 39
40 42 41
42 40 43
44 46 45
46 44 47
48 50 49
50 48 51
52 54 53
54 52 55
56 58 57
58 56 59
60 62 61
62 60 63
64 66 65
66 64 67
68 70 69
70 68 71
72 0 1
0 72 73
74 76 75
76 74 77
78 36 37
36 78 79
80 82 81
82 80 83
84 86 85
86 84 87
88 90 89
90 88 91
92 94 93
94 92 95
96 98 97
98 96 99
100 102 101
102 100 103
104 106 105
106 104 107
108 110 109
110 108 111
112 114 113
114 112 115
116 118 117
118 116 119
119 90 118
90 119 89
120 122 121
122 120 123
124 126 125
126 124 127
128 130 129
101 131 100
130 128 131
131 101 130
132 134 133
106 135 105
134 132 135
135 106 134
136 138 137
139 110 138
110 139 109
138 136 139
140 142 141
142 140 143
123 93 122
93 123 92
127 97 126
97 127 96
144 146 145
146 144 147
117 148 116
148 117 149
150 121 151
121 150 120
152 125 153
125 152 124
129 154 128
154 129 155
133 156 132
156 133 157
137 158 136
158 137 159
160 162 161
162 160 163
164 166 165
166 164 167
168 170 169
170 168 171
172 174 173
174 172 175
176 178 177
178 176 179
180 182 181
182 180 183
184 186 185
186 184 187
188 190 189
190 188 191
192 194 193
194 192 195
166 195 165
195 166 194
196 198 197
198 196 199
200 202 201
202 200 203
204 206 205
206 204 207
207 177 206
177 207 176
208 210 209
210 208 211
211 182 210
182 211 181
212 214 213
214 212 215
186 215 185
215 186 214
216 218 217
218 216 219
199 169 198
169 199 168
203 173 202
173 203 172
220 222 221
222 220 223
193 224 192
224 193 225
226 197 227
197 226 196
228 201 229
201 228 200
205 230 204
230 205 231
209 232 208
232 209 233
213 234 212
234 213 235
236 238 237
238 236 239
240 242 241
242 240 243
244 246 245
246 244 247
248 250 249
250 248 251
252 254 253
254 252 255
256 258 257
258 256 259
260 262 261
262 260 263
264 266 265
266 264 267
268 242 243
269 270 268
242 268 270
270 269 271
272 274 273
274 272 275
276 278 277
278 276 279
280 255 252
281 282 280
255 280 282
282 281 283
284 258 259
285 286 284
258 284 286
286 285 287
288 262 263
262 288 289
290 289 288
289 290 291
292 294 293
294 292 295
273 247 244
247 273 274
277 251 248
251 277 278
296 298 297
298 296 299
300 271 269
271 300 301
302 275 272
275 302 303
304 279 276
279 304 305
306 283 281
283 306 307
308 287 285
287 308 309
310 291 290
291 310 311
312 314 313
314 312 315
316 318 317
318 316 319
320 322 321
322 320 323
324 326 325
326 324 327
328 330 329
330 328 331
332 334 333
334 332 335
336 338 337
338 336 339
340 342 341
342 340 343
344 318 319
318 344 345
346 345 344
345 346 347
348 350 349
350 348 351
352 354 353
354 352 355
356 331 328
331 356 357
358 357 356
357 358 359
360 334 335
334 360 361
362 361 360
361 362 363
364 338 339
365 366 364
338 364 366
366 365 367
368 370 369
370 368 371
349 323 320
323 349 350
353 327 324
327 353 354
372 374 373
374 372 375
376 347 346
347 376 377
378 351 348
351 378 379
380 355 352
355 380 381
382 359 358
359 382 383
384 363 362
363 384 385
386 367 365
367 386 387
388 390 389
390 388 391
392 394 393
394 392 395
396 398 397
398 396 399
400 402 401
402 400 403
404 406 405
406 404 407
408 410 409
410 408 411
412 414 413
414 412 415
416 418 417
418 416 419
420 422 421
423 422 424
425 422 423
426 422 427
427 422 420
424 422 426
428 422 425
422 428 429
430 418 431
432 419 433
419 432 418
431 418 432
434 418 435
436 418 437
435 418 436
437 418 430
389 438 388
438 389 439
393 440 392
440 393 441
398 442 397
442 398 443
402 444 401
444 402 445
406 446 405
446 406 447
409 448 408
448 409 449
413 450 412
450 413 451
429 452 422
452 429 453
