1 # bones
root
-1
0 0 0
1 # meshes
10_Road-Streight-C_0_0_0_root_root
1 # uv layers
1 # textures
atlas.jpg
0 # uv layer index
194 # vertices
-0.51713 0.00317 0.262892
0 1 0
255 255 255 255
0.135852 0.510169
0 0 0 0
1 0 0 0
-0.498629 0.00317 0.089925
0 1 0
255 255 255 255
0.135852 0.530657
0 0 0 0
1 0 0 0
-0.507141 0.00317 0.086399
0 1 0
255 255 255 255
0.137709 0.530657
0 0 0 0
1 0 0 0
-0.527103 0.00317 0.262892
0 1 0
255 255 255 255
0.137709 0.510169
0 0 0 0
1 0 0 0
-0.443371 0.00317 0.262892
-0.9986313 0 -0.05230164
255 255 255 255
0.136094 0.511759
0 0 0 0
1 0 0 0
-0.435672 0.00317 0.116003
-0.9986313 0 -0.05230164
255 255 255 255
0.136094 0.53337
0 0 0 0
1 0 0 0
-0.435672 -0.000568 0.116003
-0.9986313 0 -0.05230164
255 255 255 255
0.137063 0.53337
0 0 0 0
1 0 0 0
-0.443371 -0.000568 0.262892
-0.9986313 0 -0.05230164
255 255 255 255
0.137063 0.511759
0 0 0 0
1 0 0 0
-0.51713 -0.000568 0.262892
0.9943231 0 0.1064025
255 255 255 255
0.135174 0.510169
0 0 0 0
1 0 0 0
-0.498629 -0.000568 0.089925
0.9943231 0 0.1064025
255 255 255 255
0.135174 0.530657
0 0 0 0
1 0 0 0
-0.498629 0.00317 0.089925
0.9943231 0 0.1064025
255 255 255 255
0.135852 0.530657
0 0 0 0
1 0 0 0
-0.51713 0.00317 0.262892
0.9943231 0 0.1064025
255 255 255 255
0.135852 0.510169
0 0 0 0
1 0 0 0
-0.433399 -0.000568 0.262892
0.9990535 0 0.04349797
255 255 255 255
0.134156 0.511759
0 0 0 0
1 0 0 0
-0.427161 -0.000568 0.119528
0.9990535 0 0.04349797
255 255 255 255
0.134156 0.53337
0 0 0 0
1 0 0 0
-0.427161 0.00317 0.119528
0.9990535 0 0.04349797
255 255 255 255
0.135058 0.53337
0 0 0 0
1 0 0 0
-0.433399 0.00317 0.262892
0.9990535 0 0.04349797
255 255 255 255
0.135058 0.511759
0 0 0 0
1 0 0 0
-0.527103 0.00317 0.262892
-0.9936635 0 -0.1123959
255 255 255 255
0.137709 0.510169
0 0 0 0
1 0 0 0
-0.507141 0.00317 0.086399
-0.9936635 0 -0.1123959
255 255 255 255
0.137709 0.530657
0 0 0 0
1 0 0 0
-0.507141 -0.018681 0.086399
-0.9936635 0 -0.1123959
255 255 255 255
0.140313 0.530657
0 0 0 0
1 0 0 0
-0.527103 -0.018681 0.262892
-0.9936635 0 -0.1123959
255 255 255 255
0.140313 0.510169
0 0 0 0
1 0 0 0
-0.433399 0.00317 0.262892
0 1 0
255 255 255 255
0.135058 0.511759
0 0 0 0
1 0 0 0
-0.427161 0.00317 0.119528
0 1 0
255 255 255 255
0.135058 0.53337
0 0 0 0
1 0 0 0
-0.435672 0.00317 0.116003
0 1 0
255 255 255 255
0.136094 0.53337
0 0 0 0
1 0 0 0
-0.443371 0.00317 0.262892
0 1 0
255 255 255 255
0.136094 0.511759
0 0 0 0
1 0 0 0
-0.443371 -0.000568 0.262892
0 1 0
255 255 255 255
0.141628 0.617719
0 0 0 0
1 0 0 0
-0.435672 -0.000568 0.116003
0 1 0
255 255 255 255
0.143139 0.588892
0 0 0 0
1 0 0 0
-0.498629 -0.000568 0.089925
0 1 0
255 255 255 255
0.130784 0.583774
0 0 0 0
1 0 0 0
-0.51713 -0.000568 0.262892
0 1 0
255 255 255 255
0.127153 0.617719
0 0 0 0
1 0 0 0
-0.394122 0.00317 -0.104112
0 1 0
255 255 255 255
0.135852 0.553759
0 0 0 0
1 0 0 0
-0.224033 0.00317 -0.21576
0 1 0
255 255 255 255
0.135852 0.578826
0 0 0 0
1 0 0 0
-0.227559 0.00317 -0.224272
0 1 0
255 255 255 255
0.137709 0.578826
0 0 0 0
1 0 0 0
-0.401173 0.00317 -0.111163
0 1 0
255 255 255 255
0.137709 0.553759
0 0 0 0
1 0 0 0
-0.341967 0.00317 -0.051956
-0.5736167 0 -0.8191239
255 255 255 255
0.136094 0.558589
0 0 0 0
1 0 0 0
-0.197956 0.00317 -0.152803
-0.5736167 0 -0.8191239
255 255 255 255
0.136094 0.586442
0 0 0 0
1 0 0 0
-0.197956 -0.000568 -0.152803
-0.5736167 0 -0.8191239
255 255 255 255
0.137063 0.586442
0 0 0 0
1 0 0 0
-0.341967 -0.000568 -0.051956
-0.5736167 0 -0.8191239
255 255 255 255
0.137063 0.558589
0 0 0 0
1 0 0 0
-0.394122 -0.000568 -0.104112
0.5487089 0 0.8360136
255 255 255 255
0.135174 0.553759
0 0 0 0
1 0 0 0
-0.224033 -0.000568 -0.21576
0.5487089 0 0.8360136
255 255 255 255
0.135174 0.578826
0 0 0 0
1 0 0 0
-0.224033 0.00317 -0.21576
0.5487089 0 0.8360136
255 255 255 255
0.135852 0.578826
0 0 0 0
1 0 0 0
-0.394122 0.00317 -0.104112
0.5487089 0 0.8360136
255 255 255 255
0.135852 0.553759
0 0 0 0
1 0 0 0
-0.334915 -0.000568 -0.044905
0.5774956 0 0.8163938
255 255 255 255
0.134156 0.558589
0 0 0 0
1 0 0 0
-0.19443 -0.000568 -0.144291
0.5774956 0 0.8163938
255 255 255 255
0.134156 0.586442
0 0 0 0
1 0 0 0
-0.19443 0.00317 -0.144291
0.5774956 0 0.8163938
255 255 255 255
0.135058 0.586442
0 0 0 0
1 0 0 0
-0.334915 0.00317 -0.044905
0.5774956 0 0.8163938
255 255 255 255
0.135058 0.558589
0 0 0 0
1 0 0 0
-0.401173 0.00317 -0.111163
-0.5458773 0 -0.8378651
255 255 255 255
0.137709 0.553759
0 0 0 0
1 0 0 0
-0.227559 0.00317 -0.224272
-0.5458773 0 -0.8378651
255 255 255 255
0.137709 0.578826
0 0 0 0
1 0 0 0
-0.227559 -0.018681 -0.224272
-0.5458773 0 -0.8378651
255 255 255 255
0.140313 0.578826
0 0 0 0
1 0 0 0
-0.401173 -0.018681 -0.111163
-0.5458773 0 -0.8378651
255 255 255 255
0.140313 0.553759
0 0 0 0
1 0 0 0
-0.334915 0.00317 -0.044905
0 1 0
255 255 255 255
0.135058 0.558589
0 0 0 0
1 0 0 0
-0.19443 0.00317 -0.144291
0 1 0
255 255 255 255
0.135058 0.586442
0 0 0 0
1 0 0 0
-0.197956 0.00317 -0.152803
0 1 0
255 255 255 255
0.136094 0.586442
0 0 0 0
1 0 0 0
-0.341967 0.00317 -0.051956
0 1 0
255 255 255 255
0.136094 0.558589
0 0 0 0
1 0 0 0
-0.341967 -0.000568 -0.051956
0 1 0
255 255 255 255
0.16153 0.555929
0 0 0 0
1 0 0 0
-0.197956 -0.000568 -0.152803
0 1 0
255 255 255 255
0.189792 0.536137
0 0 0 0
1 0 0 0
-0.224033 -0.000568 -0.21576
0 1 0
255 255 255 255
0.184675 0.523781
0 0 0 0
1 0 0 0
-0.394122 -0.000568 -0.104112
0 1 0
255 255 255 255
0.151294 0.545693
0 0 0 0
1 0 0 0
-0.341967 0.00317 -0.051956
-0.8732927 0 -0.4871959
255 255 255 255
0.136094 0.558589
0 0 0 0
1 0 0 0
-0.341967 -0.000568 -0.051956
-0.8732927 0 -0.4871959
255 255 255 255
0.137063 0.558589
0 0 0 0
1 0 0 0
-0.435672 -0.000568 0.116003
-0.8732927 0 -0.4871959
255 255 255 255
0.137063 0.53337
0 0 0 0
1 0 0 0
-0.435672 0.00317 0.116003
-0.8732927 0 -0.4871959
255 255 255 255
0.136094 0.53337
0 0 0 0
1 0 0 0
-0.394122 -0.000568 -0.104112
0.8804133 0 0.4742072
255 255 255 255
0.135174 0.553759
0 0 0 0
1 0 0 0
-0.394122 0.00317 -0.104112
0.8804133 0 0.4742072
255 255 255 255
0.135852 0.553759
0 0 0 0
1 0 0 0
-0.498629 0.00317 0.089925
0.8804133 0 0.4742072
255 255 255 255
0.135852 0.530657
0 0 0 0
1 0 0 0
-0.498629 -0.000568 0.089925
0.8804133 0 0.4742072
255 255 255 255
0.135174 0.530657
0 0 0 0
1 0 0 0
-0.334915 -0.000568 -0.044905
0.8721118 0 0.4893066
255 255 255 255
0.134156 0.558589
0 0 0 0
1 0 0 0
-0.334915 0.00317 -0.044905
0.8721118 0 0.4893066
255 255 255 255
0.135058 0.558589
0 0 0 0
1 0 0 0
-0.427161 0.00317 0.119528
0.8721118 0 0.4893066
255 255 255 255
0.135058 0.53337
0 0 0 0
1 0 0 0
-0.427161 -0.000568 0.119528
0.8721118 0 0.4893066
255 255 255 255
0.134156 0.53337
0 0 0 0
1 0 0 0
-0.401173 0.00317 -0.111163
-0.8812182 0 -0.4727097
255 255 255 255
0.137709 0.553759
0 0 0 0
1 0 0 0
-0.401173 -0.018681 -0.111163
-0.8812182 0 -0.4727097
255 255 255 255
0.140313 0.553759
0 0 0 0
1 0 0 0
-0.507141 -0.018681 0.086399
-0.8812182 0 -0.4727097
255 255 255 255
0.140313 0.530657
0 0 0 0
1 0 0 0
-0.507141 0.00317 0.086399
-0.8812182 0 -0.4727097
255 255 255 255
0.137709 0.530657
0 0 0 0
1 0 0 0
-0.001232 0.00317 -0.253005
0 1 0
255 255 255 255
0.135852 0.604991
0 0 0 0
1 0 0 0
-0.001232 0.00317 -0.262978
0 1 0
255 255 255 255
0.137709 0.604991
0 0 0 0
1 0 0 0
-0.001232 0.00317 -0.179246
-0.1331986 0 -0.9910894
255 255 255 255
0.136094 0.616099
0 0 0 0
1 0 0 0
-0.001232 -0.000568 -0.179246
-0.1331986 0 -0.9910894
255 255 255 255
0.137063 0.616099
0 0 0 0
1 0 0 0
-0.197956 -0.000568 -0.152803
-0.1331986 0 -0.9910894
255 255 255 255
0.137063 0.586442
0 0 0 0
1 0 0 0
-0.197956 0.00317 -0.152803
-0.1331986 0 -0.9910894
255 255 255 255
0.136094 0.586442
0 0 0 0
1 0 0 0
-0.001232 -0.000568 -0.253005
0.1649017 0 0.98631
255 255 255 255
0.135174 0.604991
0 0 0 0
1 0 0 0
-0.001232 0.00317 -0.253005
0.1649017 0 0.98631
255 255 255 255
0.135852 0.604991
0 0 0 0
1 0 0 0
-0.224033 0.00317 -0.21576
0.1649017 0 0.98631
255 255 255 255
0.135852 0.578826
0 0 0 0
1 0 0 0
-0.224033 -0.000568 -0.21576
0.1649017 0 0.98631
255 255 255 255
0.135174 0.578826
0 0 0 0
1 0 0 0
-0.001232 -0.000568 -0.169274
0.1282061 0 0.9917475
255 255 255 255
0.134156 0.616099
0 0 0 0
1 0 0 0
-0.001232 0.00317 -0.169274
0.1282061 0 0.9917475
255 255 255 255
0.135058 0.616099
0 0 0 0
1 0 0 0
-0.19443 0.00317 -0.144291
0.1282061 0 0.9917475
255 255 255 255
0.135058 0.586442
0 0 0 0
1 0 0 0
-0.19443 -0.000568 -0.144291
0.1282061 0 0.9917475
255 255 255 255
0.134156 0.586442
0 0 0 0
1 0 0 0
-0.001232 0.00317 -0.262978
-0.1685974 0 -0.985685
255 255 255 255
0.137709 0.604991
0 0 0 0
1 0 0 0
-0.001232 -0.018681 -0.262978
-0.1685974 0 -0.985685
255 255 255 255
0.140313 0.604991
0 0 0 0
1 0 0 0
-0.227559 -0.018681 -0.224272
-0.1685974 0 -0.985685
255 255 255 255
0.140313 0.578826
0 0 0 0
1 0 0 0
-0.227559 0.00317 -0.224272
-0.1685974 0 -0.985685
255 255 255 255
0.137709 0.578826
0 0 0 0
1 0 0 0
-0.001232 0.00317 -0.169274
0 1 0
255 255 255 255
0.135058 0.616099
0 0 0 0
1 0 0 0
-0.001232 0.00317 -0.179246
0 1 0
255 255 255 255
0.136094 0.616099
0 0 0 0
1 0 0 0
-0.001232 -0.000568 -0.179246
0 1 0
255 255 255 255
0.228401 0.530947
0 0 0 0
1 0 0 0
-0.001232 -0.000568 -0.253005
0 1 0
255 255 255 255
0.228401 0.516472
0 0 0 0
1 0 0 0
-0.433399 -0.000568 0.262892
0 1 0
255 255 255 255
0.37569 0.871966
0 0 0 0
1 0 0 0
-0.001232 -0.000568 0.262892
0 1 0
255 255 255 255
0.486086 0.871567
0 0 0 0
1 0 0 0
-0.001232 -0.000568 0.119528
0 1 0
255 255 255 255
0.475145 0.826943
0 0 0 0
1 0 0 0
-0.427161 -0.000568 0.119528
0 1 0
255 255 255 255
0.376148 0.840125
0 0 0 0
1 0 0 0
-0.334915 -0.000568 -0.044905
0 1 0
255 255 255 255
0.376256 0.803526
0 0 0 0
1 0 0 0
-0.001232 -0.000568 -0.044905
0 1 0
255 255 255 255
0.426964 0.788298
0 0 0 0
1 0 0 0
-0.001232 -0.000568 -0.169274
0 1 0
255 255 255 255
0.3764 0.766091
0 0 0 0
1 0 0 0
-0.19443 -0.000568 -0.144291
0 1 0
255 255 255 255
0.376233 0.781326
0 0 0 0
1 0 0 0
0.514666 0.00317 0.262892
0 1 0
255 255 255 255
0.135852 0.510169
0 0 0 0
1 0 0 0
0.524639 0.00317 0.262892
0 1 0
255 255 255 255
0.137709 0.510169
0 0 0 0
1 0 0 0
0.504677 0.00317 0.086399
0 1 0
255 255 255 255
0.137709 0.530657
0 0 0 0
1 0 0 0
0.496165 0.00317 0.089925
0 1 0
255 255 255 255
0.135852 0.530657
0 0 0 0
1 0 0 0
0.440907 0.00317 0.262892
0.9986313 0 -0.05230164
255 255 255 255
0.136094 0.511759
0 0 0 0
1 0 0 0
0.440907 -0.000568 0.262892
0.9986313 0 -0.05230164
255 255 255 255
0.137063 0.511759
0 0 0 0
1 0 0 0
0.433208 -0.000568 0.116003
0.9986313 0 -0.05230164
255 255 255 255
0.137063 0.53337
0 0 0 0
1 0 0 0
0.433208 0.00317 0.116003
0.9986313 0 -0.05230164
255 255 255 255
0.136094 0.53337
0 0 0 0
1 0 0 0
0.514666 -0.000568 0.262892
-0.9943231 0 0.1064025
255 255 255 255
0.135174 0.510169
0 0 0 0
1 0 0 0
0.514666 0.00317 0.262892
-0.9943231 0 0.1064025
255 255 255 255
0.135852 0.510169
0 0 0 0
1 0 0 0
0.496165 0.00317 0.089925
-0.9943231 0 0.1064025
255 255 255 255
0.135852 0.530657
0 0 0 0
1 0 0 0
0.496165 -0.000568 0.089925
-0.9943231 0 0.1064025
255 255 255 255
0.135174 0.530657
0 0 0 0
1 0 0 0
0.430935 -0.000568 0.262892
-0.9990535 0 0.04349797
255 255 255 255
0.134156 0.511759
0 0 0 0
1 0 0 0
0.430935 0.00317 0.262892
-0.9990535 0 0.04349797
255 255 255 255
0.135058 0.511759
0 0 0 0
1 0 0 0
0.424696 0.00317 0.119528
-0.9990535 0 0.04349797
255 255 255 255
0.135058 0.53337
0 0 0 0
1 0 0 0
0.424696 -0.000568 0.119528
-0.9990535 0 0.04349797
255 255 255 255
0.134156 0.53337
0 0 0 0
1 0 0 0
0.524639 0.00317 0.262892
0.9936635 0 -0.1123959
255 255 255 255
0.137709 0.510169
0 0 0 0
1 0 0 0
0.524639 -0.018681 0.262892
0.9936635 0 -0.1123959
255 255 255 255
0.140313 0.510169
0 0 0 0
1 0 0 0
0.504677 -0.018681 0.086399
0.9936635 0 -0.1123959
255 255 255 255
0.140313 0.530657
0 0 0 0
1 0 0 0
0.504677 0.00317 0.086399
0.9936635 0 -0.1123959
255 255 255 255
0.137709 0.530657
0 0 0 0
1 0 0 0
0.430935 0.00317 0.262892
0 1 0
255 255 255 255
0.135058 0.511759
0 0 0 0
1 0 0 0
0.440907 0.00317 0.262892
0 1 0
255 255 255 255
0.136094 0.511759
0 0 0 0
1 0 0 0
0.433208 0.00317 0.116003
0 1 0
255 255 255 255
0.136094 0.53337
0 0 0 0
1 0 0 0
0.424696 0.00317 0.119528
0 1 0
255 255 255 255
0.135058 0.53337
0 0 0 0
1 0 0 0
0.440907 -0.000568 0.262892
0 1 0
255 255 255 255
0.141628 0.617719
0 0 0 0
1 0 0 0
0.514666 -0.000568 0.262892
0 1 0
255 255 255 255
0.127153 0.617719
0 0 0 0
1 0 0 0
0.496165 -0.000568 0.089925
0 1 0
255 255 255 255
0.130784 0.583774
0 0 0 0
1 0 0 0
0.433208 -0.000568 0.116003
0 1 0
255 255 255 255
0.143139 0.588892
0 0 0 0
1 0 0 0
0.225095 0.00317 -0.224272
0 1 0
255 255 255 255
0.137709 0.578826
0 0 0 0
1 0 0 0
0.391658 0.00317 -0.104112
0 1 0
255 255 255 255
0.135852 0.553759
0 0 0 0
1 0 0 0
0.398709 0.00317 -0.111163
0 1 0
255 255 255 255
0.137709 0.553759
0 0 0 0
1 0 0 0
0.221569 0.00317 -0.21576
0 1 0
255 255 255 255
0.135852 0.578826
0 0 0 0
1 0 0 0
0.339502 0.00317 -0.051956
0.5736167 0 -0.8191239
255 255 255 255
0.136094 0.558589
0 0 0 0
1 0 0 0
0.339502 -0.000568 -0.051956
0.5736167 0 -0.8191239
255 255 255 255
0.137063 0.558589
0 0 0 0
1 0 0 0
0.195492 -0.000568 -0.152803
0.5736167 0 -0.8191239
255 255 255 255
0.137063 0.586442
0 0 0 0
1 0 0 0
0.195492 0.00317 -0.152803
0.5736167 0 -0.8191239
255 255 255 255
0.136094 0.586442
0 0 0 0
1 0 0 0
0.391658 -0.000568 -0.104112
-0.5487089 0 0.8360136
255 255 255 255
0.135174 0.553759
0 0 0 0
1 0 0 0
0.391658 0.00317 -0.104112
-0.5487089 0 0.8360136
255 255 255 255
0.135852 0.553759
0 0 0 0
1 0 0 0
0.221569 0.00317 -0.21576
-0.5487089 0 0.8360136
255 255 255 255
0.135852 0.578826
0 0 0 0
1 0 0 0
0.221569 -0.000568 -0.21576
-0.5487089 0 0.8360136
255 255 255 255
0.135174 0.578826
0 0 0 0
1 0 0 0
0.332451 -0.000568 -0.044905
-0.5774956 0 0.8163938
255 255 255 255
0.134156 0.558589
0 0 0 0
1 0 0 0
0.332451 0.00317 -0.044905
-0.5774956 0 0.8163938
255 255 255 255
0.135058 0.558589
0 0 0 0
1 0 0 0
0.191966 0.00317 -0.144291
-0.5774956 0 0.8163938
255 255 255 255
0.135058 0.586442
0 0 0 0
1 0 0 0
0.191966 -0.000568 -0.144291
-0.5774956 0 0.8163938
255 255 255 255
0.134156 0.586442
0 0 0 0
1 0 0 0
0.398709 0.00317 -0.111163
0.5458773 0 -0.8378651
255 255 255 255
0.137709 0.553759
0 0 0 0
1 0 0 0
0.398709 -0.018681 -0.111163
0.5458773 0 -0.8378651
255 255 255 255
0.140313 0.553759
0 0 0 0
1 0 0 0
0.225095 -0.018681 -0.224272
0.5458773 0 -0.8378651
255 255 255 255
0.140313 0.578826
0 0 0 0
1 0 0 0
0.225095 0.00317 -0.224272
0.5458773 0 -0.8378651
255 255 255 255
0.137709 0.578826
0 0 0 0
1 0 0 0
0.332451 0.00317 -0.044905
0 1 0
255 255 255 255
0.135058 0.558589
0 0 0 0
1 0 0 0
0.339502 0.00317 -0.051956
0 1 0
255 255 255 255
0.136094 0.558589
0 0 0 0
1 0 0 0
0.195492 0.00317 -0.152803
0 1 0
255 255 255 255
0.136094 0.586442
0 0 0 0
1 0 0 0
0.191966 0.00317 -0.144291
0 1 0
255 255 255 255
0.135058 0.586442
0 0 0 0
1 0 0 0
0.221569 -0.000568 -0.21576
0 1 0
255 255 255 255
0.184675 0.523781
0 0 0 0
1 0 0 0
0.339502 -0.000568 -0.051956
0 1 0
255 255 255 255
0.16153 0.555929
0 0 0 0
1 0 0 0
0.391658 -0.000568 -0.104112
0 1 0
255 255 255 255
0.151294 0.545693
0 0 0 0
1 0 0 0
0.195492 -0.000568 -0.152803
0 1 0
255 255 255 255
0.189792 0.536137
0 0 0 0
1 0 0 0
0.339502 0.00317 -0.051956
0.8732927 0 -0.4871959
255 255 255 255
0.136094 0.558589
0 0 0 0
1 0 0 0
0.433208 0.00317 0.116003
0.8732927 0 -0.4871959
255 255 255 255
0.136094 0.53337
0 0 0 0
1 0 0 0
0.433208 -0.000568 0.116003
0.8732927 0 -0.4871959
255 255 255 255
0.137063 0.53337
0 0 0 0
1 0 0 0
0.339502 -0.000568 -0.051956
0.8732927 0 -0.4871959
255 255 255 255
0.137063 0.558589
0 0 0 0
1 0 0 0
0.391658 -0.000568 -0.104112
-0.8804133 0 0.4742072
255 255 255 255
0.135174 0.553759
0 0 0 0
1 0 0 0
0.496165 -0.000568 0.089925
-0.8804133 0 0.4742072
255 255 255 255
0.135174 0.530657
0 0 0 0
1 0 0 0
0.496165 0.00317 0.089925
-0.8804133 0 0.4742072
255 255 255 255
0.135852 0.530657
0 0 0 0
1 0 0 0
0.391658 0.00317 -0.104112
-0.8804133 0 0.4742072
255 255 255 255
0.135852 0.553759
0 0 0 0
1 0 0 0
0.332451 -0.000568 -0.044905
-0.8721118 0 0.4893066
255 255 255 255
0.134156 0.558589
0 0 0 0
1 0 0 0
0.424696 -0.000568 0.119528
-0.8721118 0 0.4893066
255 255 255 255
0.134156 0.53337
0 0 0 0
1 0 0 0
0.424696 0.00317 0.119528
-0.8721118 0 0.4893066
255 255 255 255
0.135058 0.53337
0 0 0 0
1 0 0 0
0.332451 0.00317 -0.044905
-0.8721118 0 0.4893066
255 255 255 255
0.135058 0.558589
0 0 0 0
1 0 0 0
0.398709 0.00317 -0.111163
0.8812182 0 -0.4727097
255 255 255 255
0.137709 0.553759
0 0 0 0
1 0 0 0
0.504677 0.00317 0.086399
0.8812182 0 -0.4727097
255 255 255 255
0.137709 0.530657
0 0 0 0
1 0 0 0
0.504677 -0.018681 0.086399
0.8812182 0 -0.4727097
255 255 255 255
0.140313 0.530657
0 0 0 0
1 0 0 0
0.398709 -0.018681 -0.111163
0.8812182 0 -0.4727097
255 255 255 255
0.140313 0.553759
0 0 0 0
1 0 0 0
-0.001232 0.00317 -0.179246
0.1331986 0 -0.9910894
255 255 255 255
0.136094 0.616099
0 0 0 0
1 0 0 0
0.195492 0.00317 -0.152803
0.1331986 0 -0.9910894
255 255 255 255
0.136094 0.586442
0 0 0 0
1 0 0 0
0.195492 -0.000568 -0.152803
0.1331986 0 -0.9910894
255 255 255 255
0.137063 0.586442
0 0 0 0
1 0 0 0
-0.001232 -0.000568 -0.179246
0.1331986 0 -0.9910894
255 255 255 255
0.137063 0.616099
0 0 0 0
1 0 0 0
-0.001232 -0.000568 -0.253005
-0.1649017 0 0.98631
255 255 255 255
0.135174 0.604991
0 0 0 0
1 0 0 0
0.221569 -0.000568 -0.21576
-0.1649017 0 0.98631
255 255 255 255
0.135174 0.578826
0 0 0 0
1 0 0 0
0.221569 0.00317 -0.21576
-0.1649017 0 0.98631
255 255 255 255
0.135852 0.578826
0 0 0 0
1 0 0 0
-0.001232 0.00317 -0.253005
-0.1649017 0 0.98631
255 255 255 255
0.135852 0.604991
0 0 0 0
1 0 0 0
-0.001232 -0.000568 -0.169274
-0.1282061 0 0.9917475
255 255 255 255
0.134156 0.616099
0 0 0 0
1 0 0 0
0.191966 -0.000568 -0.144291
-0.1282061 0 0.9917475
255 255 255 255
0.134156 0.586442
0 0 0 0
1 0 0 0
0.191966 0.00317 -0.144291
-0.1282061 0 0.9917475
255 255 255 255
0.135058 0.586442
0 0 0 0
1 0 0 0
-0.001232 0.00317 -0.169274
-0.1282061 0 0.9917475
255 255 255 255
0.135058 0.616099
0 0 0 0
1 0 0 0
-0.001232 0.00317 -0.262978
0.1685974 0 -0.985685
255 255 255 255
0.137709 0.604991
0 0 0 0
1 0 0 0
0.225095 0.00317 -0.224272
0.1685974 0 -0.985685
255 255 255 255
0.137709 0.578826
0 0 0 0
1 0 0 0
0.225095 -0.018681 -0.224272
0.1685974 0 -0.985685
255 255 255 255
0.140313 0.578826
0 0 0 0
1 0 0 0
-0.001232 -0.018681 -0.262978
0.1685974 0 -0.985685
255 255 255 255
0.140313 0.604991
0 0 0 0
1 0 0 0
0.430935 -0.000568 0.262892
0 1 0
255 255 255 255
0.37569 0.871966
0 0 0 0
1 0 0 0
0.424696 -0.000568 0.119528
0 1 0
255 255 255 255
0.376148 0.840125
0 0 0 0
1 0 0 0
0.332451 -0.000568 -0.044905
0 1 0
255 255 255 255
0.376256 0.803526
0 0 0 0
1 0 0 0
0.191966 -0.000568 -0.144291
0 1 0
255 255 255 255
0.376233 0.781326
0 0 0 0
1 0 0 0
124 # faces
0 2 1
2 0 3
4 6 5
6 4 7
8 10 9
10 8 11
12 14 13
14 12 15
16 18 17
18 16 19
20 22 21
22 20 23
24 26 25
26 24 27
28 30 29
30 28 31
32 34 33
34 32 35
36 38 37
38 36 39
40 42 41
42 40 43
44 46 45
46 44 47
48 50 49
50 48 51
52 54 53
54 52 55
28 2 31
2 28 1
56 58 57
58 56 59
60 62 61
62 60 63
64 66 65
66 64 67
68 70 69
70 68 71
48 22 51
22 48 21
52 26 55
26 52 25
30 72 29
72 30 73
74 76 75
76 74 77
78 80 79
80 78 81
82 84 83
84 82 85
86 88 87
88 86 89
50 90 49
90 50 91
54 92 53
92 54 93
94 96 95
96 94 97
98 96 97
96 98 99
99 101 100
101 99 98
102 104 103
104 102 105
106 108 107
108 106 109
110 112 111
112 110 113
114 116 115
116 114 117
118 120 119
120 118 121
122 124 123
124 122 125
126 128 127
128 126 129
130 72 73
131 130 132
72 130 133
130 131 133
134 136 135
136 134 137
138 140 139
140 138 141
142 144 143
144 142 145
146 148 147
148 146 149
150 152 151
152 90 91
90 152 153
152 150 153
154 92 93
155 154 156
154 155 157
92 154 157
104 131 132
131 104 105
158 160 159
160 158 161
162 164 163
164 162 165
166 168 167
168 166 169
170 172 171
172 170 173
150 124 125
124 150 151
155 128 129
128 155 156
174 176 175
176 174 177
178 180 179
180 178 181
182 184 183
184 182 185
186 188 187
188 186 189
190 96 191
96 190 95
192 96 99
96 192 191
193 99 100
99 193 192
