1 # bones
root
-1
0 0 0
1 # meshes
10_Road-Duble-Cross-B-C_0_0_0_root_root
1 # uv layers
1 # textures
atlas.jpg
0 # uv layer index
373 # vertices
-0.842155 -0.000865 -0.209584
0 1 0
255 255 255 255
0.437144 0.771269
0 0 0 0
1 0 0 0
-0.842155 -0.000865 0.006499
0 1 0
255 255 255 255
0.375207 0.771269
0 0 0 0
1 0 0 0
-0.438643 -0.000865 0.006499
0 1 0
255 255 255 255
0.375207 0.837688
0 0 0 0
1 0 0 0
-0.222583 -0.000865 -0.209584
0 1 0
255 255 255 255
0.437144 0.873263
0 0 0 0
1 0 0 0
-0.0065 -0.000865 -0.829156
0 1 0
255 255 255 255
0.375207 0.771269
0 0 0 0
1 0 0 0
-0.222583 -0.000865 -0.829156
0 1 0
255 255 255 255
0.437144 0.771269
0 0 0 0
1 0 0 0
-0.0065 -0.000865 -0.42569
0 1 0
255 255 255 255
0.375207 0.837688
0 0 0 0
1 0 0 0
-0.222583 -0.000865 0.006499
0 1 0
255 255 255 255
0.437144 0.837692
0 0 0 0
1 0 0 0
-0.842155 -0.000865 0.222582
0 1 0
255 255 255 255
0.437144 0.771269
0 0 0 0
1 0 0 0
-0.222583 -0.000865 0.222582
0 1 0
255 255 255 255
0.437144 0.873263
0 0 0 0
1 0 0 0
-0.0065 -0.000865 0.842155
0 1 0
255 255 255 255
0.375207 0.771269
0 0 0 0
1 0 0 0
-0.0065 -0.000865 0.438689
0 1 0
255 255 255 255
0.375207 0.837688
0 0 0 0
1 0 0 0
-0.222583 -0.000865 0.842155
0 1 0
255 255 255 255
0.437144 0.771269
0 0 0 0
1 0 0 0
-0.0065 -0.000865 -0.209584
0 1 0
255 255 255 255
0.437214 0.806841
0 0 0 0
1 0 0 0
-0.222583 -0.000865 -0.209584
0 1 0
255 255 255 255
0.437214 0.771269
0 0 0 0
1 0 0 0
-0.0065 -0.000865 0.006499
0 1 0
255 255 255 255
0.49985 0.806841
0 0 0 0
1 0 0 0
-0.0065 -0.000865 -0.209584
0 1 0
255 255 255 255
0.437144 0.837692
0 0 0 0
1 0 0 0
-0.222583 -0.000865 0.006499
0 1 0
255 255 255 255
0.437214 0.806841
0 0 0 0
1 0 0 0
-0.222583 -0.000865 0.222582
0 1 0
255 255 255 255
0.437214 0.771269
0 0 0 0
1 0 0 0
-0.0065 -0.000865 0.222582
0 1 0
255 255 255 255
0.437214 0.806841
0 0 0 0
1 0 0 0
-0.0065 -0.000865 0.222582
0 1 0
255 255 255 255
0.437144 0.837692
0 0 0 0
1 0 0 0
0.209584 -0.000865 -0.209584
0 1 0
255 255 255 255
0.437144 0.873263
0 0 0 0
1 0 0 0
0.829156 -0.000865 -0.209584
0 1 0
255 255 255 255
0.437144 0.771269
0 0 0 0
1 0 0 0
0.425644 -0.000865 0.006499
0 1 0
255 255 255 255
0.375207 0.837688
0 0 0 0
1 0 0 0
0.829156 -0.000865 0.006499
0 1 0
255 255 255 255
0.375207 0.771269
0 0 0 0
1 0 0 0
0.209584 -0.000865 -0.829156
0 1 0
255 255 255 255
0.437144 0.771269
0 0 0 0
1 0 0 0
0.209584 -0.000865 0.006499
0 1 0
255 255 255 255
0.437144 0.837692
0 0 0 0
1 0 0 0
0.829156 -0.000865 0.222582
0 1 0
255 255 255 255
0.437144 0.771269
0 0 0 0
1 0 0 0
0.209584 -0.000865 0.222582
0 1 0
255 255 255 255
0.437144 0.873263
0 0 0 0
1 0 0 0
0.209584 -0.000865 0.842155
0 1 0
255 255 255 255
0.437144 0.771269
0 0 0 0
1 0 0 0
0.209584 -0.000865 -0.209584
0 1 0
255 255 255 255
0.437214 0.771269
0 0 0 0
1 0 0 0
0.209584 -0.000865 0.006499
0 1 0
255 255 255 255
0.437214 0.806841
0 0 0 0
1 0 0 0
0.209584 -0.000865 0.222582
0 1 0
255 255 255 255
0.437214 0.771269
0 0 0 0
1 0 0 0
-0.842155 -0.018978 -0.519371
0.0001 0 -1
255 255 255 255
0.130562 0.582042
0 0 0 0
1 0 0 0
-0.842155 0.002873 -0.519371
0.0001 0 -1
255 255 255 255
0.127663 0.582042
0 0 0 0
1 0 0 0
-0.609803 0.002873 -0.519358
-0.2858889 0 -0.9582627
255 255 255 255
0.127663 0.55153
0 0 0 0
1 0 0 0
-0.609803 -0.018978 -0.519358
-0.2858889 0 -0.9582627
255 255 255 255
0.130562 0.55153
0 0 0 0
1 0 0 0
-0.842155 0.002873 -0.509398
0 1 0
255 255 255 255
0.12634 0.582042
0 0 0 0
1 0 0 0
-0.602324 0.002873 -0.509386
0 1 0
255 255 255 255
0.12634 0.550548
0 0 0 0
1 0 0 0
-0.609803 0.002873 -0.519358
0 1 0
255 255 255 255
0.127663 0.55153
0 0 0 0
1 0 0 0
-0.842155 0.002873 -0.519371
0 1 0
255 255 255 255
0.127663 0.582042
0 0 0 0
1 0 0 0
-0.842155 -0.000865 -0.43564
0 1 0
255 255 255 255
0.175576 0.50172
0 0 0 0
1 0 0 0
-0.547008 -0.000865 -0.43563
0 1 0
255 255 255 255
0.168523 0.56268
0 0 0 0
1 0 0 0
-0.602324 -0.000865 -0.509386
0 1 0
255 255 255 255
0.185298 0.552852
0 0 0 0
1 0 0 0
-0.842155 -0.000865 -0.509398
0 1 0
255 255 255 255
0.19103 0.50172
0 0 0 0
1 0 0 0
-0.842155 0.002873 -0.43564
0 0 -1
255 255 255 255
0.127666 0.582042
0 0 0 0
1 0 0 0
-0.547008 0.002873 -0.435631
-0.2387927 -0.0002999909 -0.9710705
255 255 255 255
0.127666 0.543284
0 0 0 0
1 0 0 0
-0.547008 -0.000865 -0.43563
-0.2387927 -0.0002999909 -0.9710705
255 255 255 255
0.128162 0.543284
0 0 0 0
1 0 0 0
-0.842155 -0.000865 -0.43564
0 0 -1
255 255 255 255
0.128162 0.582042
0 0 0 0
1 0 0 0
-0.53953 -0.000865 -0.425658
0 1 0
255 255 255 255
0.49985 0.823444
0 0 0 0
1 0 0 0
-0.842155 -0.000865 -0.425667
0 1 0
255 255 255 255
0.49985 0.873263
0 0 0 0
1 0 0 0
-0.842155 -0.000865 -0.209584
0 1 0
255 255 255 255
0.437214 0.873263
0 0 0 0
1 0 0 0
-0.53953 0.002873 -0.425658
0.426293 0 0.9045851
255 255 255 255
0.126343 0.542302
0 0 0 0
1 0 0 0
-0.53953 -0.000865 -0.425658
0.426293 0 0.9045851
255 255 255 255
0.125847 0.542302
0 0 0 0
1 0 0 0
-0.47097 -0.000865 -0.457971
0.426293 0 0.9045851
255 255 255 255
0.125847 0.529055
0 0 0 0
1 0 0 0
-0.47097 0.002873 -0.457971
0.426293 0 0.9045851
255 255 255 255
0.126343 0.529055
0 0 0 0
1 0 0 0
-0.482434 0.002873 -0.469435
0 1 0
255 255 255 255
0.127666 0.530365
0 0 0 0
1 0 0 0
-0.547008 0.002873 -0.435631
0 1 0
255 255 255 255
0.127666 0.543284
0 0 0 0
1 0 0 0
-0.53953 0.002873 -0.425658
0 1 0
255 255 255 255
0.126343 0.542302
0 0 0 0
1 0 0 0
-0.47097 0.002873 -0.457971
0 1 0
255 255 255 255
0.126343 0.529055
0 0 0 0
1 0 0 0
-0.602324 0.002873 -0.509386
0.2633966 0 0.9646877
255 255 255 255
0.12634 0.550548
0 0 0 0
1 0 0 0
-0.602324 -0.000865 -0.509386
0.2633966 0 0.9646877
255 255 255 255
0.125844 0.550548
0 0 0 0
1 0 0 0
-0.55205 -0.000865 -0.539051
0.7071068 0 0.7071068
255 255 255 255
0.125844 0.54005
0 0 0 0
1 0 0 0
-0.55205 0.002873 -0.539051
0.7071068 0 0.7071068
255 255 255 255
0.12634 0.54005
0 0 0 0
1 0 0 0
-0.532357 -0.018978 -0.596804
-0.9582627 0 -0.2858889
255 255 255 255
0.130562 0.55153
0 0 0 0
1 0 0 0
-0.532357 0.002873 -0.596804
-0.9582627 0 -0.2858889
255 255 255 255
0.127663 0.55153
0 0 0 0
1 0 0 0
-0.532369 0.002873 -0.829156
-1 0 0.0001
255 255 255 255
0.127663 0.582042
0 0 0 0
1 0 0 0
-0.532369 -0.018978 -0.829156
-1 0 0.0001
255 255 255 255
0.130562 0.582042
0 0 0 0
1 0 0 0
-0.522397 0.002873 -0.829156
0 1 0
255 255 255 255
0.12634 0.582042
0 0 0 0
1 0 0 0
-0.532369 0.002873 -0.829156
0 1 0
255 255 255 255
0.127663 0.582042
0 0 0 0
1 0 0 0
-0.532357 0.002873 -0.596804
0 1 0
255 255 255 255
0.127663 0.55153
0 0 0 0
1 0 0 0
-0.522385 0.002873 -0.589326
0 1 0
255 255 255 255
0.12634 0.550548
0 0 0 0
1 0 0 0
-0.448638 -0.000865 -0.829156
0 1 0
255 255 255 255
0.189277 0.50172
0 0 0 0
1 0 0 0
-0.522397 -0.000865 -0.829156
0 1 0
255 255 255 255
0.173723 0.50172
0 0 0 0
1 0 0 0
-0.522385 -0.000865 -0.589326
0 1 0
255 255 255 255
0.173725 0.552194
0 0 0 0
1 0 0 0
-0.448629 -0.000865 -0.534009
0 1 0
255 255 255 255
0.189279 0.563858
0 0 0 0
1 0 0 0
-0.448629 -0.000865 -0.534009
-0.9710706 0 -0.2387928
255 255 255 255
0.128162 0.543284
0 0 0 0
1 0 0 0
-0.448629 0.002873 -0.534009
-0.9710706 0 -0.2387928
255 255 255 255
0.127666 0.543284
0 0 0 0
1 0 0 0
-0.448638 0.002873 -0.829156
-1 0 0
255 255 255 255
0.127666 0.582042
0 0 0 0
1 0 0 0
-0.448638 -0.000865 -0.829156
-1 0 0
255 255 255 255
0.128162 0.582042
0 0 0 0
1 0 0 0
-0.438666 -0.000865 -0.829156
0 1 0
255 255 255 255
0.49985 0.873263
0 0 0 0
1 0 0 0
-0.438657 -0.000865 -0.526531
0 1 0
255 255 255 255
0.49985 0.823444
0 0 0 0
1 0 0 0
-0.222583 -0.000865 -0.829156
0 1 0
255 255 255 255
0.437214 0.873263
0 0 0 0
1 0 0 0
-0.47097 -0.000865 -0.457971
0.9045851 0 0.426293
255 255 255 255
0.125847 0.529055
0 0 0 0
1 0 0 0
-0.438657 -0.000865 -0.526531
0.9045851 0 0.426293
255 255 255 255
0.125847 0.542302
0 0 0 0
1 0 0 0
-0.438657 0.002873 -0.526531
0.9045851 0 0.426293
255 255 255 255
0.126343 0.542302
0 0 0 0
1 0 0 0
-0.47097 0.002873 -0.457971
0.9045851 0 0.426293
255 255 255 255
0.126343 0.529055
0 0 0 0
1 0 0 0
-0.438657 0.002873 -0.526531
0 1 0
255 255 255 255
0.126343 0.542302
0 0 0 0
1 0 0 0
-0.448629 0.002873 -0.534009
0 1 0
255 255 255 255
0.127666 0.543284
0 0 0 0
1 0 0 0
-0.522385 0.002873 -0.589326
0.9646877 0 0.2633966
255 255 255 255
0.12634 0.550548
0 0 0 0
1 0 0 0
-0.522385 -0.000865 -0.589326
0.9646877 0 0.2633966
255 255 255 255
0.125844 0.550548
0 0 0 0
1 0 0 0
-0.842155 0.002873 -0.425667
0 0 1
255 255 255 255
0.126343 0.582042
0 0 0 0
1 0 0 0
-0.842155 -0.000865 -0.425667
0 0 1
255 255 255 255
0.125847 0.582042
0 0 0 0
1 0 0 0
-0.53953 -0.000865 -0.425658
0 0 1
255 255 255 255
0.125847 0.542302
0 0 0 0
1 0 0 0
-0.53953 0.002873 -0.425658
0 0 1
255 255 255 255
0.126343 0.542302
0 0 0 0
1 0 0 0
-0.842155 0.002873 -0.43564
0 1 0
255 255 255 255
0.127666 0.582042
0 0 0 0
1 0 0 0
-0.842155 0.002873 -0.425667
0 1 0
255 255 255 255
0.126343 0.582042
0 0 0 0
1 0 0 0
-0.842155 0.002873 -0.509398
0 0 1
255 255 255 255
0.12634 0.582042
0 0 0 0
1 0 0 0
-0.842155 -0.000865 -0.509398
0 0 1
255 255 255 255
0.125844 0.582042
0 0 0 0
1 0 0 0
-0.438666 -0.000865 -0.829156
1 0 0
255 255 255 255
0.125847 0.582042
0 0 0 0
1 0 0 0
-0.438666 0.002873 -0.829156
1 0 0
255 255 255 255
0.126343 0.582042
0 0 0 0
1 0 0 0
-0.438657 0.002873 -0.526531
1 0 0
255 255 255 255
0.126343 0.542302
0 0 0 0
1 0 0 0
-0.438657 -0.000865 -0.526531
1 0 0
255 255 255 255
0.125847 0.542302
0 0 0 0
1 0 0 0
-0.438666 0.002873 -0.829156
0 1 0
255 255 255 255
0.126343 0.582042
0 0 0 0
1 0 0 0
-0.448638 0.002873 -0.829156
0 1 0
255 255 255 255
0.127666 0.582042
0 0 0 0
1 0 0 0
-0.522397 -0.000865 -0.829156
1 0 -0.0001
255 255 255 255
0.125844 0.582042
0 0 0 0
1 0 0 0
-0.522397 0.002873 -0.829156
1 0 -0.0001
255 255 255 255
0.12634 0.582042
0 0 0 0
1 0 0 0
-0.563009 0.002873 -0.55001
-0.7071068 0 -0.7071068
255 255 255 255
0.127663 0.541359
0 0 0 0
1 0 0 0
-0.563009 -0.018978 -0.55001
-0.7071068 0 -0.7071068
255 255 255 255
0.130562 0.541359
0 0 0 0
1 0 0 0
-0.563009 0.002873 -0.55001
0 1 0
255 255 255 255
0.127663 0.541359
0 0 0 0
1 0 0 0
-0.55205 0.002873 -0.539051
0 1 0
255 255 255 255
0.12634 0.54005
0 0 0 0
1 0 0 0
-0.482434 -0.000865 -0.469435
0 1 0
255 255 255 255
0.174065 0.577017
0 0 0 0
1 0 0 0
-0.55205 -0.000865 -0.539051
0 1 0
255 255 255 255
0.190313 0.564093
0 0 0 0
1 0 0 0
-0.482434 0.002873 -0.469435
-0.7071068 0 -0.7071068
255 255 255 255
0.127666 0.530365
0 0 0 0
1 0 0 0
-0.482434 -0.000865 -0.469435
-0.7071068 0 -0.7071068
255 255 255 255
0.128162 0.530365
0 0 0 0
1 0 0 0
-0.55205 -0.000865 -0.539051
0 1 0
255 255 255 255
0.16747 0.562796
0 0 0 0
1 0 0 0
-0.482434 -0.000865 -0.469435
0 1 0
255 255 255 255
0.18215 0.577476
0 0 0 0
1 0 0 0
-0.47097 -0.000865 -0.457971
0 1 0
255 255 255 255
0.49985 0.806837
0 0 0 0
1 0 0 0
-0.842155 -0.018978 0.532369
0.0001 0 1
255 255 255 255
0.130562 0.582042
0 0 0 0
1 0 0 0
-0.609803 -0.018978 0.532357
-0.2858889 0 0.9582627
255 255 255 255
0.130562 0.55153
0 0 0 0
1 0 0 0
-0.609803 0.002873 0.532357
-0.2858889 0 0.9582627
255 255 255 255
0.127663 0.55153
0 0 0 0
1 0 0 0
-0.842155 0.002873 0.532369
0.0001 0 1
255 255 255 255
0.127663 0.582042
0 0 0 0
1 0 0 0
-0.842155 0.002873 0.522396
0 1 0
255 255 255 255
0.12634 0.582042
0 0 0 0
1 0 0 0
-0.842155 0.002873 0.532369
0 1 0
255 255 255 255
0.127663 0.582042
0 0 0 0
1 0 0 0
-0.609803 0.002873 0.532357
0 1 0
255 255 255 255
0.127663 0.55153
0 0 0 0
1 0 0 0
-0.602324 0.002873 0.522385
0 1 0
255 255 255 255
0.12634 0.550548
0 0 0 0
1 0 0 0
-0.842155 -0.000865 0.448638
0 1 0
255 255 255 255
0.175576 0.50172
0 0 0 0
1 0 0 0
-0.842155 -0.000865 0.522396
0 1 0
255 255 255 255
0.19103 0.50172
0 0 0 0
1 0 0 0
-0.602324 -0.000865 0.522385
0 1 0
255 255 255 255
0.185298 0.552852
0 0 0 0
1 0 0 0
-0.547008 -0.000865 0.448629
0 1 0
255 255 255 255
0.168523 0.56268
0 0 0 0
1 0 0 0
-0.842155 0.002873 0.448638
0 0 1
255 255 255 255
0.127666 0.582042
0 0 0 0
1 0 0 0
-0.842155 -0.000865 0.448638
0 0 1
255 255 255 255
0.128162 0.582042
0 0 0 0
1 0 0 0
-0.547008 -0.000865 0.448629
-0.2387928 0 0.9710706
255 255 255 255
0.128162 0.543284
0 0 0 0
1 0 0 0
-0.547008 0.002873 0.448629
-0.2387928 0 0.9710706
255 255 255 255
0.127666 0.543284
0 0 0 0
1 0 0 0
-0.842155 -0.000865 0.222582
0 1 0
255 255 255 255
0.437214 0.873263
0 0 0 0
1 0 0 0
-0.842155 -0.000865 0.438665
0 1 0
255 255 255 255
0.49985 0.873263
0 0 0 0
1 0 0 0
-0.539529 -0.000865 0.438657
0 1 0
255 255 255 255
0.49985 0.823444
0 0 0 0
1 0 0 0
-0.539529 0.002873 0.438657
0.426293 0 -0.9045851
255 255 255 255
0.126343 0.542302
0 0 0 0
1 0 0 0
-0.47097 0.002873 0.47097
0.426293 0 -0.9045851
255 255 255 255
0.126343 0.529055
0 0 0 0
1 0 0 0
-0.47097 -0.000865 0.47097
0.426293 0 -0.9045851
255 255 255 255
0.125847 0.529055
0 0 0 0
1 0 0 0
-0.539529 -0.000865 0.438657
0.426293 0 -0.9045851
255 255 255 255
0.125847 0.542302
0 0 0 0
1 0 0 0
-0.482434 0.002873 0.482433
0 1 0
255 255 255 255
0.127666 0.530365
0 0 0 0
1 0 0 0
-0.47097 0.002873 0.47097
0 1 0
255 255 255 255
0.126343 0.529055
0 0 0 0
1 0 0 0
-0.539529 0.002873 0.438657
0 1 0
255 255 255 255
0.126343 0.542302
0 0 0 0
1 0 0 0
-0.547008 0.002873 0.448629
0 1 0
255 255 255 255
0.127666 0.543284
0 0 0 0
1 0 0 0
-0.602324 0.002873 0.522385
0.2633966 0 -0.9646877
255 255 255 255
0.12634 0.550548
0 0 0 0
1 0 0 0
-0.55205 0.002873 0.55205
0.7071068 0 -0.7071068
255 255 255 255
0.12634 0.54005
0 0 0 0
1 0 0 0
-0.55205 -0.000865 0.55205
0.7071068 0 -0.7071068
255 255 255 255
0.125844 0.54005
0 0 0 0
1 0 0 0
-0.602324 -0.000865 0.522385
0.2633966 0 -0.9646877
255 255 255 255
0.125844 0.550548
0 0 0 0
1 0 0 0
-0.532357 -0.018978 0.609803
-0.9582627 0 0.2858889
255 255 255 255
0.130562 0.55153
0 0 0 0
1 0 0 0
-0.532369 -0.018978 0.842155
-1 0 -0.0001
255 255 255 255
0.130562 0.582042
0 0 0 0
1 0 0 0
-0.532369 0.002873 0.842155
-1 0 -0.0001
255 255 255 255
0.127663 0.582042
0 0 0 0
1 0 0 0
-0.532357 0.002873 0.609803
-0.9582627 0 0.2858889
255 255 255 255
0.127663 0.55153
0 0 0 0
1 0 0 0
-0.522397 0.002873 0.842155
0 1 0
255 255 255 255
0.12634 0.582042
0 0 0 0
1 0 0 0
-0.522385 0.002873 0.602324
0 1 0
255 255 255 255
0.12634 0.550548
0 0 0 0
1 0 0 0
-0.532357 0.002873 0.609803
0 1 0
255 255 255 255
0.127663 0.55153
0 0 0 0
1 0 0 0
-0.532369 0.002873 0.842155
0 1 0
255 255 255 255
0.127663 0.582042
0 0 0 0
1 0 0 0
-0.448638 -0.000865 0.842155
0 1 0
255 255 255 255
0.189277 0.50172
0 0 0 0
1 0 0 0
-0.448629 -0.000865 0.547008
0 1 0
255 255 255 255
0.189279 0.563858
0 0 0 0
1 0 0 0
-0.522385 -0.000865 0.602324
0 1 0
255 255 255 255
0.173725 0.552194
0 0 0 0
1 0 0 0
-0.522397 -0.000865 0.842155
0 1 0
255 255 255 255
0.173723 0.50172
0 0 0 0
1 0 0 0
-0.448629 -0.000865 0.547008
-0.9710706 0 0.2387928
255 255 255 255
0.128162 0.543284
0 0 0 0
1 0 0 0
-0.448638 -0.000865 0.842155
-1 0 0
255 255 255 255
0.128162 0.582042
0 0 0 0
1 0 0 0
-0.448638 0.002873 0.842155
-1 0 0
255 255 255 255
0.127666 0.582042
0 0 0 0
1 0 0 0
-0.448629 0.002873 0.547008
-0.9710706 0 0.2387928
255 255 255 255
0.127666 0.543284
0 0 0 0
1 0 0 0
-0.438666 -0.000865 0.842155
0 1 0
255 255 255 255
0.49985 0.873263
0 0 0 0
1 0 0 0
-0.222583 -0.000865 0.842155
0 1 0
255 255 255 255
0.437214 0.873263
0 0 0 0
1 0 0 0
-0.438657 -0.000865 0.539529
0 1 0
255 255 255 255
0.49985 0.823444
0 0 0 0
1 0 0 0
-0.47097 -0.000865 0.47097
0.9045851 0 -0.426293
255 255 255 255
0.125847 0.529055
0 0 0 0
1 0 0 0
-0.47097 0.002873 0.47097
0.9045851 0 -0.426293
255 255 255 255
0.126343 0.529055
0 0 0 0
1 0 0 0
-0.438657 0.002873 0.539529
0.9045851 0 -0.426293
255 255 255 255
0.126343 0.542302
0 0 0 0
1 0 0 0
-0.438657 -0.000865 0.539529
0.9045851 0 -0.426293
255 255 255 255
0.125847 0.542302
0 0 0 0
1 0 0 0
-0.438657 0.002873 0.539529
0 1 0
255 255 255 255
0.126343 0.542302
0 0 0 0
1 0 0 0
-0.448629 0.002873 0.547008
0 1 0
255 255 255 255
0.127666 0.543284
0 0 0 0
1 0 0 0
-0.522385 0.002873 0.602324
0.9646877 0 -0.2633966
255 255 255 255
0.12634 0.550548
0 0 0 0
1 0 0 0
-0.522385 -0.000865 0.602324
0.9646877 0 -0.2633966
255 255 255 255
0.125844 0.550548
0 0 0 0
1 0 0 0
-0.842155 0.002873 0.438665
0 0 -1
255 255 255 255
0.126343 0.582042
0 0 0 0
1 0 0 0
-0.539529 0.002873 0.438657
0 0 -1
255 255 255 255
0.126343 0.542302
0 0 0 0
1 0 0 0
-0.539529 -0.000865 0.438657
0 0 -1
255 255 255 255
0.125847 0.542302
0 0 0 0
1 0 0 0
-0.842155 -0.000865 0.438665
0 0 -1
255 255 255 255
0.125847 0.582042
0 0 0 0
1 0 0 0
-0.842155 0.002873 0.438665
0 1 0
255 255 255 255
0.126343 0.582042
0 0 0 0
1 0 0 0
-0.842155 0.002873 0.448638
0 1 0
255 255 255 255
0.127666 0.582042
0 0 0 0
1 0 0 0
-0.842155 0.002873 0.522396
0 0 -1
255 255 255 255
0.12634 0.582042
0 0 0 0
1 0 0 0
-0.842155 -0.000865 0.522396
0 0 -1
255 255 255 255
0.125844 0.582042
0 0 0 0
1 0 0 0
-0.438666 -0.000865 0.842155
1 0 0
255 255 255 255
0.125847 0.582042
0 0 0 0
1 0 0 0
-0.438657 -0.000865 0.539529
1 0 0
255 255 255 255
0.125847 0.542302
0 0 0 0
1 0 0 0
-0.438657 0.002873 0.539529
1 0 0
255 255 255 255
0.126343 0.542302
0 0 0 0
1 0 0 0
-0.438666 0.002873 0.842155
1 0 0
255 255 255 255
0.126343 0.582042
0 0 0 0
1 0 0 0
-0.438666 0.002873 0.842155
0 1 0
255 255 255 255
0.126343 0.582042
0 0 0 0
1 0 0 0
-0.448638 0.002873 0.842155
0 1 0
255 255 255 255
0.127666 0.582042
0 0 0 0
1 0 0 0
-0.522397 -0.000865 0.842155
1 0 0.0001
255 255 255 255
0.125844 0.582042
0 0 0 0
1 0 0 0
-0.522397 0.002873 0.842155
1 0 0.0001
255 255 255 255
0.12634 0.582042
0 0 0 0
1 0 0 0
-0.563009 0.002873 0.563008
-0.7071068 0 0.7071068
255 255 255 255
0.127663 0.541359
0 0 0 0
1 0 0 0
-0.563009 -0.018978 0.563008
-0.7071068 0 0.7071068
255 255 255 255
0.130562 0.541359
0 0 0 0
1 0 0 0
-0.563009 0.002873 0.563008
0 1 0
255 255 255 255
0.127663 0.541359
0 0 0 0
1 0 0 0
-0.55205 0.002873 0.55205
0 1 0
255 255 255 255
0.12634 0.54005
0 0 0 0
1 0 0 0
-0.55205 -0.000865 0.55205
0 1 0
255 255 255 255
0.190313 0.564093
0 0 0 0
1 0 0 0
-0.482434 -0.000865 0.482433
0 1 0
255 255 255 255
0.174065 0.577017
0 0 0 0
1 0 0 0
-0.482434 0.002873 0.482433
-0.7071068 0 0.7071068
255 255 255 255
0.127666 0.530365
0 0 0 0
1 0 0 0
-0.482434 -0.000865 0.482433
-0.7071068 0 0.7071068
255 255 255 255
0.128162 0.530365
0 0 0 0
1 0 0 0
-0.55205 -0.000865 0.55205
0 1 0
255 255 255 255
0.16747 0.562796
0 0 0 0
1 0 0 0
-0.482434 -0.000865 0.482433
0 1 0
255 255 255 255
0.18215 0.577476
0 0 0 0
1 0 0 0
-0.47097 -0.000865 0.47097
0 1 0
255 255 255 255
0.49985 0.806837
0 0 0 0
1 0 0 0
0.829156 -0.018978 -0.51937
-0.0001 0 -1
255 255 255 255
0.130562 0.582042
0 0 0 0
1 0 0 0
0.596805 -0.018978 -0.519358
0.2858889 0 -0.9582627
255 255 255 255
0.130562 0.55153
0 0 0 0
1 0 0 0
0.596805 0.002873 -0.519358
0.2858889 0 -0.9582627
255 255 255 255
0.127663 0.55153
0 0 0 0
1 0 0 0
0.829156 0.002873 -0.51937
-0.0001 0 -1
255 255 255 255
0.127663 0.582042
0 0 0 0
1 0 0 0
0.829156 0.002873 -0.509398
0 1 0
255 255 255 255
0.12634 0.582042
0 0 0 0
1 0 0 0
0.829156 0.002873 -0.51937
0 1 0
255 255 255 255
0.127663 0.582042
0 0 0 0
1 0 0 0
0.596805 0.002873 -0.519358
0 1 0
255 255 255 255
0.127663 0.55153
0 0 0 0
1 0 0 0
0.589326 0.002873 -0.509386
0 1 0
255 255 255 255
0.12634 0.550548
0 0 0 0
1 0 0 0
0.829156 -0.000865 -0.435639
0 1 0
255 255 255 255
0.175576 0.50172
0 0 0 0
1 0 0 0
0.829156 -0.000865 -0.509398
0 1 0
255 255 255 255
0.19103 0.50172
0 0 0 0
1 0 0 0
0.589326 -0.000865 -0.509386
0 1 0
255 255 255 255
0.185298 0.552852
0 0 0 0
1 0 0 0
0.534009 -0.000865 -0.43563
0 1 0
255 255 255 255
0.168523 0.56268
0 0 0 0
1 0 0 0
0.829156 0.002873 -0.435639
0 0 -1
255 255 255 255
0.127666 0.582042
0 0 0 0
1 0 0 0
0.829156 -0.000865 -0.435639
0 0 -1
255 255 255 255
0.128162 0.582042
0 0 0 0
1 0 0 0
0.534009 -0.000865 -0.43563
0.2387927 -0.0002999909 -0.9710705
255 255 255 255
0.128162 0.543284
0 0 0 0
1 0 0 0
0.534009 0.002873 -0.435631
0.2387927 -0.0002999909 -0.9710705
255 255 255 255
0.127666 0.543284
0 0 0 0
1 0 0 0
0.829156 -0.000865 -0.209584
0 1 0
255 255 255 255
0.437214 0.873263
0 0 0 0
1 0 0 0
0.829156 -0.000865 -0.425667
0 1 0
255 255 255 255
0.49985 0.873263
0 0 0 0
1 0 0 0
0.52653 -0.000865 -0.425658
0 1 0
255 255 255 255
0.49985 0.823444
0 0 0 0
1 0 0 0
0.52653 0.002873 -0.425658
-0.426293 0 0.9045851
255 255 255 255
0.126343 0.542302
0 0 0 0
1 0 0 0
0.457972 0.002873 -0.457971
-0.426293 0 0.9045851
255 255 255 255
0.126343 0.529055
0 0 0 0
1 0 0 0
0.457972 -0.000865 -0.457971
-0.426293 0 0.9045851
255 255 255 255
0.125847 0.529055
0 0 0 0
1 0 0 0
0.52653 -0.000865 -0.425658
-0.426293 0 0.9045851
255 255 255 255
0.125847 0.542302
0 0 0 0
1 0 0 0
0.469435 0.002873 -0.469435
0 1 0
255 255 255 255
0.127666 0.530365
0 0 0 0
1 0 0 0
0.457972 0.002873 -0.457971
0 1 0
255 255 255 255
0.126343 0.529055
0 0 0 0
1 0 0 0
0.52653 0.002873 -0.425658
0 1 0
255 255 255 255
0.126343 0.542302
0 0 0 0
1 0 0 0
0.534009 0.002873 -0.435631
0 1 0
255 255 255 255
0.127666 0.543284
0 0 0 0
1 0 0 0
0.589326 0.002873 -0.509386
-0.2633966 0 0.9646877
255 255 255 255
0.12634 0.550548
0 0 0 0
1 0 0 0
0.539051 0.002873 -0.539051
-0.7071068 0 0.7071068
255 255 255 255
0.12634 0.54005
0 0 0 0
1 0 0 0
0.539051 -0.000865 -0.539051
-0.7071068 0 0.7071068
255 255 255 255
0.125844 0.54005
0 0 0 0
1 0 0 0
0.589326 -0.000865 -0.509386
-0.2633966 0 0.9646877
255 255 255 255
0.125844 0.550548
0 0 0 0
1 0 0 0
0.519358 -0.018978 -0.596804
0.9582627 0 -0.2858889
255 255 255 255
0.130562 0.55153
0 0 0 0
1 0 0 0
0.519371 -0.018978 -0.829156
1 0 0.0001
255 255 255 255
0.130562 0.582042
0 0 0 0
1 0 0 0
0.519371 0.002873 -0.829156
1 0 0.0001
255 255 255 255
0.127663 0.582042
0 0 0 0
1 0 0 0
0.519358 0.002873 -0.596804
0.9582627 0 -0.2858889
255 255 255 255
0.127663 0.55153
0 0 0 0
1 0 0 0
0.509398 0.002873 -0.829156
0 1 0
255 255 255 255
0.12634 0.582042
0 0 0 0
1 0 0 0
0.509386 0.002873 -0.589326
0 1 0
255 255 255 255
0.12634 0.550548
0 0 0 0
1 0 0 0
0.519358 0.002873 -0.596804
0 1 0
255 255 255 255
0.127663 0.55153
0 0 0 0
1 0 0 0
0.519371 0.002873 -0.829156
0 1 0
255 255 255 255
0.127663 0.582042
0 0 0 0
1 0 0 0
0.435639 -0.000865 -0.829156
0 1 0
255 255 255 255
0.189277 0.50172
0 0 0 0
1 0 0 0
0.435631 -0.000865 -0.534009
0 1 0
255 255 255 255
0.189279 0.563858
0 0 0 0
1 0 0 0
0.509386 -0.000865 -0.589326
0 1 0
255 255 255 255
0.173725 0.552194
0 0 0 0
1 0 0 0
0.509398 -0.000865 -0.829156
0 1 0
255 255 255 255
0.173723 0.50172
0 0 0 0
1 0 0 0
0.435631 -0.000865 -0.534009
0.9710706 0 -0.2387928
255 255 255 255
0.128162 0.543284
0 0 0 0
1 0 0 0
0.435639 -0.000865 -0.829156
1 0 0
255 255 255 255
0.128162 0.582042
0 0 0 0
1 0 0 0
0.435639 0.002873 -0.829156
1 0 0
255 255 255 255
0.127666 0.582042
0 0 0 0
1 0 0 0
0.435631 0.002873 -0.534009
0.9710706 0 -0.2387928
255 255 255 255
0.127666 0.543284
0 0 0 0
1 0 0 0
0.425667 -0.000865 -0.829156
0 1 0
255 255 255 255
0.49985 0.873263
0 0 0 0
1 0 0 0
0.209584 -0.000865 -0.829156
0 1 0
255 255 255 255
0.437214 0.873263
0 0 0 0
1 0 0 0
0.425658 -0.000865 -0.526531
0 1 0
255 255 255 255
0.49985 0.823444
0 0 0 0
1 0 0 0
0.457972 -0.000865 -0.457971
-0.9045851 0 0.426293
255 255 255 255
0.125847 0.529055
0 0 0 0
1 0 0 0
0.457972 0.002873 -0.457971
-0.9045851 0 0.426293
255 255 255 255
0.126343 0.529055
0 0 0 0
1 0 0 0
0.425658 0.002873 -0.526531
-0.9045851 0 0.426293
255 255 255 255
0.126343 0.542302
0 0 0 0
1 0 0 0
0.425658 -0.000865 -0.526531
-0.9045851 0 0.426293
255 255 255 255
0.125847 0.542302
0 0 0 0
1 0 0 0
0.425658 0.002873 -0.526531
0 1 0
255 255 255 255
0.126343 0.542302
0 0 0 0
1 0 0 0
0.435631 0.002873 -0.534009
0 1 0
255 255 255 255
0.127666 0.543284
0 0 0 0
1 0 0 0
0.509386 0.002873 -0.589326
-0.9646877 0 0.2633966
255 255 255 255
0.12634 0.550548
0 0 0 0
1 0 0 0
0.509386 -0.000865 -0.589326
-0.9646877 0 0.2633966
255 255 255 255
0.125844 0.550548
0 0 0 0
1 0 0 0
0.829156 0.002873 -0.425667
0 0 1
255 255 255 255
0.126343 0.582042
0 0 0 0
1 0 0 0
0.52653 0.002873 -0.425658
0 0 1
255 255 255 255
0.126343 0.542302
0 0 0 0
1 0 0 0
0.52653 -0.000865 -0.425658
0 0 1
255 255 255 255
0.125847 0.542302
0 0 0 0
1 0 0 0
0.829156 -0.000865 -0.425667
0 0 1
255 255 255 255
0.125847 0.582042
0 0 0 0
1 0 0 0
0.829156 0.002873 -0.425667
0 1 0
255 255 255 255
0.126343 0.582042
0 0 0 0
1 0 0 0
0.829156 0.002873 -0.435639
0 1 0
255 255 255 255
0.127666 0.582042
0 0 0 0
1 0 0 0
0.829156 0.002873 -0.509398
0 0 1
255 255 255 255
0.12634 0.582042
0 0 0 0
1 0 0 0
0.829156 -0.000865 -0.509398
0 0 1
255 255 255 255
0.125844 0.582042
0 0 0 0
1 0 0 0
0.425667 -0.000865 -0.829156
-1 0 0
255 255 255 255
0.125847 0.582042
0 0 0 0
1 0 0 0
0.425658 -0.000865 -0.526531
-1 0 0
255 255 255 255
0.125847 0.542302
0 0 0 0
1 0 0 0
0.425658 0.002873 -0.526531
-1 0 0
255 255 255 255
0.126343 0.542302
0 0 0 0
1 0 0 0
0.425667 0.002873 -0.829156
-1 0 0
255 255 255 255
0.126343 0.582042
0 0 0 0
1 0 0 0
0.425667 0.002873 -0.829156
0 1 0
255 255 255 255
0.126343 0.582042
0 0 0 0
1 0 0 0
0.435639 0.002873 -0.829156
0 1 0
255 255 255 255
0.127666 0.582042
0 0 0 0
1 0 0 0
0.509398 -0.000865 -0.829156
-1 0 0
255 255 255 255
0.125844 0.582042
0 0 0 0
1 0 0 0
0.509398 0.002873 -0.829156
-1 0 0
255 255 255 255
0.12634 0.582042
0 0 0 0
1 0 0 0
0.55001 0.002873 -0.55001
0.7071068 0 -0.7071068
255 255 255 255
0.127663 0.541359
0 0 0 0
1 0 0 0
0.55001 -0.018978 -0.55001
0.7071068 0 -0.7071068
255 255 255 255
0.130562 0.541359
0 0 0 0
1 0 0 0
0.55001 0.002873 -0.55001
0 1 0
255 255 255 255
0.127663 0.541359
0 0 0 0
1 0 0 0
0.539051 0.002873 -0.539051
0 1 0
255 255 255 255
0.12634 0.54005
0 0 0 0
1 0 0 0
0.539051 -0.000865 -0.539051
0 1 0
255 255 255 255
0.190313 0.564093
0 0 0 0
1 0 0 0
0.469435 -0.000865 -0.469435
0 1 0
255 255 255 255
0.174065 0.577017
0 0 0 0
1 0 0 0
0.469435 0.002873 -0.469435
0.7071068 0 -0.7071068
255 255 255 255
0.127666 0.530365
0 0 0 0
1 0 0 0
0.469435 -0.000865 -0.469435
0.7071068 0 -0.7071068
255 255 255 255
0.128162 0.530365
0 0 0 0
1 0 0 0
0.539051 -0.000865 -0.539051
0 1 0
255 255 255 255
0.16747 0.562796
0 0 0 0
1 0 0 0
0.469435 -0.000865 -0.469435
0 1 0
255 255 255 255
0.18215 0.577476
0 0 0 0
1 0 0 0
0.457972 -0.000865 -0.457971
0 1 0
255 255 255 255
0.49985 0.806837
0 0 0 0
1 0 0 0
0.829156 -0.018978 0.532369
-0.0001 0 1
255 255 255 255
0.130562 0.582042
0 0 0 0
1 0 0 0
0.829156 0.002873 0.532369
-0.0001 0 1
255 255 255 255
0.127663 0.582042
0 0 0 0
1 0 0 0
0.596805 0.002873 0.532357
0.2858889 0 0.9582627
255 255 255 255
0.127663 0.55153
0 0 0 0
1 0 0 0
0.596805 -0.018978 0.532357
0.2858889 0 0.9582627
255 255 255 255
0.130562 0.55153
0 0 0 0
1 0 0 0
0.829156 0.002873 0.522397
0 1 0
255 255 255 255
0.12634 0.582042
0 0 0 0
1 0 0 0
0.589326 0.002873 0.522385
0 1 0
255 255 255 255
0.12634 0.550548
0 0 0 0
1 0 0 0
0.596805 0.002873 0.532357
0 1 0
255 255 255 255
0.127663 0.55153
0 0 0 0
1 0 0 0
0.829156 0.002873 0.532369
0 1 0
255 255 255 255
0.127663 0.582042
0 0 0 0
1 0 0 0
0.829156 -0.000865 0.448638
0 1 0
255 255 255 255
0.175576 0.50172
0 0 0 0
1 0 0 0
0.534009 -0.000865 0.448629
0 1 0
255 255 255 255
0.168523 0.56268
0 0 0 0
1 0 0 0
0.589326 -0.000865 0.522385
0 1 0
255 255 255 255
0.185298 0.552852
0 0 0 0
1 0 0 0
0.829156 -0.000865 0.522397
0 1 0
255 255 255 255
0.19103 0.50172
0 0 0 0
1 0 0 0
0.829156 0.002873 0.448638
0 0 1
255 255 255 255
0.127666 0.582042
0 0 0 0
1 0 0 0
0.534009 0.002873 0.448629
0.2387928 0 0.9710706
255 255 255 255
0.127666 0.543284
0 0 0 0
1 0 0 0
0.534009 -0.000865 0.448629
0.2387928 0 0.9710706
255 255 255 255
0.128162 0.543284
0 0 0 0
1 0 0 0
0.829156 -0.000865 0.448638
0 0 1
255 255 255 255
0.128162 0.582042
0 0 0 0
1 0 0 0
0.52653 -0.000865 0.438657
0 1 0
255 255 255 255
0.49985 0.823444
0 0 0 0
1 0 0 0
0.829156 -0.000865 0.438666
0 1 0
255 255 255 255
0.49985 0.873263
0 0 0 0
1 0 0 0
0.829156 -0.000865 0.222582
0 1 0
255 255 255 255
0.437214 0.873263
0 0 0 0
1 0 0 0
0.52653 0.002873 0.438657
-0.426293 0 -0.9045851
255 255 255 255
0.126343 0.542302
0 0 0 0
1 0 0 0
0.52653 -0.000865 0.438657
-0.426293 0 -0.9045851
255 255 255 255
0.125847 0.542302
0 0 0 0
1 0 0 0
0.457972 -0.000865 0.47097
-0.426293 0 -0.9045851
255 255 255 255
0.125847 0.529055
0 0 0 0
1 0 0 0
0.457972 0.002873 0.47097
-0.426293 0 -0.9045851
255 255 255 255
0.126343 0.529055
0 0 0 0
1 0 0 0
0.469435 0.002873 0.482433
0 1 0
255 255 255 255
0.127666 0.530365
0 0 0 0
1 0 0 0
0.534009 0.002873 0.448629
0 1 0
255 255 255 255
0.127666 0.543284
0 0 0 0
1 0 0 0
0.52653 0.002873 0.438657
0 1 0
255 255 255 255
0.126343 0.542302
0 0 0 0
1 0 0 0
0.457972 0.002873 0.47097
0 1 0
255 255 255 255
0.126343 0.529055
0 0 0 0
1 0 0 0
0.589326 0.002873 0.522385
-0.2633966 0 -0.9646877
255 255 255 255
0.12634 0.550548
0 0 0 0
1 0 0 0
0.589326 -0.000865 0.522385
-0.2633966 0 -0.9646877
255 255 255 255
0.125844 0.550548
0 0 0 0
1 0 0 0
0.539051 -0.000865 0.55205
-0.7071068 0 -0.7071068
255 255 255 255
0.125844 0.54005
0 0 0 0
1 0 0 0
0.539051 0.002873 0.55205
-0.7071068 0 -0.7071068
255 255 255 255
0.12634 0.54005
0 0 0 0
1 0 0 0
0.519358 -0.018978 0.609803
0.9582627 0 0.2858889
255 255 255 255
0.130562 0.55153
0 0 0 0
1 0 0 0
0.519358 0.002873 0.609803
0.9582627 0 0.2858889
255 255 255 255
0.127663 0.55153
0 0 0 0
1 0 0 0
0.519371 0.002873 0.842155
1 0 -0.0001
255 255 255 255
0.127663 0.582042
0 0 0 0
1 0 0 0
0.519371 -0.018978 0.842155
1 0 -0.0001
255 255 255 255
0.130562 0.582042
0 0 0 0
1 0 0 0
0.509398 0.002873 0.842155
0 1 0
255 255 255 255
0.12634 0.582042
0 0 0 0
1 0 0 0
0.519371 0.002873 0.842155
0 1 0
255 255 255 255
0.127663 0.582042
0 0 0 0
1 0 0 0
0.519358 0.002873 0.609803
0 1 0
255 255 255 255
0.127663 0.55153
0 0 0 0
1 0 0 0
0.509386 0.002873 0.602324
0 1 0
255 255 255 255
0.12634 0.550548
0 0 0 0
1 0 0 0
0.435639 -0.000865 0.842155
0 1 0
255 255 255 255
0.189277 0.50172
0 0 0 0
1 0 0 0
0.509398 -0.000865 0.842155
0 1 0
255 255 255 255
0.173723 0.50172
0 0 0 0
1 0 0 0
0.509386 -0.000865 0.602324
0 1 0
255 255 255 255
0.173725 0.552194
0 0 0 0
1 0 0 0
0.435631 -0.000865 0.547008
0 1 0
255 255 255 255
0.189279 0.563858
0 0 0 0
1 0 0 0
0.435631 -0.000865 0.547008
0.9710706 0 0.2387928
255 255 255 255
0.128162 0.543284
0 0 0 0
1 0 0 0
0.435631 0.002873 0.547008
0.9710706 0 0.2387928
255 255 255 255
0.127666 0.543284
0 0 0 0
1 0 0 0
0.435639 0.002873 0.842155
1 0 0
255 255 255 255
0.127666 0.582042
0 0 0 0
1 0 0 0
0.435639 -0.000865 0.842155
1 0 0
255 255 255 255
0.128162 0.582042
0 0 0 0
1 0 0 0
0.425667 -0.000865 0.842155
0 1 0
255 255 255 255
0.49985 0.873263
0 0 0 0
1 0 0 0
0.425658 -0.000865 0.539529
0 1 0
255 255 255 255
0.49985 0.823444
0 0 0 0
1 0 0 0
0.209584 -0.000865 0.842155
0 1 0
255 255 255 255
0.437214 0.873263
0 0 0 0
1 0 0 0
0.457972 -0.000865 0.47097
-0.9045851 0 -0.426293
255 255 255 255
0.125847 0.529055
0 0 0 0
1 0 0 0
0.425658 -0.000865 0.539529
-0.9045851 0 -0.426293
255 255 255 255
0.125847 0.542302
0 0 0 0
1 0 0 0
0.425658 0.002873 0.539529
-0.9045851 0 -0.426293
255 255 255 255
0.126343 0.542302
0 0 0 0
1 0 0 0
0.457972 0.002873 0.47097
-0.9045851 0 -0.426293
255 255 255 255
0.126343 0.529055
0 0 0 0
1 0 0 0
0.425658 0.002873 0.539529
0 1 0
255 255 255 255
0.126343 0.542302
0 0 0 0
1 0 0 0
0.435631 0.002873 0.547008
0 1 0
255 255 255 255
0.127666 0.543284
0 0 0 0
1 0 0 0
0.509386 0.002873 0.602324
-0.9646877 0 -0.2633966
255 255 255 255
0.12634 0.550548
0 0 0 0
1 0 0 0
0.509386 -0.000865 0.602324
-0.9646877 0 -0.2633966
255 255 255 255
0.125844 0.550548
0 0 0 0
1 0 0 0
0.829156 0.002873 0.438666
0 0 -1
255 255 255 255
0.126343 0.582042
0 0 0 0
1 0 0 0
0.829156 -0.000865 0.438666
0 0 -1
255 255 255 255
0.125847 0.582042
0 0 0 0
1 0 0 0
0.52653 -0.000865 0.438657
0 0 -1
255 255 255 255
0.125847 0.542302
0 0 0 0
1 0 0 0
0.52653 0.002873 0.438657
0 0 -1
255 255 255 255
0.126343 0.542302
0 0 0 0
1 0 0 0
0.829156 0.002873 0.448638
0 1 0
255 255 255 255
0.127666 0.582042
0 0 0 0
1 0 0 0
0.829156 0.002873 0.438666
0 1 0
255 255 255 255
0.126343 0.582042
0 0 0 0
1 0 0 0
0.829156 0.002873 0.522397
0.0001 0 -1
255 255 255 255
0.12634 0.582042
0 0 0 0
1 0 0 0
0.829156 -0.000865 0.522397
0.0001 0 -1
255 255 255 255
0.125844 0.582042
0 0 0 0
1 0 0 0
0.425667 -0.000865 0.842155
-1 0 0
255 255 255 255
0.125847 0.582042
0 0 0 0
1 0 0 0
0.425667 0.002873 0.842155
-1 0 0
255 255 255 255
0.126343 0.582042
0 0 0 0
1 0 0 0
0.425658 0.002873 0.539529
-1 0 0
255 255 255 255
0.126343 0.542302
0 0 0 0
1 0 0 0
0.425658 -0.000865 0.539529
-1 0 0
255 255 255 255
0.125847 0.542302
0 0 0 0
1 0 0 0
0.425667 0.002873 0.842155
0 1 0
255 255 255 255
0.126343 0.582042
0 0 0 0
1 0 0 0
0.435639 0.002873 0.842155
0 1 0
255 255 255 255
0.127666 0.582042
0 0 0 0
1 0 0 0
0.509398 -0.000865 0.842155
-1 0 0
255 255 255 255
0.125844 0.582042
0 0 0 0
1 0 0 0
0.509398 0.002873 0.842155
-1 0 0
255 255 255 255
0.12634 0.582042
0 0 0 0
1 0 0 0
0.55001 0.002873 0.563008
0.7071068 0 0.7071068
255 255 255 255
0.127663 0.541359
0 0 0 0
1 0 0 0
0.55001 -0.018978 0.563008
0.7071068 0 0.7071068
255 255 255 255
0.130562 0.541359
0 0 0 0
1 0 0 0
0.55001 0.002873 0.563008
0 1 0
255 255 255 255
0.127663 0.541359
0 0 0 0
1 0 0 0
0.539051 0.002873 0.55205
0 1 0
255 255 255 255
0.12634 0.54005
0 0 0 0
1 0 0 0
0.469435 -0.000865 0.482433
0 1 0
255 255 255 255
0.174065 0.577017
0 0 0 0
1 0 0 0
0.539051 -0.000865 0.55205
0 1 0
255 255 255 255
0.190313 0.564093
0 0 0 0
1 0 0 0
0.469435 0.002873 0.482433
0.7071068 0 0.7071068
255 255 255 255
0.127666 0.530365
0 0 0 0
1 0 0 0
0.469435 -0.000865 0.482433
0.7071068 0 0.7071068
255 255 255 255
0.128162 0.530365
0 0 0 0
1 0 0 0
0.539051 -0.000865 0.55205
0 1 0
255 255 255 255
0.16747 0.562796
0 0 0 0
1 0 0 0
0.469435 -0.000865 0.482433
0 1 0
255 255 255 255
0.18215 0.577476
0 0 0 0
1 0 0 0
0.457972 -0.000865 0.47097
0 1 0
255 255 255 255
0.49985 0.806837
0 0 0 0
1 0 0 0
280 # faces
0 2 1
2 0 3
4 3 5
3 4 6
7 2 3
2 8 1
7 9 2
8 2 9
10 9 11
9 10 12
13 15 14
6 16 3
14 15 17
15 18 17
15 19 18
20 11 9
6 21 16
4 21 6
22 23 21
23 22 24
21 4 25
26 21 23
27 23 24
28 10 11
26 23 28
20 28 11
23 27 28
10 28 29
13 30 15
15 30 31
15 32 19
15 31 32
33 35 34
35 33 36
37 39 38
39 37 40
41 43 42
43 41 44
45 47 46
47 45 48
14 50 49
50 14 51
52 54 53
54 52 55
56 58 57
58 56 59
60 62 61
62 60 63
64 66 65
66 64 67
68 70 69
70 68 71
72 74 73
74 72 75
76 78 77
78 76 79
80 14 81
14 80 82
83 85 84
85 83 86
56 87 59
87 56 88
89 62 63
62 89 90
91 93 92
93 91 94
57 96 95
96 57 58
61 97 60
97 61 98
99 101 100
101 99 102
88 103 87
103 88 104
89 105 90
105 89 106
36 107 35
107 36 108
65 108 64
108 65 107
109 71 110
38 109 110
71 109 70
109 38 39
42 112 111
112 42 43
47 113 46
77 114 76
114 77 113
113 47 114
75 115 74
115 75 116
81 14 117
14 49 117
118 120 119
120 118 121
122 124 123
124 122 125
126 128 127
128 126 129
130 132 131
132 130 133
18 135 134
135 18 136
137 139 138
139 137 140
141 143 142
143 141 144
145 147 146
147 145 148
149 151 150
151 149 152
153 155 154
155 153 156
157 159 158
159 157 160
161 163 162
163 161 164
165 18 166
18 165 167
168 170 169
170 168 171
172 141 142
141 172 173
147 174 146
174 147 175
176 178 177
178 176 179
144 180 143
180 144 181
182 148 145
148 182 183
184 186 185
186 184 187
188 173 172
173 188 189
190 174 175
174 190 191
192 119 120
119 192 193
193 152 149
152 193 192
125 194 124
194 154 155
154 194 195
194 125 195
129 196 128
196 129 197
198 132 133
199 164 161
164 199 198
132 198 199
200 158 159
158 200 201
18 202 136
167 202 18
203 205 204
205 203 206
207 209 208
209 207 210
211 213 212
213 211 214
215 217 216
217 215 218
30 220 219
220 30 221
222 224 223
224 222 225
226 228 227
228 226 229
230 232 231
232 230 233
234 236 235
236 234 237
238 240 239
240 238 241
242 244 243
244 242 245
246 248 247
248 246 249
250 30 251
30 250 252
253 255 254
255 253 256
257 226 227
226 257 258
232 259 231
259 232 260
261 263 262
263 261 264
229 265 228
265 229 266
267 233 230
233 267 268
269 271 270
271 269 272
273 258 257
258 273 274
275 259 260
259 275 276
277 204 205
204 277 278
237 278 277
278 237 234
210 279 209
279 239 240
279 210 280
239 279 280
214 281 213
281 214 282
283 217 218
217 283 284
284 249 246
249 284 283
285 243 244
243 285 286
30 287 221
252 287 30
288 290 289
290 288 291
292 294 293
294 292 295
296 298 297
298 296 299
300 302 301
302 300 303
32 305 304
305 32 306
307 309 308
309 307 310
311 313 312
313 311 314
315 317 316
317 315 318
319 321 320
321 319 322
323 325 324
325 323 326
327 329 328
329 327 330
331 333 332
333 331 334
335 32 336
32 335 337
338 340 339
340 338 341
311 342 314
342 311 343
344 317 318
317 344 345
346 348 347
348 346 349
312 351 350
351 312 313
316 352 315
352 316 353
354 356 355
356 354 357
343 358 342
358 343 359
344 360 345
360 344 361
291 362 290
362 291 363
320 363 319
363 320 362
364 326 365
293 364 365
326 364 325
364 293 294
297 367 366
367 297 298
302 368 301
332 369 331
369 332 368
368 302 369
330 370 329
370 330 371
32 304 372
336 32 372
