1 # bones
root
-1
0 0 0
1 # meshes
10_Road-BusStop_0_0_0_root_root
1 # uv layers
1 # textures
atlas.jpg
0 # uv layer index
183 # vertices
0.057314 -0.00082 0.621358
0 1 0
255 255 255 255
0.124672 0.624477
0 0 0 0
1 0 0 0
0.057314 -0.00082 0.001785
0 1 0
255 255 255 255
0.124672 0.501498
0 0 0 0
1 0 0 0
-0.158769 -0.00082 0.001785
0 1 0
255 255 255 255
0.063037 0.501498
0 0 0 0
1 0 0 0
-0.158769 -0.00082 0.621358
0 1 0
255 255 255 255
0.063037 0.624477
0 0 0 0
1 0 0 0
-0.374852 -0.00082 0.001785
1 0 0
255 255 255 255
0.128194 0.500684
0 0 0 0
1 0 0 0
-0.374852 0.002918 0.001785
1 0 0
255 255 255 255
0.127699 0.500684
0 0 0 0
1 0 0 0
-0.374852 0.002918 0.621358
1 0 0
255 255 255 255
0.127699 0.582042
0 0 0 0
1 0 0 0
-0.374852 -0.00082 0.621358
1 0 0
255 255 255 255
0.128194 0.582042
0 0 0 0
1 0 0 0
-0.468556 -0.018933 0.621358
-1 0 0
255 255 255 255
0.125825 0.582042
0 0 0 0
1 0 0 0
-0.468556 0.002918 0.621358
-1 0 0
255 255 255 255
0.128724 0.582042
0 0 0 0
1 0 0 0
-0.468556 0.002918 0.001785
-1 0 0
255 255 255 255
0.128724 0.500684
0 0 0 0
1 0 0 0
-0.468556 -0.018933 0.001785
-1 0 0
255 255 255 255
0.125825 0.500684
0 0 0 0
1 0 0 0
-0.468556 0.002918 0.621358
0 1 0
255 255 255 255
0.128724 0.582042
0 0 0 0
1 0 0 0
-0.458584 0.002918 0.621358
0 1 0
255 255 255 255
0.130047 0.582042
0 0 0 0
1 0 0 0
-0.458584 0.002918 0.001785
0 1 0
255 255 255 255
0.130047 0.500684
0 0 0 0
1 0 0 0
-0.468556 0.002918 0.001785
0 1 0
255 255 255 255
0.128724 0.500684
0 0 0 0
1 0 0 0
-0.374852 0.002918 0.001785
0 1 0
255 255 255 255
0.127699 0.500684
0 0 0 0
1 0 0 0
-0.384824 0.002918 0.001785
0 1 0
255 255 255 255
0.126376 0.500684
0 0 0 0
1 0 0 0
-0.384824 0.002918 0.621358
0 1 0
255 255 255 255
0.126376 0.582042
0 0 0 0
1 0 0 0
-0.374852 0.002918 0.621358
0 1 0
255 255 255 255
0.127699 0.582042
0 0 0 0
1 0 0 0
-0.458584 -0.00082 0.621358
0 1 0
255 255 255 255
0.171392 0.500504
0 0 0 0
1 0 0 0
-0.384824 -0.00082 0.621358
0 1 0
255 255 255 255
0.156674 0.500504
0 0 0 0
1 0 0 0
-0.384824 -0.00082 0.001785
0 1 0
255 255 255 255
0.156674 0.624132
0 0 0 0
1 0 0 0
-0.458584 -0.00082 0.001785
0 1 0
255 255 255 255
0.171392 0.624132
0 0 0 0
1 0 0 0
-0.384824 -0.00082 0.001785
-1 0 0
255 255 255 255
0.12588 0.500684
0 0 0 0
1 0 0 0
-0.384824 -0.00082 0.621358
-1 0 0
255 255 255 255
0.12588 0.582042
0 0 0 0
1 0 0 0
-0.384824 0.002918 0.621358
-1 0 0
255 255 255 255
0.126376 0.582042
0 0 0 0
1 0 0 0
-0.384824 0.002918 0.001785
-1 0 0
255 255 255 255
0.126376 0.500684
0 0 0 0
1 0 0 0
-0.458584 -0.00082 0.621358
1 0 0
255 255 255 255
0.130543 0.582042
0 0 0 0
1 0 0 0
-0.458584 -0.00082 0.001785
1 0 0
255 255 255 255
0.130543 0.500684
0 0 0 0
1 0 0 0
-0.458584 0.002918 0.001785
1 0 0
255 255 255 255
0.130047 0.500684
0 0 0 0
1 0 0 0
-0.458584 0.002918 0.621358
1 0 0
255 255 255 255
0.130047 0.582042
0 0 0 0
1 0 0 0
-0.374852 -0.00082 0.621358
0 1 0
255 255 255 255
0.000225 0.501498
0 0 0 0
1 0 0 0
-0.158769 -0.00082 0.621358
0 1 0
255 255 255 255
0.062967 0.501498
0 0 0 0
1 0 0 0
-0.158769 -0.00082 0.001785
0 1 0
255 255 255 255
0.062967 0.624477
0 0 0 0
1 0 0 0
-0.374852 -0.00082 0.001785
0 1 0
255 255 255 255
0.000225 0.624477
0 0 0 0
1 0 0 0
0.057314 -0.00082 0.001785
0 1 0
255 255 255 255
0.9998 0.249322
0 0 0 0
1 0 0 0
0.057313 -0.000819 -0.617786
0 1 0
255 255 255 255
0.9998 0.126343
0 0 0 0
1 0 0 0
-0.158769 -0.000819 -0.617786
0 1 0
255 255 255 255
0.93827 0.126342
0 0 0 0
1 0 0 0
-0.158769 -0.00082 0.001785
0 1 0
255 255 255 255
0.93827 0.249322
0 0 0 0
1 0 0 0
-0.374852 -0.000819 -0.617786
1 0 0
255 255 255 255
0.128194 0.500684
0 0 0 0
1 0 0 0
-0.374852 0.002919 -0.617786
1 0 0
255 255 255 255
0.127699 0.500684
0 0 0 0
1 0 0 0
-0.374852 0.002918 0.001785
1 0 0
255 255 255 255
0.127699 0.582042
0 0 0 0
1 0 0 0
-0.374852 -0.00082 0.001785
1 0 0
255 255 255 255
0.128194 0.582042
0 0 0 0
1 0 0 0
-0.468556 -0.018933 0.001785
-1 0 0
255 255 255 255
0.125825 0.582042
0 0 0 0
1 0 0 0
-0.468556 0.002918 0.001785
-1 0 0
255 255 255 255
0.128724 0.582042
0 0 0 0
1 0 0 0
-0.468556 0.002919 -0.617786
-1 0 0
255 255 255 255
0.128724 0.500684
0 0 0 0
1 0 0 0
-0.468556 -0.018932 -0.617786
-1 0 0
255 255 255 255
0.125825 0.500684
0 0 0 0
1 0 0 0
-0.468556 0.002918 0.001785
0 1 0
255 255 255 255
0.128724 0.582042
0 0 0 0
1 0 0 0
-0.458584 0.002918 0.001785
0 1 0
255 255 255 255
0.130047 0.582042
0 0 0 0
1 0 0 0
-0.458584 0.002919 -0.617786
0 1 0
255 255 255 255
0.130047 0.500684
0 0 0 0
1 0 0 0
-0.468556 0.002919 -0.617786
0 1 0
255 255 255 255
0.128724 0.500684
0 0 0 0
1 0 0 0
-0.374852 0.002919 -0.617786
0 1 0
255 255 255 255
0.127699 0.500684
0 0 0 0
1 0 0 0
-0.384824 0.002919 -0.617786
0 1 0
255 255 255 255
0.126376 0.500684
0 0 0 0
1 0 0 0
-0.384824 0.002918 0.001785
0 1 0
255 255 255 255
0.126376 0.582042
0 0 0 0
1 0 0 0
-0.374852 0.002918 0.001785
0 1 0
255 255 255 255
0.127699 0.582042
0 0 0 0
1 0 0 0
-0.458584 -0.00082 0.001785
0 1 0
255 255 255 255
0.146391 0.500504
0 0 0 0
1 0 0 0
-0.384824 -0.00082 0.001785
0 1 0
255 255 255 255
0.131673 0.500504
0 0 0 0
1 0 0 0
-0.384824 -0.000819 -0.617786
0 1 0
255 255 255 255
0.131673 0.624131
0 0 0 0
1 0 0 0
-0.458584 -0.000819 -0.617786
0 1 0
255 255 255 255
0.146391 0.624131
0 0 0 0
1 0 0 0
-0.384824 -0.000819 -0.617786
-1 0 0
255 255 255 255
0.12588 0.500684
0 0 0 0
1 0 0 0
-0.384824 -0.00082 0.001785
-1 0 0
255 255 255 255
0.12588 0.582042
0 0 0 0
1 0 0 0
-0.384824 0.002918 0.001785
-1 0 0
255 255 255 255
0.126376 0.582042
0 0 0 0
1 0 0 0
-0.384824 0.002919 -0.617786
-1 0 0
255 255 255 255
0.126376 0.500684
0 0 0 0
1 0 0 0
-0.458584 -0.00082 0.001785
1 0 0
255 255 255 255
0.130543 0.582042
0 0 0 0
1 0 0 0
-0.458584 -0.000819 -0.617786
1 0 0
255 255 255 255
0.130543 0.500684
0 0 0 0
1 0 0 0
-0.458584 0.002919 -0.617786
1 0 0
255 255 255 255
0.130047 0.500684
0 0 0 0
1 0 0 0
-0.458584 0.002918 0.001785
1 0 0
255 255 255 255
0.130047 0.582042
0 0 0 0
1 0 0 0
-0.374852 -0.00082 0.001785
0 1 0
255 255 255 255
0.875203 0.126342
0 0 0 0
1 0 0 0
-0.158769 -0.00082 0.001785
0 1 0
255 255 255 255
0.9382 0.126342
0 0 0 0
1 0 0 0
-0.158769 -0.000819 -0.617786
0 1 0
255 255 255 255
0.9382 0.249322
0 0 0 0
1 0 0 0
-0.374852 -0.000819 -0.617786
0 1 0
255 255 255 255
0.875203 0.249322
0 0 0 0
1 0 0 0
0.057314 -0.00082 0.001785
0 1 0
255 255 255 255
0.948579 0.131202
0 0 0 0
1 0 0 0
0.057314 -0.00082 0.621358
0 1 0
255 255 255 255
0.948579 0.2471
0 0 0 0
1 0 0 0
0.229962 -0.00082 0.358363
0 1 0
255 255 255 255
0.980875 0.197904
0 0 0 0
1 0 0 0
0.229962 -0.00082 0.001785
0 1 0
255 255 255 255
0.980875 0.131202
0 0 0 0
1 0 0 0
0.057313 -0.000819 -0.617786
0 1 0
255 255 255 255
0.924772 0.247585
0 0 0 0
1 0 0 0
0.057314 -0.00082 0.001785
0 1 0
255 255 255 255
0.924772 0.131687
0 0 0 0
1 0 0 0
0.229962 -0.00082 0.001785
0 1 0
255 255 255 255
0.892476 0.131687
0 0 0 0
1 0 0 0
0.229962 -0.000819 -0.354791
0 1 0
255 255 255 255
0.892476 0.198388
0 0 0 0
1 0 0 0
0.229962 -0.00082 0.001785
-1 0 0
255 255 255 255
0.128194 0.547053
0 0 0 0
1 0 0 0
0.229962 0.002918 0.001785
-1 0 0
255 255 255 255
0.127699 0.547053
0 0 0 0
1 0 0 0
0.229961 0.002919 -0.354791
-1 0 0
255 255 255 255
0.127699 0.50023
0 0 0 0
1 0 0 0
0.229961 0.002919 -0.354791
-1 -0.0003 0
255 255 255 255
0.127699 0.50023
0 0 0 0
1 0 0 0
0.229962 -0.000819 -0.354791
-1 -0.0003 0
255 255 255 255
0.128194 0.50023
0 0 0 0
1 0 0 0
0.229962 -0.00082 0.001785
-1 -0.0003 0
255 255 255 255
0.128194 0.547053
0 0 0 0
1 0 0 0
0.323665 -0.018933 0.001785
1 0 0
255 255 255 255
0.125825 0.547053
0 0 0 0
1 0 0 0
0.323665 0.002918 0.001785
1 0 0
255 255 255 255
0.128724 0.547053
0 0 0 0
1 0 0 0
0.323666 0.002918 0.358362
0.9581093 0 0.2864028
255 255 255 255
0.128724 0.593877
0 0 0 0
1 0 0 0
0.323666 -0.018933 0.358362
0.9581093 0 0.2864028
255 255 255 255
0.125825 0.593877
0 0 0 0
1 0 0 0
0.323666 0.002918 0.358362
0 1 0
255 255 255 255
0.128724 0.593877
0 0 0 0
1 0 0 0
0.323665 0.002918 0.001785
0 1 0
255 255 255 255
0.128724 0.547053
0 0 0 0
1 0 0 0
0.313693 0.002918 0.001785
0 1 0
255 255 255 255
0.130047 0.547053
0 0 0 0
1 0 0 0
0.313693 0.002918 0.358362
0 1 0
255 255 255 255
0.130047 0.593877
0 0 0 0
1 0 0 0
0.229961 0.002919 -0.354791
0 1 0
255 255 255 255
0.127699 0.50023
0 0 0 0
1 0 0 0
0.229962 0.002918 0.001785
0 1 0
255 255 255 255
0.127699 0.547053
0 0 0 0
1 0 0 0
0.239935 0.002918 0.001785
0 1 0
255 255 255 255
0.126376 0.547053
0 0 0 0
1 0 0 0
0.239934 0.002919 -0.354791
0 1 0
255 255 255 255
0.126376 0.50023
0 0 0 0
1 0 0 0
0.313693 -0.00082 0.358363
0 1 0
255 255 255 255
0.146391 0.500504
0 0 0 0
1 0 0 0
0.313693 -0.00082 0.001785
0 1 0
255 255 255 255
0.146391 0.562176
0 0 0 0
1 0 0 0
0.239934 -0.00082 0.001785
0 1 0
255 255 255 255
0.131673 0.562176
0 0 0 0
1 0 0 0
0.239935 -0.00082 0.358363
0 1 0
255 255 255 255
0.131673 0.500504
0 0 0 0
1 0 0 0
0.239934 -0.00082 0.001785
0.9999999 -0.0003999999 0
255 255 255 255
0.12588 0.547053
0 0 0 0
1 0 0 0
0.239935 0.002918 0.001785
0.9999999 -0.0003999999 0
255 255 255 255
0.126376 0.547053
0 0 0 0
1 0 0 0
0.239935 0.002918 0.358363
0.9581093 0 0.2864028
255 255 255 255
0.126376 0.593876
0 0 0 0
1 0 0 0
0.239935 -0.00082 0.358363
0.9581093 0 0.2864028
255 255 255 255
0.12588 0.593876
0 0 0 0
1 0 0 0
0.313693 -0.00082 0.001785
-1 0 0
255 255 255 255
0.130543 0.547054
0 0 0 0
1 0 0 0
0.313693 0.002918 0.001785
-1 0 0
255 255 255 255
0.130047 0.547053
0 0 0 0
1 0 0 0
0.313692 0.002919 -0.354791
-0.9581093 0 0.2864028
255 255 255 255
0.130047 0.50023
0 0 0 0
1 0 0 0
0.313692 -0.000819 -0.354791
-0.9581093 0 0.2864028
255 255 255 255
0.130543 0.50023
0 0 0 0
1 0 0 0
0.323666 -0.018933 0.358362
0.9581093 0 0.2864028
255 255 255 255
0.125825 0.559342
0 0 0 0
1 0 0 0
0.323666 0.002918 0.358362
0.9581093 0 0.2864028
255 255 255 255
0.128724 0.559342
0 0 0 0
1 0 0 0
0.151018 0.002918 0.621358
0.8359677 0 0.5487787
255 255 255 255
0.128724 0.609399
0 0 0 0
1 0 0 0
0.151018 -0.018933 0.621358
0.8359677 0 0.5487787
255 255 255 255
0.125825 0.609399
0 0 0 0
1 0 0 0
0.151018 0.002918 0.621358
0 1 0
255 255 255 255
0.128724 0.609399
0 0 0 0
1 0 0 0
0.323666 0.002918 0.358362
0 1 0
255 255 255 255
0.128724 0.559342
0 0 0 0
1 0 0 0
0.313693 0.002918 0.358362
0 1 0
255 255 255 255
0.130046 0.559342
0 0 0 0
1 0 0 0
0.141044 0.002918 0.621358
0 1 0
255 255 255 255
0.130047 0.609399
0 0 0 0
1 0 0 0
0.141044 -0.00082 0.621358
0 1 0
255 255 255 255
0.146391 0.500504
0 0 0 0
1 0 0 0
0.313693 -0.00082 0.358363
0 1 0
255 255 255 255
0.185003 0.556123
0 0 0 0
1 0 0 0
0.239935 -0.00082 0.358363
0 1 0
255 255 255 255
0.170286 0.556123
0 0 0 0
1 0 0 0
0.067286 -0.00082 0.621358
0 1 0
255 255 255 255
0.131673 0.500504
0 0 0 0
1 0 0 0
0.239935 -0.00082 0.358363
0.9581093 0 0.2864028
255 255 255 255
0.12588 0.559341
0 0 0 0
1 0 0 0
0.239935 0.002918 0.358363
0.9581093 0 0.2864028
255 255 255 255
0.126376 0.559341
0 0 0 0
1 0 0 0
0.067286 0.002918 0.621358
0.8359677 0 0.5487787
255 255 255 255
0.126376 0.609399
0 0 0 0
1 0 0 0
0.067286 -0.00082 0.621358
0.8359677 0 0.5487787
255 255 255 255
0.12588 0.609399
0 0 0 0
1 0 0 0
0.057314 -0.00082 0.621358
-0.8359675 -0.0004999806 -0.5487787
255 255 255 255
0.128194 0.609399
0 0 0 0
1 0 0 0
0.057314 0.002918 0.621358
-0.8359675 -0.0004999806 -0.5487787
255 255 255 255
0.127699 0.609399
0 0 0 0
1 0 0 0
0.229962 0.002918 0.358363
-0.8359677 0 -0.5487787
255 255 255 255
0.127698 0.559342
0 0 0 0
1 0 0 0
0.229962 -0.00082 0.358363
-0.8359677 0 -0.5487787
255 255 255 255
0.128194 0.559342
0 0 0 0
1 0 0 0
0.057314 -0.00082 0.621358
-0.8359677 0 -0.5487787
255 255 255 255
0.128194 0.609399
0 0 0 0
1 0 0 0
0.057314 0.002918 0.621358
0 1 0
255 255 255 255
0.127699 0.609399
0 0 0 0
1 0 0 0
0.067286 0.002918 0.621358
0 1 0
255 255 255 255
0.126376 0.609399
0 0 0 0
1 0 0 0
0.239935 0.002918 0.358363
0 1 0
255 255 255 255
0.126376 0.559341
0 0 0 0
1 0 0 0
0.229962 0.002918 0.358363
0 1 0
255 255 255 255
0.127698 0.559342
0 0 0 0
1 0 0 0
0.141044 -0.00082 0.621358
-0.8359677 0 -0.5487787
255 255 255 255
0.130543 0.609399
0 0 0 0
1 0 0 0
0.141044 0.002918 0.621358
-0.8359677 0 -0.5487787
255 255 255 255
0.130047 0.609399
0 0 0 0
1 0 0 0
0.313693 0.002918 0.358362
-0.9581367 -0.0001000038 -0.286311
255 255 255 255
0.130046 0.559342
0 0 0 0
1 0 0 0
0.313693 -0.00082 0.358363
-0.9581093 -0.000100001 -0.2864028
255 255 255 255
0.130542 0.559342
0 0 0 0
1 0 0 0
0.323665 -0.018932 -0.354791
0.9581093 0 -0.2864028
255 255 255 255
0.125825 0.559342
0 0 0 0
1 0 0 0
0.151016 -0.018932 -0.617786
0.8359677 0 -0.5487787
255 255 255 255
0.125825 0.609399
0 0 0 0
1 0 0 0
0.151016 0.002919 -0.617786
0.8359677 0 -0.5487787
255 255 255 255
0.128724 0.609399
0 0 0 0
1 0 0 0
0.323665 0.002919 -0.354791
0.9581093 0 -0.2864028
255 255 255 255
0.128724 0.559342
0 0 0 0
1 0 0 0
0.151016 0.002919 -0.617786
0 1 0
255 255 255 255
0.128724 0.609399
0 0 0 0
1 0 0 0
0.141043 0.002919 -0.617786
0 1 0
255 255 255 255
0.130047 0.609399
0 0 0 0
1 0 0 0
0.313692 0.002919 -0.354791
0 1 0
255 255 255 255
0.130046 0.559342
0 0 0 0
1 0 0 0
0.323665 0.002919 -0.354791
0 1 0
255 255 255 255
0.128724 0.559342
0 0 0 0
1 0 0 0
0.141043 -0.000819 -0.617786
0 1 0
255 255 255 255
0.146391 0.500504
0 0 0 0
1 0 0 0
0.067284 -0.000819 -0.617786
0 1 0
255 255 255 255
0.131673 0.500504
0 0 0 0
1 0 0 0
0.239934 -0.000819 -0.354791
0 1 0
255 255 255 255
0.170286 0.556123
0 0 0 0
1 0 0 0
0.313692 -0.000819 -0.354791
0 1 0
255 255 255 255
0.185003 0.556123
0 0 0 0
1 0 0 0
0.239934 -0.000819 -0.354791
0.9581093 0 -0.2864028
255 255 255 255
0.12588 0.559341
0 0 0 0
1 0 0 0
0.067284 -0.000819 -0.617786
0.8359677 0 -0.5487787
255 255 255 255
0.12588 0.609399
0 0 0 0
1 0 0 0
0.067284 0.002919 -0.617786
0.8359677 0 -0.5487787
255 255 255 255
0.126376 0.609399
0 0 0 0
1 0 0 0
0.239934 0.002919 -0.354791
0.9581093 0 -0.2864028
255 255 255 255
0.126376 0.559341
0 0 0 0
1 0 0 0
0.057313 -0.000819 -0.617786
-0.8359677 -0.0001999923 0.5487787
255 255 255 255
0.128194 0.609399
0 0 0 0
1 0 0 0
0.229962 -0.000819 -0.354791
-0.8359677 -0.0001999923 0.5487787
255 255 255 255
0.128194 0.559342
0 0 0 0
1 0 0 0
0.229961 0.002919 -0.354791
-0.8359677 -0.0001999923 0.5487787
255 255 255 255
0.127698 0.559342
0 0 0 0
1 0 0 0
0.229961 0.002919 -0.354791
-0.8359674 -0.0006999727 0.5487786
255 255 255 255
0.127698 0.559342
0 0 0 0
1 0 0 0
0.057312 0.002919 -0.617786
-0.8359674 -0.0006999727 0.5487786
255 255 255 255
0.127699 0.609399
0 0 0 0
1 0 0 0
0.057313 -0.000819 -0.617786
-0.8359674 -0.0006999727 0.5487786
255 255 255 255
0.128194 0.609399
0 0 0 0
1 0 0 0
0.057312 0.002919 -0.617786
0 1 0
255 255 255 255
0.127699 0.609399
0 0 0 0
1 0 0 0
0.229961 0.002919 -0.354791
0 1 0
255 255 255 255
0.127698 0.559342
0 0 0 0
1 0 0 0
0.239934 0.002919 -0.354791
0 1 0
255 255 255 255
0.126376 0.559341
0 0 0 0
1 0 0 0
0.067284 0.002919 -0.617786
0 1 0
255 255 255 255
0.126376 0.609399
0 0 0 0
1 0 0 0
0.141043 -0.000819 -0.617786
-0.8359677 0 0.5487787
255 255 255 255
0.130543 0.609399
0 0 0 0
1 0 0 0
0.313692 -0.000819 -0.354791
-0.9581093 0 0.2864028
255 255 255 255
0.130542 0.559342
0 0 0 0
1 0 0 0
0.313692 0.002919 -0.354791
-0.9581093 0 0.2864028
255 255 255 255
0.130046 0.559342
0 0 0 0
1 0 0 0
0.141043 0.002919 -0.617786
-0.8359677 0 0.5487787
255 255 255 255
0.130047 0.609399
0 0 0 0
1 0 0 0
0.229962 -0.00082 0.358363
-1 0 0
255 255 255 255
0.128194 0.593876
0 0 0 0
1 0 0 0
0.229962 0.002918 0.358363
-1 0 0
255 255 255 255
0.127699 0.593876
0 0 0 0
1 0 0 0
0.323665 -0.018932 -0.354791
0.9581093 0 -0.2864028
255 255 255 255
0.125825 0.50023
0 0 0 0
1 0 0 0
0.323665 0.002919 -0.354791
0.9581093 0 -0.2864028
255 255 255 255
0.128725 0.50023
0 0 0 0
1 0 0 0
0.323665 0.002919 -0.354791
0 1 0
255 255 255 255
0.128725 0.50023
0 0 0 0
1 0 0 0
0.313692 0.002919 -0.354791
0 1 0
255 255 255 255
0.130047 0.50023
0 0 0 0
1 0 0 0
0.229962 0.002918 0.358363
0 1 0
255 255 255 255
0.127699 0.593876
0 0 0 0
1 0 0 0
0.239935 0.002918 0.358363
0 1 0
255 255 255 255
0.126376 0.593876
0 0 0 0
1 0 0 0
0.313692 -0.000819 -0.354791
0 1 0
255 255 255 255
0.146391 0.623849
0 0 0 0
1 0 0 0
0.239934 -0.000819 -0.354791
0 1 0
255 255 255 255
0.131673 0.623849
0 0 0 0
1 0 0 0
0.239934 -0.000819 -0.354791
0.9581093 0 -0.2864028
255 255 255 255
0.12588 0.50023
0 0 0 0
1 0 0 0
0.239934 0.002919 -0.354791
0.9581093 0 -0.2864028
255 255 255 255
0.126376 0.50023
0 0 0 0
1 0 0 0
0.313693 -0.00082 0.358363
-0.9581093 -0.000100001 -0.2864028
255 255 255 255
0.130543 0.593877
0 0 0 0
1 0 0 0
0.313693 0.002918 0.358362
-0.9581367 -0.0001000038 -0.286311
255 255 255 255
0.130047 0.593877
0 0 0 0
1 0 0 0
96 # faces
0 2 1
2 0 3
4 6 5
6 4 7
8 10 9
10 8 11
12 14 13
14 12 15
16 18 17
18 16 19
20 22 21
22 20 23
24 26 25
26 24 27
28 30 29
30 28 31
32 34 33
34 32 35
36 38 37
38 36 39
40 42 41
42 40 43
44 46 45
46 44 47
48 50 49
50 48 51
52 54 53
54 52 55
56 58 57
58 56 59
60 62 61
62 60 63
64 66 65
66 64 67
68 70 69
70 68 71
72 74 73
74 72 75
76 78 77
78 76 79
80 82 81
83 85 84
86 88 87
88 86 89
90 92 91
92 90 93
94 96 95
96 94 97
98 100 99
100 98 101
102 104 103
104 102 105
106 108 107
108 106 109
110 112 111
112 110 113
114 116 115
116 114 117
118 120 119
120 118 121
122 124 123
124 122 125
126 128 127
128 130 129
131 133 132
133 131 134
135 137 136
137 135 138
139 141 140
141 139 142
143 145 144
145 143 146
147 149 148
149 147 150
151 153 152
153 151 154
155 157 156
158 160 159
161 163 162
163 161 164
165 167 166
167 165 168
169 81 170
81 169 80
87 171 86
171 87 172
92 173 91
173 92 174
96 175 95
175 96 176
100 177 99
177 100 178
103 179 102
179 103 180
107 181 106
181 107 182
