1 # bones
root
-1
0 0 0
1 # meshes
10_Road-Parking_0_0_0_root_root
1 # uv layers
1 # textures
atlas.jpg
0 # uv layer index
446 # vertices
-0.123506 -0.000975 0.622764
0 1 0
255 255 255 255
0.124672 0.624477
0 0 0 0
1 0 0 0
-0.123506 -0.000974 0.003191
0 1 0
255 255 255 255
0.124672 0.501498
0 0 0 0
1 0 0 0
-0.33959 -0.000974 0.003191
0 1 0
255 255 255 255
0.063037 0.501498
0 0 0 0
1 0 0 0
-0.33959 -0.000975 0.622764
0 1 0
255 255 255 255
0.063037 0.624477
0 0 0 0
1 0 0 0
-0.555673 -0.000974 0.003191
1 0 0
255 255 255 255
0.128194 0.500684
0 0 0 0
1 0 0 0
-0.555673 0.002764 0.003191
1 0 0
255 255 255 255
0.127699 0.500684
0 0 0 0
1 0 0 0
-0.555673 0.002763 0.622764
1 0 0
255 255 255 255
0.127699 0.582042
0 0 0 0
1 0 0 0
-0.555673 -0.000975 0.622764
1 0 0
255 255 255 255
0.128194 0.582042
0 0 0 0
1 0 0 0
-0.649376 -0.019088 0.622764
-1 0 0
255 255 255 255
0.125825 0.582042
0 0 0 0
1 0 0 0
-0.649376 0.002763 0.622764
-1 0 0
255 255 255 255
0.128724 0.582042
0 0 0 0
1 0 0 0
-0.649376 0.002764 0.003191
-1 0 0
255 255 255 255
0.128724 0.500684
0 0 0 0
1 0 0 0
-0.649376 -0.019087 0.003191
-1 0 0
255 255 255 255
0.125825 0.500684
0 0 0 0
1 0 0 0
-0.649376 0.002763 0.622764
0 1 0
255 255 255 255
0.128724 0.582042
0 0 0 0
1 0 0 0
-0.639404 0.002763 0.622764
0 1 0
255 255 255 255
0.130047 0.582042
0 0 0 0
1 0 0 0
-0.639404 0.002764 0.003191
0 1 0
255 255 255 255
0.130047 0.500684
0 0 0 0
1 0 0 0
-0.649376 0.002764 0.003191
0 1 0
255 255 255 255
0.128724 0.500684
0 0 0 0
1 0 0 0
-0.555673 0.002764 0.003191
0 1 0
255 255 255 255
0.127699 0.500684
0 0 0 0
1 0 0 0
-0.565645 0.002764 0.003191
0 1 0
255 255 255 255
0.126376 0.500684
0 0 0 0
1 0 0 0
-0.565645 0.002763 0.622764
0 1 0
255 255 255 255
0.126376 0.582042
0 0 0 0
1 0 0 0
-0.555673 0.002763 0.622764
0 1 0
255 255 255 255
0.127699 0.582042
0 0 0 0
1 0 0 0
-0.639404 -0.000975 0.622764
0 1 0
255 255 255 255
0.171392 0.500504
0 0 0 0
1 0 0 0
-0.565645 -0.000975 0.622764
0 1 0
255 255 255 255
0.156674 0.500504
0 0 0 0
1 0 0 0
-0.565645 -0.000974 0.003191
0 1 0
255 255 255 255
0.156674 0.624132
0 0 0 0
1 0 0 0
-0.639404 -0.000974 0.003191
0 1 0
255 255 255 255
0.171392 0.624132
0 0 0 0
1 0 0 0
-0.565645 -0.000974 0.003191
-1 0 0
255 255 255 255
0.12588 0.500684
0 0 0 0
1 0 0 0
-0.565645 -0.000975 0.622764
-1 0 0
255 255 255 255
0.12588 0.582042
0 0 0 0
1 0 0 0
-0.565645 0.002763 0.622764
-1 0 0
255 255 255 255
0.126376 0.582042
0 0 0 0
1 0 0 0
-0.565645 0.002764 0.003191
-1 0 0
255 255 255 255
0.126376 0.500684
0 0 0 0
1 0 0 0
-0.639404 -0.000975 0.622764
1 0 0
255 255 255 255
0.130543 0.582042
0 0 0 0
1 0 0 0
-0.639404 -0.000974 0.003191
1 0 0
255 255 255 255
0.130543 0.500684
0 0 0 0
1 0 0 0
-0.639404 0.002764 0.003191
1 0 0
255 255 255 255
0.130047 0.500684
0 0 0 0
1 0 0 0
-0.639404 0.002763 0.622764
1 0 0
255 255 255 255
0.130047 0.582042
0 0 0 0
1 0 0 0
-0.555673 -0.000975 0.622764
0 1 0
255 255 255 255
0.000225 0.501498
0 0 0 0
1 0 0 0
-0.33959 -0.000975 0.622764
0 1 0
255 255 255 255
0.062967 0.501498
0 0 0 0
1 0 0 0
-0.33959 -0.000974 0.003191
0 1 0
255 255 255 255
0.062967 0.624477
0 0 0 0
1 0 0 0
-0.555673 -0.000974 0.003191
0 1 0
255 255 255 255
0.000225 0.624477
0 0 0 0
1 0 0 0
-0.123506 -0.000974 0.003191
0 1 0
255 255 255 255
0.9998 0.249322
0 0 0 0
1 0 0 0
-0.123506 -0.000974 -0.61638
0 1 0
255 255 255 255
0.9998 0.126343
0 0 0 0
1 0 0 0
-0.33959 -0.000974 -0.61638
0 1 0
255 255 255 255
0.93827 0.126342
0 0 0 0
1 0 0 0
-0.33959 -0.000974 0.003191
0 1 0
255 255 255 255
0.93827 0.249322
0 0 0 0
1 0 0 0
-0.555673 -0.000974 -0.61638
1 0 0
255 255 255 255
0.128194 0.500684
0 0 0 0
1 0 0 0
-0.555673 0.002764 -0.61638
1 0 0
255 255 255 255
0.127699 0.500684
0 0 0 0
1 0 0 0
-0.555673 0.002764 0.003191
1 0 0
255 255 255 255
0.127699 0.582042
0 0 0 0
1 0 0 0
-0.555673 -0.000974 0.003191
1 0 0
255 255 255 255
0.128194 0.582042
0 0 0 0
1 0 0 0
-0.649376 -0.019087 0.003191
-1 0 0
255 255 255 255
0.125825 0.582042
0 0 0 0
1 0 0 0
-0.649376 0.002764 0.003191
-1 0 0
255 255 255 255
0.128724 0.582042
0 0 0 0
1 0 0 0
-0.649376 0.002764 -0.61638
-1 0 0
255 255 255 255
0.128724 0.500684
0 0 0 0
1 0 0 0
-0.649376 -0.019087 -0.61638
-1 0 0
255 255 255 255
0.125825 0.500684
0 0 0 0
1 0 0 0
-0.649376 0.002764 0.003191
0 1 0
255 255 255 255
0.128724 0.582042
0 0 0 0
1 0 0 0
-0.639404 0.002764 0.003191
0 1 0
255 255 255 255
0.130047 0.582042
0 0 0 0
1 0 0 0
-0.639404 0.002764 -0.61638
0 1 0
255 255 255 255
0.130047 0.500684
0 0 0 0
1 0 0 0
-0.649376 0.002764 -0.61638
0 1 0
255 255 255 255
0.128724 0.500684
0 0 0 0
1 0 0 0
-0.555673 0.002764 -0.61638
0 1 0
255 255 255 255
0.127699 0.500684
0 0 0 0
1 0 0 0
-0.565645 0.002764 -0.61638
0 1 0
255 255 255 255
0.126376 0.500684
0 0 0 0
1 0 0 0
-0.565645 0.002764 0.003191
0 1 0
255 255 255 255
0.126376 0.582042
0 0 0 0
1 0 0 0
-0.555673 0.002764 0.003191
0 1 0
255 255 255 255
0.127699 0.582042
0 0 0 0
1 0 0 0
-0.639404 -0.000974 0.003191
0 1 0
255 255 255 255
0.146391 0.500504
0 0 0 0
1 0 0 0
-0.565645 -0.000974 0.003191
0 1 0
255 255 255 255
0.131673 0.500504
0 0 0 0
1 0 0 0
-0.565645 -0.000974 -0.61638
0 1 0
255 255 255 255
0.131673 0.624131
0 0 0 0
1 0 0 0
-0.639404 -0.000974 -0.61638
0 1 0
255 255 255 255
0.146391 0.624131
0 0 0 0
1 0 0 0
-0.565645 -0.000974 -0.61638
-1 0 0
255 255 255 255
0.12588 0.500684
0 0 0 0
1 0 0 0
-0.565645 -0.000974 0.003191
-1 0 0
255 255 255 255
0.12588 0.582042
0 0 0 0
1 0 0 0
-0.565645 0.002764 0.003191
-1 0 0
255 255 255 255
0.126376 0.582042
0 0 0 0
1 0 0 0
-0.565645 0.002764 -0.61638
-1 0 0
255 255 255 255
0.126376 0.500684
0 0 0 0
1 0 0 0
-0.639404 -0.000974 0.003191
1 0 0
255 255 255 255
0.130543 0.582042
0 0 0 0
1 0 0 0
-0.639404 -0.000974 -0.61638
1 0 0
255 255 255 255
0.130543 0.500684
0 0 0 0
1 0 0 0
-0.639404 0.002764 -0.61638
1 0 0
255 255 255 255
0.130047 0.500684
0 0 0 0
1 0 0 0
-0.639404 0.002764 0.003191
1 0 0
255 255 255 255
0.130047 0.582042
0 0 0 0
1 0 0 0
-0.555673 -0.000974 0.003191
0 1 0
255 255 255 255
0.875203 0.126342
0 0 0 0
1 0 0 0
-0.33959 -0.000974 0.003191
0 1 0
255 255 255 255
0.9382 0.126342
0 0 0 0
1 0 0 0
-0.33959 -0.000974 -0.61638
0 1 0
255 255 255 255
0.9382 0.249322
0 0 0 0
1 0 0 0
-0.555673 -0.000974 -0.61638
0 1 0
255 255 255 255
0.875203 0.249322
0 0 0 0
1 0 0 0
0.054843 0.002764 -0.531734
0.1950968 0 -0.9807839
255 255 255 255
0.127671 0.503719
0 0 0 0
1 0 0 0
0.123094 0.002764 -0.518158
0.1950968 0 -0.9807839
255 255 255 255
0.127797 0.513359
0 0 0 0
1 0 0 0
0.123094 -0.019087 -0.518158
0.1950968 0 -0.9807839
255 255 255 255
0.129935 0.513246
0 0 0 0
1 0 0 0
0.054843 -0.019087 -0.531735
0.1950968 0 -0.9807839
255 255 255 255
0.130707 0.503229
0 0 0 0
1 0 0 0
0.139488 0.002764 -0.353385
-0.9807839 0 0.1950968
255 255 255 255
0.127704 0.520736
0 0 0 0
1 0 0 0
0.133044 0.002764 -0.385778
-0.9238766 9.999747E-05 0.3826903
255 255 255 255
0.12765 0.516044
0 0 0 0
1 0 0 0
0.133044 -0.000974 -0.385777
-0.9238765 -0.0004999873 0.3826903
255 255 255 255
0.128181 0.51604
0 0 0 0
1 0 0 0
0.139488 -0.000974 -0.353385
-0.9807839 0 0.1950968
255 255 255 255
0.128218 0.520741
0 0 0 0
1 0 0 0
0.142258 0.002764 -0.389594
0 1 0
255 255 255 255
0.126248 0.516252
0 0 0 0
1 0 0 0
0.133044 0.002764 -0.385778
0 1 0
255 255 255 255
0.12765 0.516044
0 0 0 0
1 0 0 0
0.139488 0.002764 -0.353385
0 1 0
255 255 255 255
0.127704 0.520736
0 0 0 0
1 0 0 0
0.149461 0.002764 -0.353385
0 1 0
255 255 255 255
0.126214 0.521311
0 0 0 0
1 0 0 0
0.119277 0.002764 -0.508945
0 1 0
255 255 255 255
0.126573 0.513507
0 0 0 0
1 0 0 0
0.123094 0.002764 -0.518158
0 1 0
255 255 255 255
0.127797 0.513359
0 0 0 0
1 0 0 0
0.054843 0.002764 -0.531734
0 1 0
255 255 255 255
0.127671 0.503719
0 0 0 0
1 0 0 0
0.054843 0.002764 -0.521762
0 1 0
255 255 255 255
0.12631 0.504228
0 0 0 0
1 0 0 0
0.210402 -0.000974 -0.41782
0 1 0
255 255 255 255
0.165784 0.550358
0 0 0 0
1 0 0 0
0.142258 -0.000974 -0.389594
0 1 0
255 255 255 255
0.171277 0.563619
0 0 0 0
1 0 0 0
0.149461 -0.000974 -0.353385
0 1 0
255 255 255 255
0.178323 0.562217
0 0 0 0
1 0 0 0
0.22322 -0.000974 -0.353385
0 1 0
255 255 255 255
0.178323 0.547864
0 0 0 0
1 0 0 0
0.22322 0.002764 -0.353385
-0.9951866 0 0.09799868
255 255 255 255
0.12637 0.541608
0 0 0 0
1 0 0 0
0.210402 0.002764 -0.41782
-0.9238766 0 0.3826903
255 255 255 255
0.126464 0.532317
0 0 0 0
1 0 0 0
0.210402 -0.000974 -0.41782
-0.9238766 0 0.3826903
255 255 255 255
0.125817 0.532286
0 0 0 0
1 0 0 0
0.22322 -0.000974 -0.353385
-0.9951866 0 0.09799868
255 255 255 255
0.125834 0.541592
0 0 0 0
1 0 0 0
0.054843 0.002764 -0.448003
0.1950968 0 -0.9807839
255 255 255 255
0.126214 0.501043
0 0 0 0
1 0 0 0
0.091051 0.002764 -0.4408
0.3826903 0 -0.9238766
255 255 255 255
0.126248 0.506103
0 0 0 0
1 0 0 0
0.091051 -0.000974 -0.4408
0.3826903 0 -0.9238766
255 255 255 255
0.125724 0.506015
0 0 0 0
1 0 0 0
0.054843 -0.000974 -0.448003
0.1950968 0 -0.9807839
255 255 255 255
0.125704 0.500908
0 0 0 0
1 0 0 0
0.219615 0.002764 -0.421636
0.8314652 0 -0.5555767
255 255 255 255
0.127753 0.532516
0 0 0 0
1 0 0 0
0.219615 -0.019087 -0.421636
0.8314652 0 -0.5555767
255 255 255 255
0.130119 0.532687
0 0 0 0
1 0 0 0
0.180954 -0.019087 -0.479497
0.8314652 0 -0.5555767
255 255 255 255
0.13029 0.522958
0 0 0 0
1 0 0 0
0.180954 0.002764 -0.479497
0.8314652 0 -0.5555767
255 255 255 255
0.127758 0.522928
0 0 0 0
1 0 0 0
0.087236 0.002764 -0.431588
-0.3826903 -0.0001999949 0.9238766
255 255 255 255
0.12765 0.50631
0 0 0 0
1 0 0 0
0.087236 -0.000974 -0.431587
-0.3826903 -0.0002999924 0.9238766
255 255 255 255
0.128177 0.506292
0 0 0 0
1 0 0 0
0.114696 -0.000974 -0.413238
-0.7071068 0 0.7071068
255 255 255 255
0.12817 0.511184
0 0 0 0
1 0 0 0
0.114696 0.002764 -0.413238
-0.7071068 0 0.7071068
255 255 255 255
0.127642 0.511177
0 0 0 0
1 0 0 0
0.091051 0.002764 -0.4408
0 1 0
255 255 255 255
0.126248 0.506103
0 0 0 0
1 0 0 0
0.087236 0.002764 -0.431588
0 1 0
255 255 255 255
0.12765 0.50631
0 0 0 0
1 0 0 0
0.114696 0.002764 -0.413238
0 1 0
255 255 255 255
0.127642 0.511177
0 0 0 0
1 0 0 0
0.121747 0.002764 -0.420291
0 1 0
255 255 255 255
0.126232 0.511177
0 0 0 0
1 0 0 0
0.210402 0.002764 -0.41782
0 1 0
255 255 255 255
0.126464 0.532317
0 0 0 0
1 0 0 0
0.219615 0.002764 -0.421636
0 1 0
255 255 255 255
0.127753 0.532516
0 0 0 0
1 0 0 0
0.180954 0.002764 -0.479497
0 1 0
255 255 255 255
0.127758 0.522928
0 0 0 0
1 0 0 0
0.173903 0.002764 -0.472445
0 1 0
255 255 255 255
0.126546 0.522916
0 0 0 0
1 0 0 0
0.119277 -0.000974 -0.508945
0 1 0
255 255 255 255
0.148051 0.568092
0 0 0 0
1 0 0 0
0.091051 -0.000974 -0.4408
0 1 0
255 255 255 255
0.161311 0.573584
0 0 0 0
1 0 0 0
0.121747 -0.000974 -0.420291
0 1 0
255 255 255 255
0.165303 0.567611
0 0 0 0
1 0 0 0
0.173903 -0.000974 -0.472445
0 1 0
255 255 255 255
0.155154 0.557462
0 0 0 0
1 0 0 0
0.119277 0.002764 -0.508945
-0.3826903 0 0.9238766
255 255 255 255
0.126573 0.513507
0 0 0 0
1 0 0 0
0.119277 -0.000974 -0.508945
-0.3826903 0 0.9238766
255 255 255 255
0.125919 0.513554
0 0 0 0
1 0 0 0
0.173903 -0.000974 -0.472445
-0.7071068 0 0.7071068
255 255 255 255
0.12592 0.522916
0 0 0 0
1 0 0 0
0.173903 0.002764 -0.472445
-0.7071068 0 0.7071068
255 255 255 255
0.126546 0.522916
0 0 0 0
1 0 0 0
0.142258 0.002764 -0.389594
0.9238766 0 -0.3826903
255 255 255 255
0.126248 0.516252
0 0 0 0
1 0 0 0
0.142258 -0.000974 -0.389594
0.9238766 0 -0.3826903
255 255 255 255
0.125724 0.516339
0 0 0 0
1 0 0 0
0.121747 -0.000974 -0.420291
0.7071068 0 -0.7071068
255 255 255 255
0.125699 0.511177
0 0 0 0
1 0 0 0
0.121747 0.002764 -0.420291
0.7071068 0 -0.7071068
255 255 255 255
0.126232 0.511177
0 0 0 0
1 0 0 0
0.180954 0.002764 -0.479497
0.5555767 0 -0.8314652
255 255 255 255
0.127758 0.522928
0 0 0 0
1 0 0 0
0.180954 -0.019087 -0.479497
0.5555767 0 -0.8314652
255 255 255 255
0.13029 0.522958
0 0 0 0
1 0 0 0
0.123094 -0.019087 -0.518158
0.5555767 0 -0.8314652
255 255 255 255
0.129935 0.513246
0 0 0 0
1 0 0 0
0.123094 0.002764 -0.518158
0.5555767 0 -0.8314652
255 255 255 255
0.127797 0.513359
0 0 0 0
1 0 0 0
0.233192 0.002764 -0.353385
0.9807839 0 -0.1950968
255 255 255 255
0.12766 0.542079
0 0 0 0
1 0 0 0
0.233192 -0.019087 -0.353385
0.9807839 0 -0.1950968
255 255 255 255
0.130711 0.542197
0 0 0 0
1 0 0 0
0.219615 -0.019087 -0.421636
0.9807839 0 -0.1950968
255 255 255 255
0.130119 0.532687
0 0 0 0
1 0 0 0
0.219615 0.002764 -0.421636
0.9807839 0 -0.1950968
255 255 255 255
0.127753 0.532516
0 0 0 0
1 0 0 0
0.054843 0.002764 -0.438031
-0.1950968 0 0.9807839
255 255 255 255
0.127704 0.501618
0 0 0 0
1 0 0 0
0.054843 -0.000974 -0.438031
-0.1950968 0 0.9807839
255 255 255 255
0.128228 0.501546
0 0 0 0
1 0 0 0
0.054843 0.002764 -0.448003
0 1 0
255 255 255 255
0.126214 0.501043
0 0 0 0
1 0 0 0
0.054843 0.002764 -0.438031
0 1 0
255 255 255 255
0.127704 0.501618
0 0 0 0
1 0 0 0
0.22322 0.002764 -0.353385
0 1 0
255 255 255 255
0.12637 0.541608
0 0 0 0
1 0 0 0
0.233192 0.002764 -0.353385
0 1 0
255 255 255 255
0.12766 0.542079
0 0 0 0
1 0 0 0
0.054843 -0.000974 -0.521762
0 1 0
255 255 255 255
0.145556 0.58063
0 0 0 0
1 0 0 0
0.054843 -0.000974 -0.448003
0 1 0
255 255 255 255
0.159909 0.58063
0 0 0 0
1 0 0 0
0.054843 0.002764 -0.521762
-0.1950968 0 0.9807839
255 255 255 255
0.12631 0.504228
0 0 0 0
1 0 0 0
0.054843 -0.000974 -0.521762
-0.1950968 0 0.9807839
255 255 255 255
0.125794 0.504288
0 0 0 0
1 0 0 0
0.149461 0.002764 -0.353385
0.9951866 0 -0.09799868
255 255 255 255
0.126214 0.521311
0 0 0 0
1 0 0 0
0.149461 -0.000974 -0.353385
0.9951866 0 -0.09799868
255 255 255 255
0.125704 0.521446
0 0 0 0
1 0 0 0
0.054843 0.002764 -0.438031
-0.1950968 0 0.9807839
255 255 255 255
0.127671 0.503719
0 0 0 0
1 0 0 0
-0.013409 0.002764 -0.451607
-0.1950968 0 0.9807839
255 255 255 255
0.127797 0.513359
0 0 0 0
1 0 0 0
-0.013409 -0.000974 -0.451607
-0.1950968 0 0.9807839
255 255 255 255
0.128172 0.513225
0 0 0 0
1 0 0 0
0.054843 -0.000974 -0.438031
-0.1950968 0 0.9807839
255 255 255 255
0.128191 0.503635
0 0 0 0
1 0 0 0
-0.029802 0.002764 -0.61638
0.9807839 0 -0.1950968
255 255 255 255
0.127704 0.520736
0 0 0 0
1 0 0 0
-0.023359 0.002764 -0.583987
0.9238766 0 -0.3826903
255 255 255 255
0.12765 0.516044
0 0 0 0
1 0 0 0
-0.023359 -0.019087 -0.583988
0.9238766 0 -0.3826903
255 255 255 255
0.130757 0.51606
0 0 0 0
1 0 0 0
-0.029802 -0.019087 -0.61638
0.9807839 0 -0.1950968
255 255 255 255
0.130709 0.520765
0 0 0 0
1 0 0 0
-0.032573 0.002764 -0.580171
0 1 0
255 255 255 255
0.126248 0.516252
0 0 0 0
1 0 0 0
-0.023359 0.002764 -0.583987
0 1 0
255 255 255 255
0.12765 0.516044
0 0 0 0
1 0 0 0
-0.029802 0.002764 -0.61638
0 1 0
255 255 255 255
0.127704 0.520736
0 0 0 0
1 0 0 0
-0.039774 0.002764 -0.61638
0 1 0
255 255 255 255
0.126214 0.521311
0 0 0 0
1 0 0 0
-0.009592 0.002764 -0.46082
0 1 0
255 255 255 255
0.126573 0.513507
0 0 0 0
1 0 0 0
-0.013409 0.002764 -0.451607
0 1 0
255 255 255 255
0.127797 0.513359
0 0 0 0
1 0 0 0
0.054843 0.002764 -0.438031
0 1 0
255 255 255 255
0.127671 0.503719
0 0 0 0
1 0 0 0
0.054843 0.002764 -0.448003
0 1 0
255 255 255 255
0.12631 0.504228
0 0 0 0
1 0 0 0
-0.100717 -0.000974 -0.551945
0 1 0
255 255 255 255
0.165784 0.550358
0 0 0 0
1 0 0 0
-0.032573 -0.000974 -0.580171
0 1 0
255 255 255 255
0.171277 0.563619
0 0 0 0
1 0 0 0
-0.039774 -0.000974 -0.61638
0 1 0
255 255 255 255
0.178323 0.562217
0 0 0 0
1 0 0 0
-0.113534 -0.000974 -0.61638
0 1 0
255 255 255 255
0.178323 0.547864
0 0 0 0
1 0 0 0
-0.113534 0.002764 -0.61638
0.9807839 0 -0.1950968
255 255 255 255
0.12637 0.541608
0 0 0 0
1 0 0 0
-0.100717 0.002764 -0.551945
0.9238766 0 -0.3826903
255 255 255 255
0.126464 0.532317
0 0 0 0
1 0 0 0
-0.100717 -0.000974 -0.551945
0.9238766 0 -0.3826903
255 255 255 255
0.125817 0.532286
0 0 0 0
1 0 0 0
-0.113534 -0.000974 -0.61638
0.9807839 0 -0.1950968
255 255 255 255
0.125834 0.541592
0 0 0 0
1 0 0 0
0.054843 0.002764 -0.521762
-0.1950968 0 0.9807839
255 255 255 255
0.126214 0.501043
0 0 0 0
1 0 0 0
0.018634 0.002764 -0.528965
-0.3826903 0 0.9238766
255 255 255 255
0.126248 0.506103
0 0 0 0
1 0 0 0
0.018634 -0.000974 -0.528965
-0.3826903 0 0.9238766
255 255 255 255
0.125724 0.506015
0 0 0 0
1 0 0 0
0.054843 -0.000974 -0.521762
-0.1950968 0 0.9807839
255 255 255 255
0.125704 0.500908
0 0 0 0
1 0 0 0
-0.10993 0.002764 -0.548129
-0.8314652 0 0.5555767
255 255 255 255
0.127753 0.532516
0 0 0 0
1 0 0 0
-0.10993 -0.000974 -0.548129
-0.8314652 0 0.5555767
255 255 255 255
0.128157 0.532599
0 0 0 0
1 0 0 0
-0.071269 -0.000974 -0.490267
-0.8314652 0 0.5555767
255 255 255 255
0.128193 0.522984
0 0 0 0
1 0 0 0
-0.071269 0.002764 -0.490267
-0.8314652 0 0.5555767
255 255 255 255
0.127758 0.522928
0 0 0 0
1 0 0 0
0.022451 0.002764 -0.538177
0.3826903 0 -0.9238766
255 255 255 255
0.12765 0.50631
0 0 0 0
1 0 0 0
0.022451 -0.019087 -0.538178
0.3826903 0 -0.9238766
255 255 255 255
0.130731 0.506279
0 0 0 0
1 0 0 0
-0.005011 -0.019087 -0.556527
0.7071068 0 -0.7071068
255 255 255 255
0.13073 0.511176
0 0 0 0
1 0 0 0
-0.005011 0.002764 -0.556527
0.7071068 0 -0.7071068
255 255 255 255
0.127642 0.511177
0 0 0 0
1 0 0 0
0.018634 0.002764 -0.528965
0 1 0
255 255 255 255
0.126248 0.506103
0 0 0 0
1 0 0 0
0.022451 0.002764 -0.538177
0 1 0
255 255 255 255
0.12765 0.50631
0 0 0 0
1 0 0 0
-0.005011 0.002764 -0.556527
0 1 0
255 255 255 255
0.127642 0.511177
0 0 0 0
1 0 0 0
-0.012062 0.002764 -0.549474
0 1 0
255 255 255 255
0.126232 0.511177
0 0 0 0
1 0 0 0
-0.100717 0.002764 -0.551945
0 1 0
255 255 255 255
0.126464 0.532317
0 0 0 0
1 0 0 0
-0.10993 0.002764 -0.548129
0 1 0
255 255 255 255
0.127753 0.532516
0 0 0 0
1 0 0 0
-0.071269 0.002764 -0.490267
0 1 0
255 255 255 255
0.127758 0.522928
0 0 0 0
1 0 0 0
-0.064217 0.002764 -0.497319
0 1 0
255 255 255 255
0.126546 0.522916
0 0 0 0
1 0 0 0
-0.009592 -0.000974 -0.46082
0 1 0
255 255 255 255
0.148051 0.568092
0 0 0 0
1 0 0 0
0.018634 -0.000974 -0.528965
0 1 0
255 255 255 255
0.161311 0.573584
0 0 0 0
1 0 0 0
-0.012062 -0.000974 -0.549474
0 1 0
255 255 255 255
0.165303 0.567611
0 0 0 0
1 0 0 0
-0.064217 -0.000974 -0.497319
0 1 0
255 255 255 255
0.155154 0.557462
0 0 0 0
1 0 0 0
-0.009592 0.002764 -0.46082
0.3826903 0 -0.9238766
255 255 255 255
0.126573 0.513507
0 0 0 0
1 0 0 0
-0.009592 -0.000974 -0.46082
0.3826903 0 -0.9238766
255 255 255 255
0.125919 0.513554
0 0 0 0
1 0 0 0
-0.064217 -0.000974 -0.497319
0.7071068 0 -0.7071068
255 255 255 255
0.12592 0.522916
0 0 0 0
1 0 0 0
-0.064217 0.002764 -0.497319
0.7071068 0 -0.7071068
255 255 255 255
0.126546 0.522916
0 0 0 0
1 0 0 0
-0.032573 0.002764 -0.580171
-0.9238766 0 0.3826903
255 255 255 255
0.126248 0.516252
0 0 0 0
1 0 0 0
-0.032573 -0.000974 -0.580171
-0.9238766 0 0.3826903
255 255 255 255
0.125724 0.516339
0 0 0 0
1 0 0 0
-0.012062 -0.000974 -0.549474
-0.7071068 0 0.7071068
255 255 255 255
0.125699 0.511177
0 0 0 0
1 0 0 0
-0.012062 0.002764 -0.549474
-0.7071068 0 0.7071068
255 255 255 255
0.126232 0.511177
0 0 0 0
1 0 0 0
-0.071269 0.002764 -0.490267
-0.5555767 0 0.8314652
255 255 255 255
0.127758 0.522928
0 0 0 0
1 0 0 0
-0.071269 -0.000974 -0.490267
-0.5555767 0 0.8314652
255 255 255 255
0.128193 0.522984
0 0 0 0
1 0 0 0
-0.013409 -0.000974 -0.451607
-0.5555767 0 0.8314652
255 255 255 255
0.128172 0.513225
0 0 0 0
1 0 0 0
-0.013409 0.002764 -0.451607
-0.5555767 0 0.8314652
255 255 255 255
0.127797 0.513359
0 0 0 0
1 0 0 0
-0.123506 0.002764 -0.61638
-0.9807839 0.0002999951 0.1950968
255 255 255 255
0.12766 0.542079
0 0 0 0
1 0 0 0
-0.123506 -0.000974 -0.61638
-0.9807839 0.0002999951 0.1950968
255 255 255 255
0.128198 0.542354
0 0 0 0
1 0 0 0
-0.10993 -0.000974 -0.548129
-0.9807839 0.0002999951 0.1950968
255 255 255 255
0.128157 0.532599
0 0 0 0
1 0 0 0
-0.10993 -0.000974 -0.548129
-0.9807839 0 0.1950968
255 255 255 255
0.128157 0.532599
0 0 0 0
1 0 0 0
-0.10993 0.002764 -0.548129
-0.9807839 0 0.1950968
255 255 255 255
0.127753 0.532516
0 0 0 0
1 0 0 0
-0.123506 0.002764 -0.61638
-0.9807839 0 0.1950968
255 255 255 255
0.12766 0.542079
0 0 0 0
1 0 0 0
0.054843 0.002764 -0.531734
0.1950968 0 -0.9807839
255 255 255 255
0.127704 0.501618
0 0 0 0
1 0 0 0
0.054843 -0.019087 -0.531735
0.1950968 0 -0.9807839
255 255 255 255
0.130764 0.501564
0 0 0 0
1 0 0 0
0.054843 0.002764 -0.521762
0 1 0
255 255 255 255
0.126214 0.501043
0 0 0 0
1 0 0 0
0.054843 0.002764 -0.531734
0 1 0
255 255 255 255
0.127704 0.501618
0 0 0 0
1 0 0 0
-0.113534 0.002764 -0.61638
0 1 0
255 255 255 255
0.12637 0.541608
0 0 0 0
1 0 0 0
-0.123506 0.002764 -0.61638
0 1 0
255 255 255 255
0.12766 0.542079
0 0 0 0
1 0 0 0
0.054843 -0.000974 -0.448003
0 1 0
255 255 255 255
0.145556 0.58063
0 0 0 0
1 0 0 0
0.054843 -0.000974 -0.521762
0 1 0
255 255 255 255
0.159909 0.58063
0 0 0 0
1 0 0 0
0.054843 0.002764 -0.448003
0.1950968 0 -0.9807839
255 255 255 255
0.12631 0.504228
0 0 0 0
1 0 0 0
0.054843 -0.000974 -0.448003
0.1950968 0 -0.9807839
255 255 255 255
0.125794 0.504288
0 0 0 0
1 0 0 0
-0.039774 0.002764 -0.61638
-0.9808031 0 0.1950006
255 255 255 255
0.126214 0.521311
0 0 0 0
1 0 0 0
-0.039774 -0.000974 -0.61638
-0.9808031 0 0.1950006
255 255 255 255
0.125704 0.521446
0 0 0 0
1 0 0 0
0.054843 0.002763 0.538118
0.1950968 0 0.9807839
255 255 255 255
0.127671 0.503719
0 0 0 0
1 0 0 0
0.054843 -0.019088 0.538118
0.1950968 0 0.9807839
255 255 255 255
0.130707 0.503229
0 0 0 0
1 0 0 0
0.123094 -0.019088 0.524541
0.1950968 0 0.9807839
255 255 255 255
0.129935 0.513246
0 0 0 0
1 0 0 0
0.123094 0.002763 0.524541
0.1950968 0 0.9807839
255 255 255 255
0.127797 0.513359
0 0 0 0
1 0 0 0
0.139488 0.002763 0.359768
-0.9807839 0 -0.1950968
255 255 255 255
0.127704 0.520736
0 0 0 0
1 0 0 0
0.139488 -0.000975 0.359768
-0.9807839 0 -0.1950968
255 255 255 255
0.128218 0.52074
0 0 0 0
1 0 0 0
0.133044 -0.000975 0.39216
-0.9238766 9.999747E-05 -0.3826903
255 255 255 255
0.128181 0.516061
0 0 0 0
1 0 0 0
0.133044 0.002763 0.392161
-0.9238766 9.999747E-05 -0.3826903
255 255 255 255
0.12765 0.516044
0 0 0 0
1 0 0 0
0.142258 0.002763 0.395976
0 1 0
255 255 255 255
0.126248 0.516252
0 0 0 0
1 0 0 0
0.149461 0.002763 0.359768
0 1 0
255 255 255 255
0.126214 0.521311
0 0 0 0
1 0 0 0
0.139488 0.002763 0.359768
0 1 0
255 255 255 255
0.127704 0.520736
0 0 0 0
1 0 0 0
0.133044 0.002763 0.392161
0 1 0
255 255 255 255
0.12765 0.516044
0 0 0 0
1 0 0 0
0.119277 0.002763 0.515328
0 1 0
255 255 255 255
0.126573 0.513507
0 0 0 0
1 0 0 0
0.054843 0.002763 0.528145
0 1 0
255 255 255 255
0.12631 0.504228
0 0 0 0
1 0 0 0
0.054843 0.002763 0.538118
0 1 0
255 255 255 255
0.127671 0.503719
0 0 0 0
1 0 0 0
0.123094 0.002763 0.524541
0 1 0
255 255 255 255
0.127797 0.513359
0 0 0 0
1 0 0 0
0.210403 -0.000975 0.424203
0 1 0
255 255 255 255
0.165784 0.550358
0 0 0 0
1 0 0 0
0.22322 -0.000975 0.359768
0 1 0
255 255 255 255
0.178323 0.547864
0 0 0 0
1 0 0 0
0.149461 -0.000975 0.359768
0 1 0
255 255 255 255
0.178323 0.562217
0 0 0 0
1 0 0 0
0.142258 -0.000975 0.395976
0 1 0
255 255 255 255
0.171277 0.563619
0 0 0 0
1 0 0 0
0.22322 0.002763 0.359768
-0.9951866 0 -0.09799868
255 255 255 255
0.12637 0.541608
0 0 0 0
1 0 0 0
0.22322 -0.000975 0.359768
-0.9951866 0 -0.09799868
255 255 255 255
0.125834 0.541592
0 0 0 0
1 0 0 0
0.210403 -0.000975 0.424203
-0.9238766 0 -0.3826903
255 255 255 255
0.125817 0.532286
0 0 0 0
1 0 0 0
0.210403 0.002763 0.424203
-0.9238766 0 -0.3826903
255 255 255 255
0.126464 0.532317
0 0 0 0
1 0 0 0
0.054843 0.002763 0.454386
0.1950968 0 0.9807839
255 255 255 255
0.126214 0.501043
0 0 0 0
1 0 0 0
0.054843 -0.000975 0.454386
0.1950968 0 0.9807839
255 255 255 255
0.125704 0.500908
0 0 0 0
1 0 0 0
0.091051 -0.000975 0.447184
0.3826903 0 0.9238766
255 255 255 255
0.125724 0.506015
0 0 0 0
1 0 0 0
0.091051 0.002763 0.447184
0.3826903 0 0.9238766
255 255 255 255
0.126248 0.506103
0 0 0 0
1 0 0 0
0.219615 0.002763 0.42802
0.8314652 0 0.5555767
255 255 255 255
0.127753 0.532516
0 0 0 0
1 0 0 0
0.180954 0.002763 0.485879
0.8314652 0 0.5555767
255 255 255 255
0.127758 0.522928
0 0 0 0
1 0 0 0
0.180954 -0.019088 0.485879
0.8314652 0 0.5555767
255 255 255 255
0.13029 0.522958
0 0 0 0
1 0 0 0
0.219615 -0.019088 0.42802
0.8314652 0 0.5555767
255 255 255 255
0.130119 0.532687
0 0 0 0
1 0 0 0
0.114696 0.002763 0.419622
-0.7071068 0.0002000019 -0.7071068
255 255 255 255
0.127642 0.511177
0 0 0 0
1 0 0 0
0.114696 -0.000975 0.419621
-0.7071068 -0.0002000019 -0.7071068
255 255 255 255
0.12817 0.511176
0 0 0 0
1 0 0 0
0.087236 0.002763 0.437971
-0.3826903 -0.0003999898 -0.9238765
255 255 255 255
0.12765 0.50631
0 0 0 0
1 0 0 0
0.087236 -0.000975 0.43797
-0.3826903 -9.999747E-05 -0.9238766
255 255 255 255
0.128177 0.506283
0 0 0 0
1 0 0 0
0.091051 0.002763 0.447184
0 1 0
255 255 255 255
0.126248 0.506103
0 0 0 0
1 0 0 0
0.121747 0.002763 0.426673
0 1 0
255 255 255 255
0.126232 0.511177
0 0 0 0
1 0 0 0
0.114696 0.002763 0.419622
0 1 0
255 255 255 255
0.127642 0.511177
0 0 0 0
1 0 0 0
0.087236 0.002763 0.437971
0 1 0
255 255 255 255
0.12765 0.50631
0 0 0 0
1 0 0 0
0.210403 0.002763 0.424203
0 1 0
255 255 255 255
0.126464 0.532317
0 0 0 0
1 0 0 0
0.173903 0.002763 0.478828
0 1 0
255 255 255 255
0.126546 0.522916
0 0 0 0
1 0 0 0
0.180954 0.002763 0.485879
0 1 0
255 255 255 255
0.127758 0.522928
0 0 0 0
1 0 0 0
0.219615 0.002763 0.42802
0 1 0
255 255 255 255
0.127753 0.532516
0 0 0 0
1 0 0 0
0.173903 -0.000975 0.478828
0 1 0
255 255 255 255
0.155154 0.557462
0 0 0 0
1 0 0 0
0.119277 -0.000975 0.515328
0 1 0
255 255 255 255
0.148051 0.568092
0 0 0 0
1 0 0 0
0.121747 -0.000975 0.426673
0 1 0
255 255 255 255
0.165303 0.567611
0 0 0 0
1 0 0 0
0.091051 -0.000975 0.447184
0 1 0
255 255 255 255
0.161311 0.573584
0 0 0 0
1 0 0 0
0.173903 0.002763 0.478828
-0.7071068 0 -0.7071068
255 255 255 255
0.126546 0.522916
0 0 0 0
1 0 0 0
0.119277 0.002763 0.515328
-0.3826903 0 -0.9238766
255 255 255 255
0.126573 0.513507
0 0 0 0
1 0 0 0
0.173903 -0.000975 0.478828
-0.7071068 0 -0.7071068
255 255 255 255
0.12592 0.522916
0 0 0 0
1 0 0 0
0.119277 -0.000975 0.515328
-0.3826903 0 -0.9238766
255 255 255 255
0.125919 0.513554
0 0 0 0
1 0 0 0
0.121747 0.002763 0.426673
0.7071068 0 0.7071068
255 255 255 255
0.126232 0.511177
0 0 0 0
1 0 0 0
0.121747 -0.000975 0.426673
0.7071068 0 0.7071068
255 255 255 255
0.125699 0.511177
0 0 0 0
1 0 0 0
0.142258 0.002763 0.395976
0.9238766 0 0.3826903
255 255 255 255
0.126248 0.516252
0 0 0 0
1 0 0 0
0.142258 -0.000975 0.395976
0.9238766 0 0.3826903
255 255 255 255
0.125724 0.516339
0 0 0 0
1 0 0 0
0.180954 0.002763 0.485879
0.5555767 0 0.8314652
255 255 255 255
0.127758 0.522928
0 0 0 0
1 0 0 0
0.123094 0.002763 0.524541
0.5555767 0 0.8314652
255 255 255 255
0.127797 0.513359
0 0 0 0
1 0 0 0
0.123094 -0.019088 0.524541
0.5555767 0 0.8314652
255 255 255 255
0.129935 0.513246
0 0 0 0
1 0 0 0
0.180954 -0.019088 0.485879
0.5555767 0 0.8314652
255 255 255 255
0.13029 0.522958
0 0 0 0
1 0 0 0
0.233192 0.002763 0.359768
0.9807839 0 0.1950968
255 255 255 255
0.12766 0.542079
0 0 0 0
1 0 0 0
0.219615 0.002763 0.42802
0.9807839 0 0.1950968
255 255 255 255
0.127753 0.532516
0 0 0 0
1 0 0 0
0.219615 -0.019088 0.42802
0.9807839 0 0.1950968
255 255 255 255
0.130119 0.532687
0 0 0 0
1 0 0 0
0.233192 -0.019088 0.359768
0.9807839 0 0.1950968
255 255 255 255
0.130711 0.542197
0 0 0 0
1 0 0 0
0.054843 0.002763 0.444414
-0.1950968 0 -0.9807839
255 255 255 255
0.127704 0.501618
0 0 0 0
1 0 0 0
0.054843 -0.000975 0.444414
-0.1950968 0 -0.9807839
255 255 255 255
0.128228 0.501609
0 0 0 0
1 0 0 0
0.054843 0.002763 0.454386
0 1 0
255 255 255 255
0.126214 0.501043
0 0 0 0
1 0 0 0
0.054843 0.002763 0.444414
0 1 0
255 255 255 255
0.127704 0.501618
0 0 0 0
1 0 0 0
0.22322 0.002763 0.359768
0 1 0
255 255 255 255
0.12637 0.541608
0 0 0 0
1 0 0 0
0.233192 0.002763 0.359768
0 1 0
255 255 255 255
0.12766 0.542079
0 0 0 0
1 0 0 0
0.054843 -0.000975 0.528145
0 1 0
255 255 255 255
0.145556 0.58063
0 0 0 0
1 0 0 0
0.054843 -0.000975 0.454386
0 1 0
255 255 255 255
0.159909 0.58063
0 0 0 0
1 0 0 0
0.054843 0.002763 0.528145
-0.1950968 0 -0.9807839
255 255 255 255
0.12631 0.504228
0 0 0 0
1 0 0 0
0.054843 -0.000975 0.528145
-0.1950968 0 -0.9807839
255 255 255 255
0.125794 0.504288
0 0 0 0
1 0 0 0
0.149461 0.002763 0.359768
0.9951866 0 0.09799868
255 255 255 255
0.126214 0.521311
0 0 0 0
1 0 0 0
0.149461 -0.000975 0.359768
0.9951866 0 0.09799868
255 255 255 255
0.125704 0.521446
0 0 0 0
1 0 0 0
0.054843 0.002763 0.444414
-0.1950968 0 -0.9807839
255 255 255 255
0.127671 0.503719
0 0 0 0
1 0 0 0
0.054843 -0.000975 0.444414
-0.1950968 0 -0.9807839
255 255 255 255
0.128237 0.503039
0 0 0 0
1 0 0 0
-0.013409 -0.000975 0.45799
-0.1950968 0 -0.9807839
255 255 255 255
0.128162 0.513325
0 0 0 0
1 0 0 0
-0.013409 0.002763 0.45799
-0.1950968 0 -0.9807839
255 255 255 255
0.127797 0.513359
0 0 0 0
1 0 0 0
-0.029802 0.002763 0.622763
0.9807839 0 0.1950968
255 255 255 255
0.127704 0.520736
0 0 0 0
1 0 0 0
-0.029802 -0.019088 0.622763
0.9807839 0 0.1950968
255 255 255 255
0.130709 0.520765
0 0 0 0
1 0 0 0
-0.023359 -0.019088 0.590371
0.9238766 0 0.3826903
255 255 255 255
0.130757 0.51606
0 0 0 0
1 0 0 0
-0.023359 0.002763 0.59037
0.9238766 0 0.3826903
255 255 255 255
0.12765 0.516044
0 0 0 0
1 0 0 0
-0.032573 0.002763 0.586554
0 1 0
255 255 255 255
0.126248 0.516252
0 0 0 0
1 0 0 0
-0.039774 0.002763 0.622763
0 1 0
255 255 255 255
0.126214 0.521311
0 0 0 0
1 0 0 0
-0.029802 0.002763 0.622763
0 1 0
255 255 255 255
0.127704 0.520736
0 0 0 0
1 0 0 0
-0.023359 0.002763 0.59037
0 1 0
255 255 255 255
0.12765 0.516044
0 0 0 0
1 0 0 0
-0.009592 0.002763 0.467203
0 1 0
255 255 255 255
0.126573 0.513507
0 0 0 0
1 0 0 0
0.054843 0.002763 0.454386
0 1 0
255 255 255 255
0.12631 0.504228
0 0 0 0
1 0 0 0
0.054843 0.002763 0.444414
0 1 0
255 255 255 255
0.127671 0.503719
0 0 0 0
1 0 0 0
-0.013409 0.002763 0.45799
0 1 0
255 255 255 255
0.127797 0.513359
0 0 0 0
1 0 0 0
-0.100717 -0.000975 0.558328
0 1 0
255 255 255 255
0.165784 0.550358
0 0 0 0
1 0 0 0
-0.113534 -0.000975 0.622763
0 1 0
255 255 255 255
0.178323 0.547864
0 0 0 0
1 0 0 0
-0.039774 -0.000975 0.622763
0 1 0
255 255 255 255
0.178323 0.562217
0 0 0 0
1 0 0 0
-0.032573 -0.000975 0.586554
0 1 0
255 255 255 255
0.171277 0.563619
0 0 0 0
1 0 0 0
-0.113534 0.002763 0.622763
0.9807839 0 0.1950968
255 255 255 255
0.12637 0.541608
0 0 0 0
1 0 0 0
-0.113534 -0.000975 0.622763
0.9807839 0 0.1950968
255 255 255 255
0.125834 0.541592
0 0 0 0
1 0 0 0
-0.100717 -0.000975 0.558328
0.9238766 0 0.3826903
255 255 255 255
0.125817 0.532286
0 0 0 0
1 0 0 0
-0.100717 0.002763 0.558328
0.9238766 0 0.3826903
255 255 255 255
0.126464 0.532317
0 0 0 0
1 0 0 0
0.054843 0.002763 0.528145
-0.1950968 0 -0.9807839
255 255 255 255
0.126214 0.501043
0 0 0 0
1 0 0 0
0.054843 -0.000975 0.528145
-0.1950968 0 -0.9807839
255 255 255 255
0.125704 0.500908
0 0 0 0
1 0 0 0
0.018634 -0.000975 0.535347
-0.3826903 0 -0.9238766
255 255 255 255
0.125724 0.506015
0 0 0 0
1 0 0 0
0.018634 0.002763 0.535347
-0.3826903 0 -0.9238766
255 255 255 255
0.126248 0.506103
0 0 0 0
1 0 0 0
-0.10993 0.002763 0.554511
-0.8314652 0 -0.5555767
255 255 255 255
0.127753 0.532516
0 0 0 0
1 0 0 0
-0.071269 0.002763 0.496651
-0.8314652 0 -0.5555767
255 255 255 255
0.127758 0.522928
0 0 0 0
1 0 0 0
-0.071269 -0.000975 0.496651
-0.8314652 0 -0.5555767
255 255 255 255
0.128192 0.522927
0 0 0 0
1 0 0 0
-0.10993 -0.000975 0.554511
-0.8314652 0 -0.5555767
255 255 255 255
0.128166 0.532677
0 0 0 0
1 0 0 0
-0.005011 0.002763 0.562909
0.7071068 0 0.7071068
255 255 255 255
0.127642 0.511177
0 0 0 0
1 0 0 0
-0.005011 -0.019088 0.56291
0.7071068 0 0.7071068
255 255 255 255
0.13073 0.511176
0 0 0 0
1 0 0 0
0.022451 0.002763 0.54456
0.3826903 0 0.9238766
255 255 255 255
0.12765 0.50631
0 0 0 0
1 0 0 0
0.022451 -0.019088 0.544561
0.3826903 0 0.9238766
255 255 255 255
0.130731 0.506279
0 0 0 0
1 0 0 0
0.018634 0.002763 0.535347
0 1 0
255 255 255 255
0.126248 0.506103
0 0 0 0
1 0 0 0
-0.012062 0.002763 0.555858
0 1 0
255 255 255 255
0.126232 0.511177
0 0 0 0
1 0 0 0
-0.005011 0.002763 0.562909
0 1 0
255 255 255 255
0.127642 0.511177
0 0 0 0
1 0 0 0
0.022451 0.002763 0.54456
0 1 0
255 255 255 255
0.12765 0.50631
0 0 0 0
1 0 0 0
-0.100717 0.002763 0.558328
0 1 0
255 255 255 255
0.126464 0.532317
0 0 0 0
1 0 0 0
-0.064217 0.002763 0.503703
0 1 0
255 255 255 255
0.126546 0.522916
0 0 0 0
1 0 0 0
-0.071269 0.002763 0.496651
0 1 0
255 255 255 255
0.127758 0.522928
0 0 0 0
1 0 0 0
-0.10993 0.002763 0.554511
0 1 0
255 255 255 255
0.127753 0.532516
0 0 0 0
1 0 0 0
-0.064217 -0.000975 0.503703
0 1 0
255 255 255 255
0.155154 0.557462
0 0 0 0
1 0 0 0
-0.009592 -0.000975 0.467203
0 1 0
255 255 255 255
0.148051 0.568092
0 0 0 0
1 0 0 0
-0.012062 -0.000975 0.555858
0 1 0
255 255 255 255
0.165303 0.567611
0 0 0 0
1 0 0 0
0.018634 -0.000975 0.535347
0 1 0
255 255 255 255
0.161311 0.573584
0 0 0 0
1 0 0 0
-0.064217 0.002763 0.503703
0.7071068 0 0.7071068
255 255 255 255
0.126546 0.522916
0 0 0 0
1 0 0 0
-0.009592 0.002763 0.467203
0.3826903 0 0.9238766
255 255 255 255
0.126573 0.513507
0 0 0 0
1 0 0 0
-0.064217 -0.000975 0.503703
0.7071068 0 0.7071068
255 255 255 255
0.12592 0.522916
0 0 0 0
1 0 0 0
-0.009592 -0.000975 0.467203
0.3826903 0 0.9238766
255 255 255 255
0.125919 0.513554
0 0 0 0
1 0 0 0
-0.012062 0.002763 0.555858
-0.7071068 0 -0.7071068
255 255 255 255
0.126232 0.511177
0 0 0 0
1 0 0 0
-0.012062 -0.000975 0.555858
-0.7071068 0 -0.7071068
255 255 255 255
0.125699 0.511177
0 0 0 0
1 0 0 0
-0.032573 0.002763 0.586554
-0.9238766 0 -0.3826903
255 255 255 255
0.126248 0.516252
0 0 0 0
1 0 0 0
-0.032573 -0.000975 0.586554
-0.9238766 0 -0.3826903
255 255 255 255
0.125724 0.516339
0 0 0 0
1 0 0 0
-0.071269 0.002763 0.496651
-0.5555767 0 -0.8314652
255 255 255 255
0.127758 0.522928
0 0 0 0
1 0 0 0
-0.013409 0.002763 0.45799
-0.5555767 0 -0.8314652
255 255 255 255
0.127797 0.513359
0 0 0 0
1 0 0 0
-0.013409 -0.000975 0.45799
-0.5555767 0 -0.8314652
255 255 255 255
0.128162 0.513325
0 0 0 0
1 0 0 0
-0.071269 -0.000975 0.496651
-0.5555767 0 -0.8314652
255 255 255 255
0.128192 0.522927
0 0 0 0
1 0 0 0
-0.123506 0.002763 0.622763
-0.9807839 0 -0.1950968
255 255 255 255
0.12766 0.542079
0 0 0 0
1 0 0 0
-0.10993 0.002763 0.554511
-0.9807839 0 -0.1950968
255 255 255 255
0.127753 0.532516
0 0 0 0
1 0 0 0
-0.10993 -0.000975 0.554511
-0.9807839 0 -0.1950968
255 255 255 255
0.128166 0.532677
0 0 0 0
1 0 0 0
-0.10993 -0.000975 0.554511
-0.9807838 -0.0004999918 -0.1950968
255 255 255 255
0.128166 0.532677
0 0 0 0
1 0 0 0
-0.123506 -0.000975 0.622764
-0.9807838 -0.0004999918 -0.1950968
255 255 255 255
0.128182 0.542099
0 0 0 0
1 0 0 0
-0.123506 0.002763 0.622763
-0.9807838 -0.0004999918 -0.1950968
255 255 255 255
0.12766 0.542079
0 0 0 0
1 0 0 0
0.054843 0.002763 0.538118
0.1950968 0 0.9807839
255 255 255 255
0.127704 0.501618
0 0 0 0
1 0 0 0
0.054843 -0.019088 0.538118
0.1950968 0 0.9807839
255 255 255 255
0.130764 0.501564
0 0 0 0
1 0 0 0
0.054843 0.002763 0.528145
0 1 0
255 255 255 255
0.126214 0.501043
0 0 0 0
1 0 0 0
0.054843 0.002763 0.538118
0 1 0
255 255 255 255
0.127704 0.501618
0 0 0 0
1 0 0 0
-0.113534 0.002763 0.622763
0 1 0
255 255 255 255
0.12637 0.541608
0 0 0 0
1 0 0 0
-0.123506 0.002763 0.622763
0 1 0
255 255 255 255
0.12766 0.542079
0 0 0 0
1 0 0 0
0.054843 -0.000975 0.454386
0 1 0
255 255 255 255
0.145556 0.58063
0 0 0 0
1 0 0 0
0.054843 -0.000975 0.528145
0 1 0
255 255 255 255
0.159909 0.58063
0 0 0 0
1 0 0 0
0.054843 0.002763 0.454386
0.1950968 0 0.9807839
255 255 255 255
0.12631 0.504228
0 0 0 0
1 0 0 0
0.054843 -0.000975 0.454386
0.1950968 0 0.9807839
255 255 255 255
0.125794 0.504288
0 0 0 0
1 0 0 0
-0.039774 0.002763 0.622763
-0.9808031 0 -0.1950006
255 255 255 255
0.126214 0.521311
0 0 0 0
1 0 0 0
-0.039774 -0.000975 0.622763
-0.9808031 0 -0.1950006
255 255 255 255
0.125704 0.521446
0 0 0 0
1 0 0 0
0.139488 -0.000974 0.003191
-1 0 0
255 255 255 255
0.128194 0.547053
0 0 0 0
1 0 0 0
0.139488 0.002764 0.003191
-1 0 0
255 255 255 255
0.127699 0.547053
0 0 0 0
1 0 0 0
0.139488 0.002764 -0.353385
-1 0 0
255 255 255 255
0.127699 0.50023
0 0 0 0
1 0 0 0
0.139488 -0.000974 -0.353385
-1 0 0
255 255 255 255
0.128194 0.50023
0 0 0 0
1 0 0 0
0.233192 -0.019087 0.003191
1 0 0
255 255 255 255
0.125825 0.547053
0 0 0 0
1 0 0 0
0.233192 0.002764 0.003191
1 0 0
255 255 255 255
0.128724 0.547053
0 0 0 0
1 0 0 0
0.233192 0.002763 0.359768
1 0 0
255 255 255 255
0.128724 0.593877
0 0 0 0
1 0 0 0
0.233192 -0.019088 0.359768
1 0 0
255 255 255 255
0.125825 0.593877
0 0 0 0
1 0 0 0
0.233192 0.002763 0.359768
0 1 0
255 255 255 255
0.128724 0.593877
0 0 0 0
1 0 0 0
0.233192 0.002764 0.003191
0 1 0
255 255 255 255
0.128724 0.547053
0 0 0 0
1 0 0 0
0.22322 0.002764 0.003191
0 1 0
255 255 255 255
0.130047 0.547053
0 0 0 0
1 0 0 0
0.22322 0.002763 0.359768
0 1 0
255 255 255 255
0.130047 0.593877
0 0 0 0
1 0 0 0
0.139488 0.002764 -0.353385
0 1 0
255 255 255 255
0.127699 0.50023
0 0 0 0
1 0 0 0
0.139488 0.002764 0.003191
0 1 0
255 255 255 255
0.127699 0.547053
0 0 0 0
1 0 0 0
0.149461 0.002764 0.003191
0 1 0
255 255 255 255
0.126376 0.547053
0 0 0 0
1 0 0 0
0.149461 0.002764 -0.353385
0 1 0
255 255 255 255
0.126376 0.50023
0 0 0 0
1 0 0 0
0.22322 -0.000975 0.359768
0 1 0
255 255 255 255
0.146391 0.500504
0 0 0 0
1 0 0 0
0.22322 -0.000974 0.003191
0 1 0
255 255 255 255
0.146391 0.562176
0 0 0 0
1 0 0 0
0.149461 -0.000974 0.003191
0 1 0
255 255 255 255
0.131673 0.562176
0 0 0 0
1 0 0 0
0.149461 -0.000975 0.359768
0 1 0
255 255 255 255
0.131673 0.500504
0 0 0 0
1 0 0 0
0.149461 -0.000974 0.003191
1 0 0
255 255 255 255
0.12588 0.547053
0 0 0 0
1 0 0 0
0.149461 0.002764 0.003191
1 0 0
255 255 255 255
0.126376 0.547053
0 0 0 0
1 0 0 0
0.149461 0.002763 0.359768
0.9951866 0 0.09799868
255 255 255 255
0.126376 0.593876
0 0 0 0
1 0 0 0
0.149461 -0.000975 0.359768
0.9951866 0 0.09799868
255 255 255 255
0.12588 0.593876
0 0 0 0
1 0 0 0
0.22322 -0.000974 0.003191
-1 0 0
255 255 255 255
0.130543 0.547054
0 0 0 0
1 0 0 0
0.22322 0.002764 0.003191
-1 0 0
255 255 255 255
0.130047 0.547053
0 0 0 0
1 0 0 0
0.22322 0.002764 -0.353385
-0.9951866 0 0.09799868
255 255 255 255
0.130047 0.50023
0 0 0 0
1 0 0 0
0.22322 -0.000974 -0.353385
-0.9951866 0 0.09799868
255 255 255 255
0.130543 0.50023
0 0 0 0
1 0 0 0
0.139488 -0.000974 0.003191
0 1 0
255 255 255 255
0.990167 0.131272
0 0 0 0
1 0 0 0
-0.123506 -0.000974 0.003191
0 1 0
255 255 255 255
0.941172 0.131272
0 0 0 0
1 0 0 0
-0.123506 -0.000975 0.359768
0 1 0
255 255 255 255
0.941172 0.197701
0 0 0 0
1 0 0 0
0.139488 -0.000975 0.359768
0 1 0
255 255 255 255
0.990167 0.197701
0 0 0 0
1 0 0 0
-0.10993 -0.000974 -0.548129
0 1 0
255 255 255 255
0.931916 0.234108
0 0 0 0
1 0 0 0
-0.123506 -0.000974 -0.61638
0 1 0
255 255 255 255
0.934445 0.246823
0 0 0 0
1 0 0 0
-0.123506 -0.000974 -0.353385
0 1 0
255 255 255 255
0.934445 0.197828
0 0 0 0
1 0 0 0
0.087236 -0.000974 -0.431587
0 1 0
255 255 255 255
0.895185 0.212397
0 0 0 0
1 0 0 0
0.054843 -0.000974 -0.438031
0 1 0
255 255 255 255
0.901219 0.213597
0 0 0 0
1 0 0 0
0.114696 -0.000974 -0.413238
0 1 0
255 255 255 255
0.890069 0.208978
0 0 0 0
1 0 0 0
-0.013409 -0.000974 -0.451607
0 1 0
255 255 255 255
0.913934 0.216126
0 0 0 0
1 0 0 0
-0.071269 -0.000974 -0.490267
0 1 0
255 255 255 255
0.924713 0.223329
0 0 0 0
1 0 0 0
0.133044 -0.000974 -0.385777
0 1 0
255 255 255 255
0.88665 0.203863
0 0 0 0
1 0 0 0
0.139488 -0.000974 -0.353385
0 1 0
255 255 255 255
0.88545 0.197828
0 0 0 0
1 0 0 0
0.054843 -0.000975 0.444414
0 1 0
255 255 255 255
0.974398 0.21347
0 0 0 0
1 0 0 0
0.087236 -0.000975 0.43797
0 1 0
255 255 255 255
0.980433 0.21227
0 0 0 0
1 0 0 0
0.114696 -0.000975 0.419621
0 1 0
255 255 255 255
0.985548 0.208852
0 0 0 0
1 0 0 0
0.133044 -0.000975 0.39216
0 1 0
255 255 255 255
0.988967 0.203736
0 0 0 0
1 0 0 0
-0.123506 -0.000975 0.622764
0 1 0
255 255 255 255
0.941172 0.246696
0 0 0 0
1 0 0 0
-0.10993 -0.000975 0.554511
0 1 0
255 255 255 255
0.943701 0.233981
0 0 0 0
1 0 0 0
-0.071269 -0.000975 0.496651
0 1 0
255 255 255 255
0.950904 0.223202
0 0 0 0
1 0 0 0
-0.013409 -0.000975 0.45799
0 1 0
255 255 255 255
0.961683 0.216
0 0 0 0
1 0 0 0
0.139488 -0.000975 0.359768
-1 0 0
255 255 255 255
0.128194 0.593876
0 0 0 0
1 0 0 0
0.139488 0.002763 0.359768
-1 0 0
255 255 255 255
0.127699 0.593876
0 0 0 0
1 0 0 0
0.233192 -0.019087 -0.353385
1 0 0
255 255 255 255
0.125825 0.50023
0 0 0 0
1 0 0 0
0.233192 0.002764 -0.353385
1 0 0
255 255 255 255
0.128725 0.50023
0 0 0 0
1 0 0 0
0.233192 0.002764 -0.353385
0 1 0
255 255 255 255
0.128725 0.50023
0 0 0 0
1 0 0 0
0.22322 0.002764 -0.353385
0 1 0
255 255 255 255
0.130047 0.50023
0 0 0 0
1 0 0 0
0.139488 0.002763 0.359768
0 1 0
255 255 255 255
0.127699 0.593876
0 0 0 0
1 0 0 0
0.149461 0.002763 0.359768
0 1 0
255 255 255 255
0.126376 0.593876
0 0 0 0
1 0 0 0
0.22322 -0.000974 -0.353385
0 1 0
255 255 255 255
0.146391 0.623849
0 0 0 0
1 0 0 0
0.149461 -0.000974 -0.353385
0 1 0
255 255 255 255
0.131673 0.623849
0 0 0 0
1 0 0 0
0.149461 -0.000974 -0.353385
0.9951866 0 -0.09799868
255 255 255 255
0.12588 0.50023
0 0 0 0
1 0 0 0
0.149461 0.002764 -0.353385
0.9951866 0 -0.09799868
255 255 255 255
0.126376 0.50023
0 0 0 0
1 0 0 0
0.22322 -0.000975 0.359768
-0.9951866 0 -0.09799868
255 255 255 255
0.130543 0.593877
0 0 0 0
1 0 0 0
0.22322 0.002763 0.359768
-0.9951866 0 -0.09799868
255 255 255 255
0.130047 0.593877
0 0 0 0
1 0 0 0
-0.123506 -0.000974 0.003191
0 1 0
255 255 255 255
0.934445 0.131399
0 0 0 0
1 0 0 0
0.139488 -0.000974 0.003191
0 1 0
255 255 255 255
0.88545 0.131399
0 0 0 0
1 0 0 0
308 # faces
0 2 1
2 0 3
4 6 5
6 4 7
8 10 9
10 8 11
12 14 13
14 12 15
16 18 17
18 16 19
20 22 21
22 20 23
24 26 25
26 24 27
28 30 29
30 28 31
32 34 33
34 32 35
36 38 37
38 36 39
40 42 41
42 40 43
44 46 45
46 44 47
48 50 49
50 48 51
52 54 53
54 52 55
56 58 57
58 56 59
60 62 61
62 60 63
64 66 65
66 64 67
68 70 69
70 68 71
72 74 73
74 72 75
76 78 77
78 76 79
80 82 81
82 80 83
84 86 85
86 84 87
88 90 89
90 88 91
92 94 93
94 92 95
96 98 97
98 96 99
100 102 101
102 100 103
104 106 105
106 104 107
78 107 77
107 78 106
108 110 109
110 108 111
112 114 113
114 112 115
116 118 117
89 119 88
118 116 119
119 89 118
120 122 121
94 123 93
122 120 123
123 94 122
124 126 125
126 124 127
127 98 126
98 127 97
128 130 129
130 128 131
111 81 110
81 111 80
115 85 114
85 115 84
132 134 133
134 132 135
105 136 104
136 105 137
138 109 139
109 138 108
140 113 141
113 140 112
117 142 116
142 117 143
121 144 120
144 121 145
125 146 124
146 125 147
148 150 149
150 148 151
152 154 153
154 152 155
156 158 157
158 156 159
160 162 161
162 160 163
164 166 165
166 164 167
168 170 169
170 168 171
172 174 173
174 172 175
176 178 177
178 176 179
180 182 181
182 180 183
154 183 153
183 154 182
184 186 185
186 184 187
188 190 189
190 188 191
192 194 193
195 165 194
165 195 164
194 192 195
196 198 197
199 170 198
170 199 169
198 196 199
200 202 201
203 174 202
202 200 203
174 203 173
204 206 205
206 204 207
187 157 186
157 187 156
191 161 190
161 191 160
208 210 209
211 213 212
181 214 180
214 181 215
216 185 217
185 216 184
218 189 219
189 218 188
193 220 192
220 193 221
197 222 196
222 197 223
201 224 200
224 201 225
226 228 227
228 226 229
230 232 231
232 230 233
234 236 235
236 234 237
238 240 239
240 238 241
242 244 243
244 242 245
246 248 247
248 246 249
250 252 251
252 250 253
254 256 255
256 254 257
258 232 233
232 258 259
260 259 258
259 260 261
262 264 263
264 262 265
266 268 267
268 266 269
270 245 242
271 272 270
245 270 272
272 271 273
274 248 249
275 276 274
248 274 276
276 275 277
278 252 253
252 278 279
280 279 278
279 280 281
282 284 283
284 282 285
263 237 234
237 263 264
267 241 238
241 267 268
286 288 287
288 286 289
290 261 260
261 290 291
292 265 262
265 292 293
294 269 266
269 294 295
296 273 271
273 296 297
298 277 275
277 298 299
300 281 280
281 300 301
302 304 303
304 302 305
306 308 307
308 306 309
310 312 311
312 310 313
314 316 315
316 314 317
318 320 319
320 318 321
322 324 323
324 322 325
326 328 327
328 326 329
330 332 331
332 330 333
334 308 309
308 334 335
336 335 334
335 336 337
338 340 339
340 338 341
342 344 343
344 342 345
346 321 318
347 348 346
321 346 348
348 347 349
350 324 325
351 352 350
324 350 352
352 351 353
354 328 329
328 354 355
356 355 354
355 356 357
358 360 359
360 358 361
339 313 310
313 339 340
343 317 314
317 343 344
362 364 363
365 367 366
368 337 336
337 368 369
370 341 338
341 370 371
372 345 342
345 372 373
374 349 347
349 374 375
376 353 351
353 376 377
378 357 356
357 378 379
380 382 381
382 380 383
384 386 385
386 384 387
388 390 389
390 388 391
392 394 393
394 392 395
396 398 397
398 396 399
400 402 401
402 400 403
404 406 405
406 404 407
408 410 409
410 408 411
412 414 413
415 414 416
417 414 415
418 414 419
419 414 412
416 414 418
420 414 417
414 420 421
422 410 423
424 411 425
411 424 410
423 410 424
426 410 427
428 410 429
427 410 428
429 410 422
381 430 380
430 381 431
385 432 384
432 385 433
390 434 389
434 390 435
394 436 393
436 394 437
398 438 397
438 398 439
401 440 400
440 401 441
405 442 404
442 405 443
421 444 414
444 421 445
