1 # bones
root
-1
0 0 0
1 # meshes
10_Road-Cross-C-A_0_0_0_root_root
1 # uv layers
1 # textures
atlas.jpg
0 # uv layer index
229 # vertices
-0.846924 0.002943 -0.525871
0.0001 0 -1
255 255 255 255
0.127663 0.582042
0 0 0 0
1 0 0 0
-0.537122 0.002943 -0.525854
-0.7071068 0 -0.7071068
255 255 255 255
0.127663 0.541359
0 0 0 0
1 0 0 0
-0.537122 -0.018908 -0.525854
-0.7071068 0 -0.7071068
255 255 255 255
0.130562 0.541359
0 0 0 0
1 0 0 0
-0.846924 -0.018908 -0.525871
0.0001 0 -1
255 255 255 255
0.130562 0.582042
0 0 0 0
1 0 0 0
-0.846924 0.002943 -0.515898
0 1 0
255 255 255 255
0.12634 0.582042
0 0 0 0
1 0 0 0
-0.52715 0.002943 -0.515882
0 1 0
255 255 255 255
0.12634 0.54005
0 0 0 0
1 0 0 0
-0.537122 0.002943 -0.525854
0 1 0
255 255 255 255
0.127663 0.541359
0 0 0 0
1 0 0 0
-0.846924 0.002943 -0.525871
0 1 0
255 255 255 255
0.127663 0.582042
0 0 0 0
1 0 0 0
-0.846924 -0.000795 -0.442139
0 1 0
255 255 255 255
0.186204 0.500504
0 0 0 0
1 0 0 0
-0.453395 -0.000795 -0.442127
0 1 0
255 255 255 255
0.186204 0.57903
0 0 0 0
1 0 0 0
-0.52715 -0.000795 -0.515882
0 1 0
255 255 255 255
0.171486 0.564314
0 0 0 0
1 0 0 0
-0.846924 -0.000795 -0.515898
0 1 0
255 255 255 255
0.171486 0.500504
0 0 0 0
1 0 0 0
-0.846924 0.002943 -0.442139
0 0 -1
255 255 255 255
0.127666 0.582042
0 0 0 0
1 0 0 0
-0.453395 0.002943 -0.442127
-0.7071068 0 -0.7071068
255 255 255 255
0.127666 0.530365
0 0 0 0
1 0 0 0
-0.453395 -0.000795 -0.442127
-0.7071068 0 -0.7071068
255 255 255 255
0.128162 0.530365
0 0 0 0
1 0 0 0
-0.846924 -0.000795 -0.442139
0 0 -1
255 255 255 255
0.128162 0.582042
0 0 0 0
1 0 0 0
-0.846924 -0.000795 -0.432167
0 1 0
255 255 255 255
0.49985 0.873263
0 0 0 0
1 0 0 0
-0.846924 -0.000795 -0.216084
0 1 0
255 255 255 255
0.437214 0.873263
0 0 0 0
1 0 0 0
-0.227352 -0.000795 -0.216084
0 1 0
255 255 255 255
0.437214 0.771269
0 0 0 0
1 0 0 0
-0.443424 -0.000795 -0.432155
0 1 0
255 255 255 255
0.49985 0.806837
0 0 0 0
1 0 0 0
-0.846924 -0.000795 -0.216084
0 1 0
255 255 255 255
0.437144 0.771269
0 0 0 0
1 0 0 0
-0.846924 -0.000795 -1E-06
0 1 0
255 255 255 255
0.375207 0.771269
0 0 0 0
1 0 0 0
-0.443412 -0.000795 -1E-06
0 1 0
255 255 255 255
0.375207 0.837688
0 0 0 0
1 0 0 0
-0.227352 -0.000795 -0.216084
0 1 0
255 255 255 255
0.437144 0.873263
0 0 0 0
1 0 0 0
-0.846924 0.002943 -0.432167
0 0 1
255 255 255 255
0.126343 0.582042
0 0 0 0
1 0 0 0
-0.846924 -0.000795 -0.432167
0 0 1
255 255 255 255
0.125847 0.582042
0 0 0 0
1 0 0 0
-0.443424 -0.000795 -0.432155
0 0 1
255 255 255 255
0.125847 0.529055
0 0 0 0
1 0 0 0
-0.443424 0.002943 -0.432155
0 0 1
255 255 255 255
0.126343 0.529055
0 0 0 0
1 0 0 0
-0.453395 0.002943 -0.442127
0 1 0
255 255 255 255
0.127666 0.530365
0 0 0 0
1 0 0 0
-0.846924 0.002943 -0.442139
0 1 0
255 255 255 255
0.127666 0.582042
0 0 0 0
1 0 0 0
-0.846924 0.002943 -0.432167
0 1 0
255 255 255 255
0.126343 0.582042
0 0 0 0
1 0 0 0
-0.443424 0.002943 -0.432155
0 1 0
255 255 255 255
0.126343 0.529055
0 0 0 0
1 0 0 0
-0.846924 0.002943 -0.515898
0 0 1
255 255 255 255
0.12634 0.582042
0 0 0 0
1 0 0 0
-0.846924 -0.000795 -0.515898
0 0 1
255 255 255 255
0.125844 0.582042
0 0 0 0
1 0 0 0
-0.52715 -0.000795 -0.515882
0.7071068 0 0.7071068
255 255 255 255
0.125844 0.54005
0 0 0 0
1 0 0 0
-0.52715 0.002943 -0.515882
0.7071068 0 0.7071068
255 255 255 255
0.12634 0.54005
0 0 0 0
1 0 0 0
-0.537138 0.002943 -0.835656
-1 0 0.0001
255 255 255 255
0.127663 0.582042
0 0 0 0
1 0 0 0
-0.537138 -0.018908 -0.835656
-1 0 0.0001
255 255 255 255
0.130562 0.582042
0 0 0 0
1 0 0 0
-0.527166 0.002943 -0.835656
0 1 0
255 255 255 255
0.12634 0.582042
0 0 0 0
1 0 0 0
-0.537138 0.002943 -0.835656
0 1 0
255 255 255 255
0.127663 0.582042
0 0 0 0
1 0 0 0
-0.453407 -0.000795 -0.835656
0 1 0
255 255 255 255
0.186204 0.500504
0 0 0 0
1 0 0 0
-0.527166 -0.000795 -0.835656
0 1 0
255 255 255 255
0.171486 0.500504
0 0 0 0
1 0 0 0
-0.453407 0.002943 -0.835656
-1 0 0
255 255 255 255
0.127666 0.582042
0 0 0 0
1 0 0 0
-0.453407 -0.000795 -0.835656
-1 0 0
255 255 255 255
0.128162 0.582042
0 0 0 0
1 0 0 0
-0.443435 -0.000795 -0.835656
0 1 0
255 255 255 255
0.49985 0.873263
0 0 0 0
1 0 0 0
-0.227352 -0.000795 -0.835656
0 1 0
255 255 255 255
0.437214 0.873263
0 0 0 0
1 0 0 0
-0.011269 -0.000795 -0.835656
0 1 0
255 255 255 255
0.375207 0.771269
0 0 0 0
1 0 0 0
-0.227352 -0.000795 -0.835656
0 1 0
255 255 255 255
0.437144 0.771269
0 0 0 0
1 0 0 0
-0.011269 -0.000795 -0.43219
0 1 0
255 255 255 255
0.375207 0.837688
0 0 0 0
1 0 0 0
-0.443435 0.002943 -0.835656
1 0 0
255 255 255 255
0.126343 0.582042
0 0 0 0
1 0 0 0
-0.443424 0.002943 -0.432155
1 0 0
255 255 255 255
0.126343 0.529055
0 0 0 0
1 0 0 0
-0.443424 -0.000795 -0.432155
1 0 0
255 255 255 255
0.125847 0.529055
0 0 0 0
1 0 0 0
-0.443435 -0.000795 -0.835656
1 0 0
255 255 255 255
0.125847 0.582042
0 0 0 0
1 0 0 0
-0.443435 0.002943 -0.835656
0 1 0
255 255 255 255
0.126343 0.582042
0 0 0 0
1 0 0 0
-0.453407 0.002943 -0.835656
0 1 0
255 255 255 255
0.127666 0.582042
0 0 0 0
1 0 0 0
-0.527166 0.002943 -0.835656
1 0 -0.0001
255 255 255 255
0.12634 0.582042
0 0 0 0
1 0 0 0
-0.527166 -0.000795 -0.835656
1 0 -0.0001
255 255 255 255
0.125844 0.582042
0 0 0 0
1 0 0 0
-0.227352 -0.000795 -1E-06
0 1 0
255 255 255 255
0.437144 0.837692
0 0 0 0
1 0 0 0
-0.846924 0.002943 0.525869
0.0001 0 1
255 255 255 255
0.127663 0.582042
0 0 0 0
1 0 0 0
-0.846924 -0.018908 0.525869
0.0001 0 1
255 255 255 255
0.130562 0.582042
0 0 0 0
1 0 0 0
-0.537122 -0.018908 0.525852
-0.7071068 0 0.7071068
255 255 255 255
0.130562 0.541359
0 0 0 0
1 0 0 0
-0.537122 0.002943 0.525852
-0.7071068 0 0.7071068
255 255 255 255
0.127663 0.541359
0 0 0 0
1 0 0 0
-0.846924 0.002943 0.515897
0 1 0
255 255 255 255
0.12634 0.582042
0 0 0 0
1 0 0 0
-0.846924 0.002943 0.525869
0 1 0
255 255 255 255
0.127663 0.582042
0 0 0 0
1 0 0 0
-0.537122 0.002943 0.525852
0 1 0
255 255 255 255
0.127663 0.541359
0 0 0 0
1 0 0 0
-0.52715 0.002943 0.515881
0 1 0
255 255 255 255
0.12634 0.54005
0 0 0 0
1 0 0 0
-0.846924 -0.000795 0.442138
0 1 0
255 255 255 255
0.186204 0.500504
0 0 0 0
1 0 0 0
-0.846924 -0.000795 0.515897
0 1 0
255 255 255 255
0.171486 0.500504
0 0 0 0
1 0 0 0
-0.52715 -0.000795 0.515881
0 1 0
255 255 255 255
0.171486 0.564314
0 0 0 0
1 0 0 0
-0.453395 -0.000795 0.442126
0 1 0
255 255 255 255
0.186204 0.57903
0 0 0 0
1 0 0 0
-0.846924 0.002943 0.442138
0 0 1
255 255 255 255
0.127666 0.582042
0 0 0 0
1 0 0 0
-0.846924 -0.000795 0.442138
0 0 1
255 255 255 255
0.128162 0.582042
0 0 0 0
1 0 0 0
-0.453395 -0.000795 0.442126
-0.7071068 0 0.7071068
255 255 255 255
0.128162 0.530365
0 0 0 0
1 0 0 0
-0.453395 0.002943 0.442126
-0.7071068 0 0.7071068
255 255 255 255
0.127666 0.530365
0 0 0 0
1 0 0 0
-0.846924 -0.000795 0.432165
0 1 0
255 255 255 255
0.49985 0.873263
0 0 0 0
1 0 0 0
-0.443424 -0.000795 0.432154
0 1 0
255 255 255 255
0.49985 0.806837
0 0 0 0
1 0 0 0
-0.227352 -0.000795 0.216082
0 1 0
255 255 255 255
0.437214 0.771269
0 0 0 0
1 0 0 0
-0.846924 -0.000795 0.216082
0 1 0
255 255 255 255
0.437214 0.873263
0 0 0 0
1 0 0 0
-0.846924 -0.000795 0.216082
0 1 0
255 255 255 255
0.437144 0.771269
0 0 0 0
1 0 0 0
-0.227352 -0.000795 0.216082
0 1 0
255 255 255 255
0.437144 0.873263
0 0 0 0
1 0 0 0
-0.846924 0.002943 0.432165
0 0 -1
255 255 255 255
0.126343 0.582042
0 0 0 0
1 0 0 0
-0.443424 0.002943 0.432154
0 0 -1
255 255 255 255
0.126343 0.529055
0 0 0 0
1 0 0 0
-0.443424 -0.000795 0.432154
0 0 -1
255 255 255 255
0.125847 0.529055
0 0 0 0
1 0 0 0
-0.846924 -0.000795 0.432165
0 0 -1
255 255 255 255
0.125847 0.582042
0 0 0 0
1 0 0 0
-0.453395 0.002943 0.442126
0 1 0
255 255 255 255
0.127666 0.530365
0 0 0 0
1 0 0 0
-0.443424 0.002943 0.432154
0 1 0
255 255 255 255
0.126343 0.529055
0 0 0 0
1 0 0 0
-0.846924 0.002943 0.432165
0 1 0
255 255 255 255
0.126343 0.582042
0 0 0 0
1 0 0 0
-0.846924 0.002943 0.442138
0 1 0
255 255 255 255
0.127666 0.582042
0 0 0 0
1 0 0 0
-0.846924 0.002943 0.515897
0 0 -1
255 255 255 255
0.12634 0.582042
0 0 0 0
1 0 0 0
-0.52715 0.002943 0.515881
0.7071068 0 -0.7071068
255 255 255 255
0.12634 0.54005
0 0 0 0
1 0 0 0
-0.52715 -0.000795 0.515881
0.7071068 0 -0.7071068
255 255 255 255
0.125844 0.54005
0 0 0 0
1 0 0 0
-0.846924 -0.000795 0.515897
0 0 -1
255 255 255 255
0.125844 0.582042
0 0 0 0
1 0 0 0
-0.537138 0.002943 0.835655
-1 0 -0.0001
255 255 255 255
0.127663 0.582042
0 0 0 0
1 0 0 0
-0.537138 -0.018908 0.835655
-1 0 -0.0001
255 255 255 255
0.130562 0.582042
0 0 0 0
1 0 0 0
-0.527166 0.002943 0.835655
0 1 0
255 255 255 255
0.12634 0.582042
0 0 0 0
1 0 0 0
-0.537138 0.002943 0.835655
0 1 0
255 255 255 255
0.127663 0.582042
0 0 0 0
1 0 0 0
-0.453407 -0.000795 0.835655
0 1 0
255 255 255 255
0.186204 0.500504
0 0 0 0
1 0 0 0
-0.527166 -0.000795 0.835655
0 1 0
255 255 255 255
0.171486 0.500504
0 0 0 0
1 0 0 0
-0.453407 0.002943 0.835655
-1 0 0
255 255 255 255
0.127666 0.582042
0 0 0 0
1 0 0 0
-0.453407 -0.000795 0.835655
-1 0 0
255 255 255 255
0.128162 0.582042
0 0 0 0
1 0 0 0
-0.443435 -0.000795 0.835655
0 1 0
255 255 255 255
0.49985 0.873263
0 0 0 0
1 0 0 0
-0.227352 -0.000795 0.835655
0 1 0
255 255 255 255
0.437214 0.873263
0 0 0 0
1 0 0 0
-0.011269 -0.000795 0.835655
0 1 0
255 255 255 255
0.375207 0.771269
0 0 0 0
1 0 0 0
-0.011269 -0.000795 0.432189
0 1 0
255 255 255 255
0.375207 0.837688
0 0 0 0
1 0 0 0
-0.227352 -0.000795 0.835655
0 1 0
255 255 255 255
0.437144 0.771269
0 0 0 0
1 0 0 0
-0.443435 0.002943 0.835655
1 0 0
255 255 255 255
0.126343 0.582042
0 0 0 0
1 0 0 0
-0.443435 -0.000795 0.835655
1 0 0
255 255 255 255
0.125847 0.582042
0 0 0 0
1 0 0 0
-0.443424 -0.000795 0.432154
1 0 0
255 255 255 255
0.125847 0.529055
0 0 0 0
1 0 0 0
-0.443424 0.002943 0.432154
1 0 0
255 255 255 255
0.126343 0.529055
0 0 0 0
1 0 0 0
-0.443435 0.002943 0.835655
0 1 0
255 255 255 255
0.126343 0.582042
0 0 0 0
1 0 0 0
-0.453407 0.002943 0.835655
0 1 0
255 255 255 255
0.127666 0.582042
0 0 0 0
1 0 0 0
-0.527166 0.002943 0.835655
1 0 0.0001
255 255 255 255
0.12634 0.582042
0 0 0 0
1 0 0 0
-0.527166 -0.000795 0.835655
1 0 0.0001
255 255 255 255
0.125844 0.582042
0 0 0 0
1 0 0 0
-0.011269 -0.000795 -0.216084
0 1 0
255 255 255 255
0.437214 0.806841
0 0 0 0
1 0 0 0
-0.011269 -0.000795 -1E-06
0 1 0
255 255 255 255
0.49985 0.806841
0 0 0 0
1 0 0 0
-0.011269 -0.000795 -0.216084
0 1 0
255 255 255 255
0.437144 0.837692
0 0 0 0
1 0 0 0
-0.227352 -0.000795 -1E-06
0 1 0
255 255 255 255
0.437214 0.806841
0 0 0 0
1 0 0 0
-0.011269 -0.000795 0.216082
0 1 0
255 255 255 255
0.437214 0.806841
0 0 0 0
1 0 0 0
-0.011269 -0.000795 0.216082
0 1 0
255 255 255 255
0.437144 0.837692
0 0 0 0
1 0 0 0
0.824386 0.002943 -0.525871
-0.0001 0 -1
255 255 255 255
0.127663 0.582042
0 0 0 0
1 0 0 0
0.824386 -0.018908 -0.525871
-0.0001 0 -1
255 255 255 255
0.130562 0.582042
0 0 0 0
1 0 0 0
0.514584 -0.018908 -0.525854
0.7071068 0 -0.7071068
255 255 255 255
0.130562 0.541359
0 0 0 0
1 0 0 0
0.514584 0.002943 -0.525854
0.7071068 0 -0.7071068
255 255 255 255
0.127663 0.541359
0 0 0 0
1 0 0 0
0.824386 0.002943 -0.515898
0 1 0
255 255 255 255
0.12634 0.582042
0 0 0 0
1 0 0 0
0.824386 0.002943 -0.525871
0 1 0
255 255 255 255
0.127663 0.582042
0 0 0 0
1 0 0 0
0.514584 0.002943 -0.525854
0 1 0
255 255 255 255
0.127663 0.541359
0 0 0 0
1 0 0 0
0.504612 0.002943 -0.515882
0 1 0
255 255 255 255
0.12634 0.54005
0 0 0 0
1 0 0 0
0.824386 -0.000795 -0.442139
0 1 0
255 255 255 255
0.186204 0.500504
0 0 0 0
1 0 0 0
0.824386 -0.000795 -0.515898
0 1 0
255 255 255 255
0.171486 0.500504
0 0 0 0
1 0 0 0
0.504612 -0.000795 -0.515882
0 1 0
255 255 255 255
0.171486 0.564314
0 0 0 0
1 0 0 0
0.430857 -0.000795 -0.442127
0 1 0
255 255 255 255
0.186204 0.57903
0 0 0 0
1 0 0 0
0.824386 0.002943 -0.442139
0 0 -1
255 255 255 255
0.127666 0.582042
0 0 0 0
1 0 0 0
0.824386 -0.000795 -0.442139
0 0 -1
255 255 255 255
0.128162 0.582042
0 0 0 0
1 0 0 0
0.430857 -0.000795 -0.442127
0.7071068 0 -0.7071068
255 255 255 255
0.128162 0.530365
0 0 0 0
1 0 0 0
0.430857 0.002943 -0.442127
0.7071068 0 -0.7071068
255 255 255 255
0.127666 0.530365
0 0 0 0
1 0 0 0
0.824386 -0.000795 -0.432167
0 1 0
255 255 255 255
0.49985 0.873263
0 0 0 0
1 0 0 0
0.420886 -0.000795 -0.432155
0 1 0
255 255 255 255
0.49985 0.806837
0 0 0 0
1 0 0 0
0.204814 -0.000795 -0.216084
0 1 0
255 255 255 255
0.437214 0.771269
0 0 0 0
1 0 0 0
0.824386 -0.000795 -0.216084
0 1 0
255 255 255 255
0.437214 0.873263
0 0 0 0
1 0 0 0
0.204814 -0.000795 -0.216084
0 1 0
255 255 255 255
0.437144 0.873263
0 0 0 0
1 0 0 0
0.824386 -0.000795 -0.216084
0 1 0
255 255 255 255
0.437144 0.771269
0 0 0 0
1 0 0 0
0.420874 -0.000795 -1E-06
0 1 0
255 255 255 255
0.375207 0.837688
0 0 0 0
1 0 0 0
0.824386 -0.000795 -1E-06
0 1 0
255 255 255 255
0.375207 0.771269
0 0 0 0
1 0 0 0
0.824386 0.002943 -0.432167
0 0 1
255 255 255 255
0.126343 0.582042
0 0 0 0
1 0 0 0
0.420886 0.002943 -0.432155
0 0 1
255 255 255 255
0.126343 0.529055
0 0 0 0
1 0 0 0
0.420886 -0.000795 -0.432155
0 0 1
255 255 255 255
0.125847 0.529055
0 0 0 0
1 0 0 0
0.824386 -0.000795 -0.432167
0 0 1
255 255 255 255
0.125847 0.582042
0 0 0 0
1 0 0 0
0.430857 0.002943 -0.442127
0 1 0
255 255 255 255
0.127666 0.530365
0 0 0 0
1 0 0 0
0.420886 0.002943 -0.432155
0 1 0
255 255 255 255
0.126343 0.529055
0 0 0 0
1 0 0 0
0.824386 0.002943 -0.432167
0 1 0
255 255 255 255
0.126343 0.582042
0 0 0 0
1 0 0 0
0.824386 0.002943 -0.442139
0 1 0
255 255 255 255
0.127666 0.582042
0 0 0 0
1 0 0 0
0.824386 0.002943 -0.515898
0 0 1
255 255 255 255
0.12634 0.582042
0 0 0 0
1 0 0 0
0.504612 0.002943 -0.515882
-0.7071068 0 0.7071068
255 255 255 255
0.12634 0.54005
0 0 0 0
1 0 0 0
0.504612 -0.000795 -0.515882
-0.7071068 0 0.7071068
255 255 255 255
0.125844 0.54005
0 0 0 0
1 0 0 0
0.824386 -0.000795 -0.515898
0 0 1
255 255 255 255
0.125844 0.582042
0 0 0 0
1 0 0 0
0.514601 0.002943 -0.835656
1 0 0.0001
255 255 255 255
0.127663 0.582042
0 0 0 0
1 0 0 0
0.514601 -0.018908 -0.835656
1 0 0.0001
255 255 255 255
0.130562 0.582042
0 0 0 0
1 0 0 0
0.504628 0.002943 -0.835656
0 1 0
255 255 255 255
0.12634 0.582042
0 0 0 0
1 0 0 0
0.514601 0.002943 -0.835656
0 1 0
255 255 255 255
0.127663 0.582042
0 0 0 0
1 0 0 0
0.43087 -0.000795 -0.835656
0 1 0
255 255 255 255
0.186204 0.500504
0 0 0 0
1 0 0 0
0.504628 -0.000795 -0.835656
0 1 0
255 255 255 255
0.171486 0.500504
0 0 0 0
1 0 0 0
0.43087 0.002943 -0.835656
1 0 0
255 255 255 255
0.127666 0.582042
0 0 0 0
1 0 0 0
0.43087 -0.000795 -0.835656
1 0 0
255 255 255 255
0.128162 0.582042
0 0 0 0
1 0 0 0
0.420897 -0.000795 -0.835656
0 1 0
255 255 255 255
0.49985 0.873263
0 0 0 0
1 0 0 0
0.204814 -0.000795 -0.835656
0 1 0
255 255 255 255
0.437214 0.873263
0 0 0 0
1 0 0 0
0.204814 -0.000795 -0.835656
0 1 0
255 255 255 255
0.437144 0.771269
0 0 0 0
1 0 0 0
0.420897 0.002943 -0.835656
-1 0 0
255 255 255 255
0.126343 0.582042
0 0 0 0
1 0 0 0
0.420897 -0.000795 -0.835656
-1 0 0
255 255 255 255
0.125847 0.582042
0 0 0 0
1 0 0 0
0.420886 -0.000795 -0.432155
-1 0 0
255 255 255 255
0.125847 0.529055
0 0 0 0
1 0 0 0
0.420886 0.002943 -0.432155
-1 0 0
255 255 255 255
0.126343 0.529055
0 0 0 0
1 0 0 0
0.43087 0.002943 -0.835656
0 1 0
255 255 255 255
0.127666 0.582042
0 0 0 0
1 0 0 0
0.420897 0.002943 -0.835656
0 1 0
255 255 255 255
0.126343 0.582042
0 0 0 0
1 0 0 0
0.504628 0.002943 -0.835656
-1 0 0
255 255 255 255
0.12634 0.582042
0 0 0 0
1 0 0 0
0.504628 -0.000795 -0.835656
-1 0 0
255 255 255 255
0.125844 0.582042
0 0 0 0
1 0 0 0
0.204814 -0.000795 -1E-06
0 1 0
255 255 255 255
0.437144 0.837692
0 0 0 0
1 0 0 0
0.824386 0.002943 0.525869
-0.0001 0 1
255 255 255 255
0.127663 0.582042
0 0 0 0
1 0 0 0
0.514584 0.002943 0.525852
0.7071068 0 0.7071068
255 255 255 255
0.127663 0.541359
0 0 0 0
1 0 0 0
0.514584 -0.018908 0.525852
0.7071068 0 0.7071068
255 255 255 255
0.130562 0.541359
0 0 0 0
1 0 0 0
0.824386 -0.018908 0.525869
-0.0001 0 1
255 255 255 255
0.130562 0.582042
0 0 0 0
1 0 0 0
0.824386 0.002943 0.515897
0 1 0
255 255 255 255
0.12634 0.582042
0 0 0 0
1 0 0 0
0.504612 0.002943 0.515881
0 1 0
255 255 255 255
0.12634 0.54005
0 0 0 0
1 0 0 0
0.514584 0.002943 0.525852
0 1 0
255 255 255 255
0.127663 0.541359
0 0 0 0
1 0 0 0
0.824386 0.002943 0.525869
0 1 0
255 255 255 255
0.127663 0.582042
0 0 0 0
1 0 0 0
0.824386 -0.000795 0.442138
0 1 0
255 255 255 255
0.186204 0.500504
0 0 0 0
1 0 0 0
0.430857 -0.000795 0.442126
0 1 0
255 255 255 255
0.186204 0.57903
0 0 0 0
1 0 0 0
0.504612 -0.000795 0.515881
0 1 0
255 255 255 255
0.171486 0.564314
0 0 0 0
1 0 0 0
0.824386 -0.000795 0.515897
0 1 0
255 255 255 255
0.171486 0.500504
0 0 0 0
1 0 0 0
0.824386 0.002943 0.442138
0 0 1
255 255 255 255
0.127666 0.582042
0 0 0 0
1 0 0 0
0.430857 0.002943 0.442126
0.7071068 0 0.7071068
255 255 255 255
0.127666 0.530365
0 0 0 0
1 0 0 0
0.430857 -0.000795 0.442126
0.7071068 0 0.7071068
255 255 255 255
0.128162 0.530365
0 0 0 0
1 0 0 0
0.824386 -0.000795 0.442138
0 0 1
255 255 255 255
0.128162 0.582042
0 0 0 0
1 0 0 0
0.824386 -0.000795 0.432165
0 1 0
255 255 255 255
0.49985 0.873263
0 0 0 0
1 0 0 0
0.824386 -0.000795 0.216082
0 1 0
255 255 255 255
0.437214 0.873263
0 0 0 0
1 0 0 0
0.204814 -0.000795 0.216082
0 1 0
255 255 255 255
0.437214 0.771269
0 0 0 0
1 0 0 0
0.420886 -0.000795 0.432154
0 1 0
255 255 255 255
0.49985 0.806837
0 0 0 0
1 0 0 0
0.824386 -0.000795 0.216082
0 1 0
255 255 255 255
0.437144 0.771269
0 0 0 0
1 0 0 0
0.204814 -0.000795 0.216082
0 1 0
255 255 255 255
0.437144 0.873263
0 0 0 0
1 0 0 0
0.824386 0.002943 0.432165
0 0 -1
255 255 255 255
0.126343 0.582042
0 0 0 0
1 0 0 0
0.824386 -0.000795 0.432165
0 0 -1
255 255 255 255
0.125847 0.582042
0 0 0 0
1 0 0 0
0.420886 -0.000795 0.432154
0 0 -1
255 255 255 255
0.125847 0.529055
0 0 0 0
1 0 0 0
0.420886 0.002943 0.432154
0 0 -1
255 255 255 255
0.126343 0.529055
0 0 0 0
1 0 0 0
0.430857 0.002943 0.442126
0 1 0
255 255 255 255
0.127666 0.530365
0 0 0 0
1 0 0 0
0.824386 0.002943 0.442138
0 1 0
255 255 255 255
0.127666 0.582042
0 0 0 0
1 0 0 0
0.824386 0.002943 0.432165
0 1 0
255 255 255 255
0.126343 0.582042
0 0 0 0
1 0 0 0
0.420886 0.002943 0.432154
0 1 0
255 255 255 255
0.126343 0.529055
0 0 0 0
1 0 0 0
0.824386 0.002943 0.515897
0 0 -1
255 255 255 255
0.12634 0.582042
0 0 0 0
1 0 0 0
0.824386 -0.000795 0.515897
0 0 -1
255 255 255 255
0.125844 0.582042
0 0 0 0
1 0 0 0
0.504612 -0.000795 0.515881
-0.7071068 0 -0.7071068
255 255 255 255
0.125844 0.54005
0 0 0 0
1 0 0 0
0.504612 0.002943 0.515881
-0.7071068 0 -0.7071068
255 255 255 255
0.12634 0.54005
0 0 0 0
1 0 0 0
0.514601 0.002943 0.835655
1 0 -0.0001
255 255 255 255
0.127663 0.582042
0 0 0 0
1 0 0 0
0.514601 -0.018908 0.835655
1 0 -0.0001
255 255 255 255
0.130562 0.582042
0 0 0 0
1 0 0 0
0.504628 0.002943 0.835655
0 1 0
255 255 255 255
0.12634 0.582042
0 0 0 0
1 0 0 0
0.514601 0.002943 0.835655
0 1 0
255 255 255 255
0.127663 0.582042
0 0 0 0
1 0 0 0
0.43087 -0.000795 0.835655
0 1 0
255 255 255 255
0.186204 0.500504
0 0 0 0
1 0 0 0
0.504628 -0.000795 0.835655
0 1 0
255 255 255 255
0.171486 0.500504
0 0 0 0
1 0 0 0
0.43087 0.002943 0.835655
1 0 0
255 255 255 255
0.127666 0.582042
0 0 0 0
1 0 0 0
0.43087 -0.000795 0.835655
1 0 0
255 255 255 255
0.128162 0.582042
0 0 0 0
1 0 0 0
0.420897 -0.000795 0.835655
0 1 0
255 255 255 255
0.49985 0.873263
0 0 0 0
1 0 0 0
0.204814 -0.000795 0.835655
0 1 0
255 255 255 255
0.437214 0.873263
0 0 0 0
1 0 0 0
0.204814 -0.000795 0.835655
0 1 0
255 255 255 255
0.437144 0.771269
0 0 0 0
1 0 0 0
0.420897 0.002943 0.835655
-1 0 0
255 255 255 255
0.126343 0.582042
0 0 0 0
1 0 0 0
0.420886 0.002943 0.432154
-1 0 0
255 255 255 255
0.126343 0.529055
0 0 0 0
1 0 0 0
0.420886 -0.000795 0.432154
-1 0 0
255 255 255 255
0.125847 0.529055
0 0 0 0
1 0 0 0
0.420897 -0.000795 0.835655
-1 0 0
255 255 255 255
0.125847 0.582042
0 0 0 0
1 0 0 0
0.420897 0.002943 0.835655
0 1 0
255 255 255 255
0.126343 0.582042
0 0 0 0
1 0 0 0
0.43087 0.002943 0.835655
0 1 0
255 255 255 255
0.127666 0.582042
0 0 0 0
1 0 0 0
0.504628 0.002943 0.835655
-1 0 0
255 255 255 255
0.12634 0.582042
0 0 0 0
1 0 0 0
0.504628 -0.000795 0.835655
-1 0 0
255 255 255 255
0.125844 0.582042
0 0 0 0
1 0 0 0
0.204814 -0.000795 -1E-06
0 1 0
255 255 255 255
0.437214 0.806841
0 0 0 0
1 0 0 0
160 # faces
0 2 1
2 0 3
4 6 5
6 4 7
8 10 9
10 8 11
12 14 13
14 12 15
16 18 17
18 16 19
20 22 21
22 20 23
24 26 25
26 24 27
28 30 29
30 28 31
32 34 33
34 32 35
2 36 1
36 2 37
6 38 5
38 6 39
10 40 9
40 10 41
14 42 13
42 14 43
44 18 19
18 44 45
46 23 47
23 46 48
49 51 50
51 49 52
28 53 31
53 28 54
55 34 35
34 55 56
57 22 23
58 60 59
60 58 61
62 64 63
64 62 65
66 68 67
68 66 69
70 72 71
72 70 73
74 76 75
76 74 77
22 78 21
78 22 79
57 79 22
80 82 81
82 80 83
84 86 85
86 84 87
88 90 89
90 88 91
92 60 61
60 92 93
94 64 65
64 94 95
96 68 69
68 96 97
98 72 73
72 98 99
76 100 75
100 76 101
102 79 103
79 102 104
105 107 106
107 105 108
109 84 85
84 109 110
90 111 89
111 90 112
113 114 18
48 115 23
114 76 116
18 114 116
114 117 76
118 103 79
119 121 120
121 119 122
123 125 124
125 123 126
127 129 128
129 127 130
131 133 132
133 131 134
135 137 136
113 137 114
137 135 138
46 139 48
48 139 115
140 141 139
141 140 142
143 145 144
145 143 146
147 149 148
149 147 150
151 153 152
153 151 154
155 121 122
121 155 156
157 125 126
125 157 158
159 129 130
129 159 160
161 133 134
133 161 162
137 163 136
163 137 164
139 46 165
166 168 167
168 166 169
147 171 170
171 147 148
153 172 152
172 153 173
174 139 141
175 177 176
177 175 178
179 181 180
181 179 182
183 185 184
185 183 186
187 189 188
189 187 190
191 193 192
114 193 117
193 191 194
195 141 142
196 102 103
174 141 196
141 195 196
118 196 103
197 199 198
199 197 200
201 203 202
203 201 204
205 207 206
207 205 208
177 209 176
209 177 210
181 211 180
211 181 212
185 213 184
213 185 214
189 215 188
215 189 216
217 193 194
193 217 218
102 196 219
220 222 221
222 220 223
201 224 204
224 201 225
226 207 208
207 226 227
114 137 228
114 228 193
