1 # bones
root
-1
0 0 0
1 # meshes
4_Cone_0_0_0_root_root
1 # uv layers
2 # textures
cone_DefaultMaterial_AlbedoTransparency.png
0 # uv layer index
cone_DefaultMaterial_Normal.png
0 # uv layer index
400 # vertices
31.94104 -41.39397 0.043351
1 0 0
255 255 255 255
0.0775 0.3068
0 0 0 0
1 0 0 0
31.94104 -40.34779 -20.03243
0.945424 0.3258409 -0.001079091
255 255 255 255
0.1494 0.3708
0 0 0 0
1 0 0 0
31.94104 -40.34779 0.043351
0.9468442 0.3216918 0.0006834391
255 255 255 255
0.0811 0.3032
0 0 0 0
1 0 0 0
31.94104 -41.39397 -20.03243
1 0 0
255 255 255 255
0.1458 0.3744
0 0 0 0
1 0 0 0
31.94104 -41.39397 20.03213
1 0 0
255 255 255 255
0.0102 0.2388
0 0 0 0
1 0 0 0
31.94104 -40.34779 20.03213
0.9410726 0.3382044 0
255 255 255 255
0.0138 0.2353
0 0 0 0
1 0 0 0
31.01056 -39.09203 0.043351
0.5628372 0.8265182 -0.00904814
255 255 255 255
0.0863 0.298
0 0 0 0
1 0 0 0
31.0074 -39.21549 -19.81223
0.4439653 0.8600612 -0.2513755
255 255 255 255
0.1536 0.3651
0 0 0 0
1 0 0 0
22.30148 -36.93479 -9.138848
0.2281937 0.9723406 -0.04981411
255 255 255 255
0.1474 0.2986
0 0 0 0
1 0 0 0
24.10388 -36.99021 0.043351
0.265094 0.9642174 -0.003172403
255 255 255 255
0.1106 0.2737
0 0 0 0
1 0 0 0
16.96236 -36.87019 -16.92547
0.1244887 0.9843882 -0.1244287
255 255 255 255
0.1916 0.3069
0 0 0 0
1 0 0 0
31.00624 -39.21519 19.81681
0.4529364 0.8818707 0.1309679
255 255 255 255
0.0195 0.2311
0 0 0 0
1 0 0 0
22.30148 -36.93479 9.225551
0.1793401 0.9817048 0.06397405
255 255 255 255
0.0857 0.2369
0 0 0 0
1 0 0 0
16.9635 -36.87077 17.00959
0.1249485 0.9842612 0.1249715
255 255 255 255
0.0775 0.1928
0 0 0 0
1 0 0 0
19.79312 -39.21605 -31.02965
0.1307554 0.8823063 -0.4521489
255 255 255 255
0.23 0.3651
0 0 0 0
1 0 0 0
9.176882 -36.93363 -22.26289
0.063723 0.9818805 -0.178466
255 255 255 255
0.2357 0.2986
0 0 0 0
1 0 0 0
-0.003878 -36.98819 -24.06499
-0.003146301 0.9646649 -0.2634612
255 255 255 255
0.2725 0.2737
0 0 0 0
1 0 0 0
-0.003878 -39.09403 -31.03367
-0.009009434 0.827252 -0.5617588
255 255 255 255
0.297 0.2982
0 0 0 0
1 0 0 0
-9.184637 -36.93363 -22.26289
-0.04970462 0.9726139 -0.2270497
255 255 255 255
0.2974 0.2369
0 0 0 0
1 0 0 0
-19.79342 -39.21577 -31.02965
-0.251424 0.8602287 -0.443613
255 255 255 255
0.3639 0.2312
0 0 0 0
1 0 0 0
-16.96984 -36.87019 -16.92547
-0.1245387 0.9843771 -0.1244657
255 255 255 255
0.3056 0.1928
0 0 0 0
1 0 0 0
-31.0074 -39.21549 -19.81195
-0.4527536 0.8820079 -0.1306761
255 255 255 255
0.3639 0.1548
0 0 0 0
1 0 0 0
-22.30924 -36.93479 -9.139129
-0.1791218 0.9817552 -0.06381286
255 255 255 255
0.2974 0.1487
0 0 0 0
1 0 0 0
-24.11164 -36.99021 0.043351
-0.2652595 0.9641717 0.003208481
255 255 255 255
0.2725 0.1118
0 0 0 0
1 0 0 0
-31.01056 -39.09203 0.043351
-0.5628918 0.8264807 0.009085423
255 255 255 255
0.2968 0.08759999
0 0 0 0
1 0 0 0
-22.30924 -36.93479 9.225831
-0.2285245 0.9722545 0.04997853
255 255 255 255
0.2357 0.08710003
0 0 0 0
1 0 0 0
-31.00626 -39.21519 19.81681
-0.4442785 0.8597937 0.2517368
255 255 255 255
0.2298 0.02079999
0 0 0 0
1 0 0 0
-16.97098 -36.87077 17.00959
-0.1249995 0.9842483 0.1250215
255 255 255 255
0.1915 0.07889998
0 0 0 0
1 0 0 0
-19.79228 -39.21521 31.02993
-0.1309586 0.8817586 0.4531573
255 255 255 255
0.1534 0.02090001
0 0 0 0
1 0 0 0
-9.186657 -36.93509 22.34843
-0.06403236 0.9816537 0.1795991
255 255 255 255
0.1474 0.08710003
0 0 0 0
1 0 0 0
-0.003878 -36.99077 24.15111
0.003191462 0.9640399 0.2657385
255 255 255 255
0.1105 0.1119
0 0 0 0
1 0 0 0
-0.003878 -39.09147 31.03425
0.009084163 0.8262734 0.563196
255 255 255 255
0.0863 0.08770001
0 0 0 0
1 0 0 0
9.178902 -36.93509 22.34843
0.0500032 0.972187 0.228806
255 255 255 255
0.0857 0.1487
0 0 0 0
1 0 0 0
19.79198 -39.21521 31.02993
0.2516969 0.8597763 0.4443347
255 255 255 255
0.0195 0.1547
0 0 0 0
1 0 0 0
-31.94104 -40.34779 0.043351
-0.9468694 0.3216176 -0.0006739119
255 255 255 255
0.3021 0.08230001
0 0 0 0
1 0 0 0
-31.94104 -40.34779 -20.03243
-0.9411541 0.3379776 0
255 255 255 255
0.3696 0.1506
0 0 0 0
1 0 0 0
-31.94104 -41.39397 -20.03243
-1 0 0
255 255 255 255
0.3732 0.1471
0 0 0 0
1 0 0 0
-31.94104 -41.39397 0.043351
-1 0 0
255 255 255 255
0.3056 0.07880002
0 0 0 0
1 0 0 0
-31.94104 -40.34779 20.03213
-0.9453864 0.3259501 0.001093948
255 255 255 255
0.234 0.0151
0 0 0 0
1 0 0 0
-31.94104 -41.39397 20.03213
-1 0 0
255 255 255 255
0.2375 0.0115
0 0 0 0
1 0 0 0
-0.003878 -40.34779 31.96443
-0.0006855183 0.3215514 0.9468919
255 255 255 255
0.0811 0.08240002
0 0 0 0
1 0 0 0
20.00902 -40.34779 31.96443
0.001097076 0.3258305 0.9454276
255 255 255 255
0.0138 0.1505
0 0 0 0
1 0 0 0
-0.003878 -41.39397 31.96443
0 0 1
255 255 255 255
0.0775 0.07889998
0 0 0 0
1 0 0 0
-20.00874 -41.39397 31.96443
0 0 1
255 255 255 255
0.1457 0.01160002
0 0 0 0
1 0 0 0
-20.00874 -40.34779 31.96443
0 0.3381336 0.9410982
255 255 255 255
0.1492 0.0151
0 0 0 0
1 0 0 0
20.00902 -41.39397 31.96443
0 0 1
255 255 255 255
0.0102 0.147
0 0 0 0
1 0 0 0
-20.00874 -40.34779 31.96443
-0.6730805 0.3064469 0.6730921
255 255 255 255
0.1509 0.01410002
0 0 0 0
1 0 0 0
-31.94104 -40.34779 20.03213
-0.6731066 0.3063579 0.6731066
255 255 255 255
0.2322 0.01410002
0 0 0 0
1 0 0 0
-31.94104 -41.39397 20.03213
-0.7071068 0 0.7071068
255 255 255 255
0.2322 0.00910002
0 0 0 0
1 0 0 0
-20.00874 -41.39397 31.96443
-0.7071068 0 0.7071068
255 255 255 255
0.1509 0.00910002
0 0 0 0
1 0 0 0
-0.003878 -40.34779 -31.96443
0.0006761259 0.3220356 -0.9467273
255 255 255 255
0.3022 0.3034
0 0 0 0
1 0 0 0
20.00902 -40.34779 -31.96443
0 0.3383741 -0.9410117
255 255 255 255
0.2342 0.3708
0 0 0 0
1 0 0 0
20.00902 -41.39397 -31.96443
0 0 -1
255 255 255 255
0.2377 0.3744
0 0 0 0
1 0 0 0
-0.003878 -41.39397 -31.96443
0 0 -1
255 255 255 255
0.3058 0.307
0 0 0 0
1 0 0 0
-20.00874 -40.34779 -31.96443
-0.00107818 0.3262231 -0.9452922
255 255 255 255
0.3696 0.2354
0 0 0 0
1 0 0 0
-20.00874 -41.39397 -31.96443
0 0 -1
255 255 255 255
0.3731 0.2389
0 0 0 0
1 0 0 0
20.00902 -40.34779 -31.96443
0.6730027 0.3068878 -0.672969
255 255 255 255
0.2324 0.3718
0 0 0 0
1 0 0 0
31.94104 -40.34779 -20.03243
0.6729257 0.3071494 -0.6729267
255 255 255 255
0.1511 0.3718
0 0 0 0
1 0 0 0
31.94104 -41.39397 -20.03243
0.7071063 0 -0.7071073
255 255 255 255
0.1511 0.3768
0 0 0 0
1 0 0 0
20.00902 -41.39397 -31.96443
0.7071063 0 -0.7071073
255 255 255 255
0.2324 0.3768
0 0 0 0
1 0 0 0
-31.94104 -40.34779 -20.03243
-0.6730107 0.3068502 -0.6729782
255 255 255 255
0.3706 0.1524
0 0 0 0
1 0 0 0
-20.00874 -40.34779 -31.96443
-0.6730714 0.3064752 -0.6730883
255 255 255 255
0.3706 0.2337
0 0 0 0
1 0 0 0
-20.00874 -41.39397 -31.96443
-0.7070978 0 -0.7071158
255 255 255 255
0.3756 0.2337
0 0 0 0
1 0 0 0
-31.94104 -41.39397 -20.03243
-0.7070978 0 -0.7071158
255 255 255 255
0.3756 0.1524
0 0 0 0
1 0 0 0
5.221282 41.39397 -2.121049
0 1 0
255 255 255 255
0.9795 0.8921
0 0 0 0
1 0 0 0
2.160542 41.39397 -5.181788
0 1 0
255 255 255 255
0.9653 0.8205
0 0 0 0
1 0 0 0
5.221282 41.39397 2.207791
0 1 0
255 255 255 255
0.9389 0.9528
0 0 0 0
1 0 0 0
3.995382 41.39397 -3.955889
0 1 0
255 255 255 255
0.9795 0.8549
0 0 0 0
1 0 0 0
-5.229038 41.39397 -2.121049
0 1 0
255 255 255 255
0.833 0.7942
0 0 0 0
1 0 0 0
-2.168298 41.39397 -5.181788
0 1 0
255 255 255 255
0.9046 0.78
0 0 0 0
1 0 0 0
-0.003878 41.39397 -5.612428
0 1 0
255 255 255 255
0.9389 0.7942
0 0 0 0
1 0 0 0
-4.003138 41.39397 -3.955889
0 1 0
255 255 255 255
0.8674 0.78
0 0 0 0
1 0 0 0
-2.168298 41.39397 5.268511
0 1 0
255 255 255 255
0.8067 0.9265
0 0 0 0
1 0 0 0
-5.229038 41.39397 2.207791
0 1 0
255 255 255 255
0.7925 0.8549
0 0 0 0
1 0 0 0
-5.659678 41.39397 0.043371
0 1 0
255 255 255 255
0.8067 0.8205
0 0 0 0
1 0 0 0
-4.003138 41.39397 4.042612
0 1 0
255 255 255 255
0.7925 0.8921
0 0 0 0
1 0 0 0
2.160542 41.39397 5.268511
0 1 0
255 255 255 255
0.8674 0.967
0 0 0 0
1 0 0 0
-0.003878 41.39397 5.699171
0 1 0
255 255 255 255
0.833 0.9528
0 0 0 0
1 0 0 0
3.995382 41.39397 4.042612
0 1 0
255 255 255 255
0.9046 0.967
0 0 0 0
1 0 0 0
5.651922 41.39397 0.043371
0 1 0
255 255 255 255
0.9653 0.9265
0 0 0 0
1 0 0 0
22.92678 -35.45711 0.043351
0.9399304 0.335705 -0.06191026
255 255 255 255
0.334 0.3207
0 0 0 0
1 0 0 0
6.719342 40.10863 -2.741468
0.927565 0.2024196 -0.3140852
255 255 255 255
0.7874 0.8089
0 0 0 0
1 0 0 0
7.273143 40.10863 0.043371
0.9771537 0.2024173 0.06479189
255 255 255 255
0.8036 0.7913
0 0 0 0
1 0 0 0
21.18124 -35.45711 -8.731749
0.8437397 0.3375393 -0.4173374
255 255 255 255
0.2806 0.3781
0 0 0 0
1 0 0 0
5.141743 40.10863 -5.102269
0.7367633 0.2024173 -0.6451411
255 255 255 255
0.7726 0.8278
0 0 0 0
1 0 0 0
16.21046 -35.45711 -16.17099
0.6209841 0.3347433 -0.7087494
255 255 255 255
0.2324 0.4396
0 0 0 0
1 0 0 0
2.780962 40.10863 -6.679848
0.4338005 0.2024185 -0.8779771
255 255 255 255
0.7594 0.8478
0 0 0 0
1 0 0 0
8.771222 -35.45711 -21.14177
0.3016157 0.3377523 -0.8916005
255 255 255 255
0.1895 0.5048
0 0 0 0
1 0 0 0
-0.003878 40.10863 -7.233669
0.06479093 0.2024185 -0.9771535
255 255 255 255
0.7479 0.8689
0 0 0 0
1 0 0 0
-0.003878 -35.45711 -22.88731
-0.06191123 0.3359444 -0.9398449
255 255 255 255
0.1521 0.5737
0 0 0 0
1 0 0 0
-2.788718 40.10863 -6.679848
-0.3140861 0.2024195 -0.9275647
255 255 255 255
0.7382 0.8907
0 0 0 0
1 0 0 0
-8.778977 -35.45711 -21.14177
-0.4173177 0.3376618 -0.8437004
255 255 255 255
0.1203 0.6454
0 0 0 0
1 0 0 0
-5.149498 40.10863 -5.102269
-0.6451401 0.2024172 -0.7367643
255 255 255 255
0.7303 0.9134
0 0 0 0
1 0 0 0
-16.21822 -35.45711 -16.17099
-0.7087594 0.3347238 -0.6209831
255 255 255 255
0.0955 0.7192
0 0 0 0
1 0 0 0
-6.727097 40.10863 -2.741468
-0.8779779 0.2024187 -0.4337989
255 255 255 255
0.7243 0.9364
0 0 0 0
1 0 0 0
-21.189 -35.45711 -8.731749
-0.8916601 0.3375871 -0.3016245
255 255 255 255
0.0784 0.795
0 0 0 0
1 0 0 0
-7.280898 40.10863 0.043371
-0.9611526 0.1991019 -0.1911649
255 255 255 255
0.7201 0.9601
0 0 0 0
1 0 0 0
-22.93454 -35.45711 0.043351
-0.9265999 0.3277789 -0.1843193
255 255 255 255
0.0721 0.8715
0 0 0 0
1 0 0 0
16.42406 -36.04537 -16.38545
0.5809666 0.5788378 -0.5722103
255 255 255 255
0.2279 0.4363
0 0 0 0
1 0 0 0
21.47206 -36.03791 -8.839989
0.7501904 0.5860474 -0.3062072
255 255 255 255
0.2763 0.3744
0 0 0 0
1 0 0 0
16.96236 -36.87019 -16.92547
0.5482296 0.6839539 -0.4813017
255 255 255 255
0.2202 0.4308
0 0 0 0
1 0 0 0
22.30148 -36.93479 -9.138848
0.6832955 0.6930395 -0.2297902
255 255 255 255
0.2684 0.3672
0 0 0 0
1 0 0 0
23.22938 -36.04507 0.043351
0.813884 0.5809904 0.006557932
255 255 255 255
0.33 0.3166
0 0 0 0
1 0 0 0
24.10388 -36.99021 0.043351
0.7257254 0.686402 0.04663603
255 255 255 255
0.3222 0.3088
0 0 0 0
1 0 0 0
9.176882 -36.93363 -22.26289
0.3202699 0.693275 -0.6455982
255 255 255 255
0.1753 0.4968
0 0 0 0
1 0 0 0
8.879162 -36.03789 -21.43289
0.3138961 0.5865695 -0.7465959
255 255 255 255
0.1846 0.502
0 0 0 0
1 0 0 0
-0.003878 -36.98819 -24.06499
0.04660515 0.6871313 -0.7250369
255 255 255 255
0.1371 0.5664
0 0 0 0
1 0 0 0
-0.003878 -36.04479 -23.19021
0.006562174 0.5816051 -0.8134448
255 255 255 255
0.147 0.5712
0 0 0 0
1 0 0 0
-9.184637 -36.93363 -22.26289
-0.2296664 0.6936292 -0.6827385
255 255 255 255
0.1053 0.6391
0 0 0 0
1 0 0 0
-8.886917 -36.03789 -21.43289
-0.3061298 0.586404 -0.7499432
255 255 255 255
0.1151 0.6433
0 0 0 0
1 0 0 0
-16.96984 -36.87019 -16.92547
-0.481296 0.6840255 -0.5481454
255 255 255 255
0.0811 0.7151
0 0 0 0
1 0 0 0
-16.43182 -36.04537 -16.38545
-0.5722685 0.5787589 -0.5809879
255 255 255 255
0.0901 0.7177
0 0 0 0
1 0 0 0
-22.30924 -36.93479 -9.139129
-0.6459693 0.6928623 -0.3204146
255 255 255 255
0.0622 0.7929
0 0 0 0
1 0 0 0
-21.47982 -36.03791 -8.839989
-0.7468956 0.5861472 -0.3139721
255 255 255 255
0.0728 0.7942
0 0 0 0
1 0 0 0
-24.11164 -36.99021 0.043351
-0.7157446 0.684455 -0.1386759
255 255 255 255
0.0556 0.8721
0 0 0 0
1 0 0 0
-23.23714 -36.04507 0.043351
-0.8295456 0.5337787 -0.1641168
255 255 255 255
0.0665 0.8715
0 0 0 0
1 0 0 0
21.47206 -36.03791 8.926691
0.7469151 0.5861143 0.3139868
255 255 255 255
0.3879 0.2632
0 0 0 0
1 0 0 0
22.30148 -36.93479 9.225551
0.6460745 0.6927214 0.320507
255 255 255 255
0.3808 0.2553
0 0 0 0
1 0 0 0
16.42434 -36.04537 16.47157
0.5724137 0.5784317 0.5811707
255 255 255 255
0.4499 0.2149
0 0 0 0
1 0 0 0
16.9635 -36.87077 17.00959
0.4816047 0.6835051 0.5485231
255 255 255 255
0.4445 0.2073
0 0 0 0
1 0 0 0
8.879743 -36.03791 21.51901
0.306295 0.5858498 0.7503089
255 255 255 255
0.5157 0.1719
0 0 0 0
1 0 0 0
9.178902 -36.93509 22.34843
0.2298498 0.6929248 0.6833917
255 255 255 255
0.5105 0.1627
0 0 0 0
1 0 0 0
-0.003878 -36.04509 23.27661
-0.006559953 0.5808513 0.8139833
255 255 255 255
0.5851 0.1346
0 0 0 0
1 0 0 0
-0.003878 -36.99077 24.15111
-0.04664736 0.686233 0.7258844
255 255 255 255
0.5803 0.1247
0 0 0 0
1 0 0 0
-8.887497 -36.03791 21.51901
-0.3140131 0.5859931 0.7469993
255 255 255 255
0.6572 0.103
0 0 0 0
1 0 0 0
-9.186657 -36.93509 22.34843
-0.3205653 0.6926009 0.6461748
255 255 255 255
0.6531 0.09320003
0 0 0 0
1 0 0 0
-16.4321 -36.04537 16.47157
-0.5811776 0.5784017 0.572437
255 255 255 255
0.7317 0.07819998
0 0 0 0
1 0 0 0
-16.97098 -36.87077 17.00959
-0.5485237 0.6834816 0.4816375
255 255 255 255
0.7292 0.06919998
0 0 0 0
1 0 0 0
-21.47982 -36.03791 8.926691
-0.7502351 0.5859592 0.3062663
255 255 255 255
0.8083 0.06120002
0 0 0 0
1 0 0 0
-22.30924 -36.93479 9.225831
-0.6832576 0.6930704 0.2298099
255 255 255 255
0.807 0.05059999
0 0 0 0
1 0 0 0
-23.23714 -36.04507 0.043351
-0.7759154 0.6123895 0.1514406
255 255 255 255
0.8857 0.05510002
0 0 0 0
1 0 0 0
-24.11164 -36.99021 0.043351
-0.726919 0.672586 0.138625
255 255 255 255
0.8863 0.0442
0 0 0 0
1 0 0 0
-22.93454 -35.45711 0.043351
-0.9252088 0.3320318 0.1836943
255 255 255 255
0.8856 0.0607
0 0 0 0
1 0 0 0
-21.189 -35.45711 8.818451
-0.8437449 0.3375201 0.4173425
255 255 255 255
0.809 0.0668
0 0 0 0
1 0 0 0
-6.727097 40.10863 2.828191
-0.927565 0.2024196 0.3140852
255 255 255 255
0.9488 0.712
0 0 0 0
1 0 0 0
-7.280898 40.10863 0.043371
-0.9611568 0.1991059 0.19114
255 255 255 255
0.9723 0.7079
0 0 0 0
1 0 0 0
-5.149498 40.10863 5.188991
-0.7367647 0.2024171 0.6451396
255 255 255 255
0.9257 0.718
0 0 0 0
1 0 0 0
-16.21822 -35.45711 16.25769
-0.621013 0.334618 0.7087831
255 255 255 255
0.7332 0.08359998
0 0 0 0
1 0 0 0
-2.788718 40.10863 6.766591
-0.4338001 0.2024188 0.8779773
255 255 255 255
0.9031 0.7259
0 0 0 0
1 0 0 0
-8.778977 -35.45711 21.22847
-0.301634 0.3375193 0.8916824
255 255 255 255
0.6593 0.1082
0 0 0 0
1 0 0 0
-0.003878 40.10863 7.320391
-0.06479087 0.2024173 0.9771537
255 255 255 255
0.8812 0.7356
0 0 0 0
1 0 0 0
-0.003878 -35.45711 22.97401
0.06191804 0.3356526 0.9399487
255 255 255 255
0.5876 0.1397
0 0 0 0
1 0 0 0
2.780962 40.10863 6.766591
0.3140856 0.2024188 0.927565
255 255 255 255
0.8602 0.7471
0 0 0 0
1 0 0 0
8.771222 -35.45711 21.22847
0.4173475 0.337456 0.8437681
255 255 255 255
0.5185 0.1768
0 0 0 0
1 0 0 0
5.141743 40.10863 5.188991
0.6451419 0.2024162 0.736763
255 255 255 255
0.8401 0.7603
0 0 0 0
1 0 0 0
16.21046 -35.45711 16.25769
0.7087775 0.3346352 0.6210103
255 255 255 255
0.4532 0.2195
0 0 0 0
1 0 0 0
6.719342 40.10863 2.828191
0.8779775 0.2024186 0.4337997
255 255 255 255
0.8212 0.775
0 0 0 0
1 0 0 0
21.18124 -35.45711 8.818451
0.8916603 0.3375861 0.3016246
255 255 255 255
0.3916 0.2674
0 0 0 0
1 0 0 0
31.94104 -40.34779 20.03213
0.6730724 0.3064985 0.6730766
255 255 255 255
0.0128 0.2335
0 0 0 0
1 0 0 0
20.00902 -40.34779 31.96443
0.6730496 0.3066427 0.6730338
255 255 255 255
0.0128 0.1523
0 0 0 0
1 0 0 0
20.00902 -41.39397 31.96443
0.7071148 0 0.7070988
255 255 255 255
0.0077 0.1523
0 0 0 0
1 0 0 0
31.94104 -41.39397 20.03213
0.7071148 0 0.7070988
255 255 255 255
0.0078 0.2335
0 0 0 0
1 0 0 0
6.270903 41.18122 0.043371
0.4787693 0.8778858 -0.009827548
255 255 255 255
0.267 0.2001
0 0 0 0
1 0 0 0
6.406122 40.65727 -2.611709
0.6864258 0.6657352 -0.2926025
255 255 255 255
0.2712 0.1759
0 0 0 0
1 0 0 0
5.793162 41.18122 -2.357908
0.4386202 0.877852 -0.1923229
255 255 255 255
0.2638 0.1782
0 0 0 0
1 0 0 0
6.934382 40.65727 0.043371
0.7462206 0.6656554 -0.007598827
255 255 255 255
0.2748 0.2001
0 0 0 0
1 0 0 0
4.902022 40.65727 -4.862528
0.5222915 0.6656523 -0.5330277
255 255 255 255
0.2607 0.1539
0 0 0 0
1 0 0 0
4.433202 41.18122 -4.393709
0.3316522 0.8778442 -0.3455378
255 255 255 255
0.2543 0.1582
0 0 0 0
1 0 0 0
2.651182 40.65727 -6.366628
0.2785457 0.6656501 -0.692331
255 255 255 255
0.2445 0.1358
0 0 0 0
1 0 0 0
2.397402 41.18122 -5.753688
0.1741308 0.8778857 -0.4460888
255 255 255 255
0.2396 0.1417
0 0 0 0
1 0 0 0
-0.003878 40.65727 -6.894888
-0.007600866 0.6656603 -0.7462162
255 255 255 255
0.2236 0.1231
0 0 0 0
1 0 0 0
-0.003878 41.18122 -6.231409
-0.009828569 0.877885 -0.4787705
255 255 255 255
0.2206 0.1303
0 0 0 0
1 0 0 0
-2.658938 40.65727 -6.366628
-0.2926012 0.6657334 -0.6864281
255 255 255 255
0.1999 0.1171
0 0 0 0
1 0 0 0
-2.405158 41.18122 -5.753688
-0.1923242 0.8778504 -0.438623
255 255 255 255
0.1991 0.1248
0 0 0 0
1 0 0 0
-4.909778 40.65727 -4.862528
-0.5330295 0.6656479 -0.5222954
255 255 255 255
0.1756 0.1182
0 0 0 0
1 0 0 0
-4.440957 41.18122 -4.393709
-0.3455355 0.8778467 -0.3316479
255 255 255 255
0.177 0.1258
0 0 0 0
1 0 0 0
-6.413877 40.65727 -2.611709
-0.6923323 0.6656493 -0.2785446
255 255 255 255
0.1526 0.1262
0 0 0 0
1 0 0 0
-5.800917 41.18122 -2.357908
-0.4460867 0.8778868 -0.1741304
255 255 255 255
0.1561 0.133
0 0 0 0
1 0 0 0
-6.942137 40.65727 0.043371
-0.6991106 0.7013538 -0.1390943
255 255 255 255
0.1325 0.1407
0 0 0 0
1 0 0 0
-6.278658 41.18122 0.043371
-0.4267598 0.9003705 -0.08490644
255 255 255 255
0.138 0.1464
0 0 0 0
1 0 0 0
6.719342 40.10863 -2.741468
0.8062857 0.5247498 -0.273022
255 255 255 255
0.2768 0.1742
0 0 0 0
1 0 0 0
7.273143 40.10863 0.043371
0.849458 0.524641 0.05632932
255 255 255 255
0.2808 0.2001
0 0 0 0
1 0 0 0
2.780962 40.10863 -6.679848
0.3770618 0.5248564 -0.7631186
255 255 255 255
0.2482 0.1312
0 0 0 0
1 0 0 0
-0.003878 40.10863 -7.233669
0.05632831 0.5246572 -0.849448
255 255 255 255
0.2259 0.1176
0 0 0 0
1 0 0 0
-2.788718 40.10863 -6.679848
-0.2730207 0.5247625 -0.8062779
255 255 255 255
0.2005 0.1112
0 0 0 0
1 0 0 0
-5.149498 40.10863 -5.102269
-0.5607563 0.5248495 -0.6403791
255 255 255 255
0.1745 0.1124
0 0 0 0
1 0 0 0
-6.727097 40.10863 -2.741468
-0.7631235 0.5248478 -0.3770642
255 255 255 255
0.1498 0.121
0 0 0 0
1 0 0 0
-7.280898 40.10863 0.043371
-0.8388513 0.5181572 -0.1668581
255 255 255 255
0.1285 0.1362
0 0 0 0
1 0 0 0
-2.168298 41.39397 -5.181788
-0.1442339 0.9454955 -0.2919502
255 255 255 255
0.1985 0.1307
0 0 0 0
1 0 0 0
-0.003878 41.39397 -5.612428
-0.02154793 0.9454849 -0.3249521
255 255 255 255
0.2183 0.1358
0 0 0 0
1 0 0 0
2.160542 41.39397 -5.181788
0.1044523 0.9454848 -0.3084609
255 255 255 255
0.2358 0.1463
0 0 0 0
1 0 0 0
3.995382 41.39397 -3.955889
0.2144923 0.9455043 -0.2449788
255 255 255 255
0.2493 0.1615
0 0 0 0
1 0 0 0
5.221282 41.39397 -2.121049
0.2919562 0.9454933 -0.1442359
255 255 255 255
0.2581 0.1799
0 0 0 0
1 0 0 0
5.651922 41.39397 0.043371
0.324956 0.9454836 -0.02154992
255 255 255 255
0.261 0.2001
0 0 0 0
1 0 0 0
5.221282 41.39397 2.207791
0.308468 0.945482 0.1044573
255 255 255 255
0.2581 0.2203
0 0 0 0
1 0 0 0
5.793162 41.18122 2.444631
0.4460879 0.877886 0.1741315
255 255 255 255
0.2638 0.222
0 0 0 0
1 0 0 0
6.406122 40.65727 2.698431
0.692332 0.66565 0.2785434
255 255 255 255
0.2712 0.2242
0 0 0 0
1 0 0 0
4.433202 41.18122 4.480431
0.3455333 0.8778484 0.3316458
255 255 255 255
0.2543 0.242
0 0 0 0
1 0 0 0
4.902022 40.65727 4.949271
0.5330305 0.6656471 0.5222953
255 255 255 255
0.2607 0.2462
0 0 0 0
1 0 0 0
2.397402 41.18122 5.840411
0.1923219 0.8778526 0.4386195
255 255 255 255
0.2396 0.2584
0 0 0 0
1 0 0 0
2.651182 40.65727 6.453371
0.2926007 0.6657345 0.6864272
255 255 255 255
0.2445 0.2644
0 0 0 0
1 0 0 0
-0.003878 41.18122 6.318131
0.009826527 0.8778847 0.4787713
255 255 255 255
0.2206 0.2699
0 0 0 0
1 0 0 0
-0.003878 40.65727 6.981611
0.007599835 0.665662 0.7462147
255 255 255 255
0.2236 0.277
0 0 0 0
1 0 0 0
-2.405158 41.18122 5.840411
-0.1741286 0.8778879 0.4460853
255 255 255 255
0.1991 0.2754
0 0 0 0
1 0 0 0
-2.658938 40.65727 6.453371
-0.278541 0.6656553 0.6923279
255 255 255 255
0.1999 0.2831
0 0 0 0
1 0 0 0
-4.440957 41.18122 4.480431
-0.3316496 0.8778467 0.3455341
255 255 255 255
0.177 0.2744
0 0 0 0
1 0 0 0
-4.909778 40.65727 4.949271
-0.5222943 0.6656502 0.5330275
255 255 255 255
0.1756 0.2819
0 0 0 0
1 0 0 0
-5.800917 41.18122 2.444631
-0.4386211 0.8778517 0.1923228
255 255 255 255
0.1561 0.2671
0 0 0 0
1 0 0 0
-6.413877 40.65727 2.698431
-0.6864278 0.665733 0.2926029
255 255 255 255
0.1526 0.2739
0 0 0 0
1 0 0 0
-6.278658 41.18122 0.043371
-0.5249453 0.8447036 0.1044418
255 255 255 255
0.138 0.2538
0 0 0 0
1 0 0 0
-6.942137 40.65727 0.043371
-0.7746652 0.6133078 0.1541019
255 255 255 255
0.1325 0.2594
0 0 0 0
1 0 0 0
-6.727097 40.10863 2.828191
-0.8062855 0.5247496 0.2730229
255 255 255 255
0.1498 0.2792
0 0 0 0
1 0 0 0
-7.280898 40.10863 0.043371
-0.8389448 0.5180129 0.1668359
255 255 255 255
0.1285 0.2639
0 0 0 0
1 0 0 0
-5.149498 40.10863 5.188991
-0.6403865 0.5248347 0.5607617
255 255 255 255
0.1745 0.2878
0 0 0 0
1 0 0 0
-2.788718 40.10863 6.766591
-0.3770641 0.5248497 0.7631222
255 255 255 255
0.2005 0.2889
0 0 0 0
1 0 0 0
-0.003878 40.10863 7.320391
-0.0563262 0.5246564 0.8494487
255 255 255 255
0.2259 0.2825
0 0 0 0
1 0 0 0
2.780962 40.10863 6.766591
0.273019 0.524762 0.8062788
255 255 255 255
0.2482 0.2689
0 0 0 0
1 0 0 0
-5.659678 41.39397 0.043371
-0.3243531 0.9437323 0.06453302
255 255 255 255
0.1425 0.2496
0 0 0 0
1 0 0 0
-5.229038 41.39397 2.207791
-0.2919582 0.9454924 0.1442379
255 255 255 255
0.1589 0.2619
0 0 0 0
1 0 0 0
-4.003138 41.39397 4.042612
-0.2144923 0.9455043 0.2449788
255 255 255 255
0.1782 0.2685
0 0 0 0
1 0 0 0
-2.168298 41.39397 5.268511
-0.1044533 0.9454837 0.3084639
255 255 255 255
0.1985 0.2695
0 0 0 0
1 0 0 0
-0.003878 41.39397 5.699171
0.02154792 0.9454826 0.324959
255 255 255 255
0.2183 0.2643
0 0 0 0
1 0 0 0
2.160542 41.39397 5.268511
0.1442349 0.9454953 0.2919502
255 255 255 255
0.2358 0.2539
0 0 0 0
1 0 0 0
3.995382 41.39397 4.042612
0.2449826 0.9455027 0.2144952
255 255 255 255
0.2493 0.2387
0 0 0 0
1 0 0 0
5.141743 40.10863 5.188991
0.5607627 0.5248386 0.6403824
255 255 255 255
0.2657 0.2495
0 0 0 0
1 0 0 0
6.719342 40.10863 2.828191
0.7631252 0.5248446 0.3770651
255 255 255 255
0.2768 0.2259
0 0 0 0
1 0 0 0
5.141743 40.10863 -5.102269
0.6403799 0.5248454 -0.5607592
255 255 255 255
0.2657 0.1506
0 0 0 0
1 0 0 0
-4.003138 41.39397 -3.955889
-0.2449817 0.9455032 -0.2144943
255 255 255 255
0.1782 0.1317
0 0 0 0
1 0 0 0
-5.229038 41.39397 -2.121049
-0.3084659 0.9454829 -0.1044553
255 255 255 255
0.1589 0.1383
0 0 0 0
1 0 0 0
-5.659678 41.39397 0.043371
-0.3243581 0.9437304 -0.06453503
255 255 255 255
0.1425 0.1505
0 0 0 0
1 0 0 0
3.948829 17.98847 -1.593965
0 -1 0
255 255 255 255
0.9795 0.8921
0 0 0 0
1 0 0 0
1.633454 17.98847 -3.90934
0 -1 0
255 255 255 255
0.9653 0.8205
0 0 0 0
1 0 0 0
3.021466 17.98847 -2.981977
0 -1 0
255 255 255 255
0.9795 0.8549
0 0 0 0
1 0 0 0
3.948829 17.98847 1.680698
0 -1 0
255 255 255 255
0.9389 0.9528
0 0 0 0
1 0 0 0
-3.956584 17.98847 -1.593965
0 -1 0
255 255 255 255
0.833 0.7942
0 0 0 0
1 0 0 0
-1.641209 17.98847 -3.90934
0 -1 0
255 255 255 255
0.9046 0.78
0 0 0 0
1 0 0 0
-0.003878 17.98847 -4.235108
0 -1 0
255 255 255 255
0.9389 0.7942
0 0 0 0
1 0 0 0
-3.029221 17.98847 -2.981977
0 -1 0
255 255 255 255
0.8674 0.78
0 0 0 0
1 0 0 0
-1.641209 17.98847 3.996058
0 -1 0
255 255 255 255
0.8067 0.9265
0 0 0 0
1 0 0 0
-3.956584 17.98847 1.680698
0 -1 0
255 255 255 255
0.7925 0.8549
0 0 0 0
1 0 0 0
-4.282353 17.98847 0.043367
0 -1 0
255 255 255 255
0.8067 0.8205
0 0 0 0
1 0 0 0
-3.029221 17.98847 3.068695
0 -1 0
255 255 255 255
0.7925 0.8921
0 0 0 0
1 0 0 0
1.633454 17.98847 3.996058
0 -1 0
255 255 255 255
0.8674 0.967
0 0 0 0
1 0 0 0
-0.003878 17.98847 4.321842
0 -1 0
255 255 255 255
0.833 0.9528
0 0 0 0
1 0 0 0
3.021466 17.98847 3.068695
0 -1 0
255 255 255 255
0.9046 0.967
0 0 0 0
1 0 0 0
4.274598 17.98847 0.043367
0 -1 0
255 255 255 255
0.9653 0.9265
0 0 0 0
1 0 0 0
31.94104 -41.39397 0.043351
-0.01546901 -0.9998798 -0.001031001
255 255 255 255
0.0863 0.298
0 0 0 0
1 0 0 0
16.86959 -41.14648 -6.90276
-0.01540503 -0.9998813 -0.0004120009
255 255 255 255
0.1474 0.2986
0 0 0 0
1 0 0 0
31.94104 -41.39397 -20.03243
-0.0141562 -0.9998903 0.004367062
255 255 255 255
0.1536 0.3651
0 0 0 0
1 0 0 0
18.23306 -41.18841 0.043351
-0.01616207 -0.9998693 -0.000229001
255 255 255 255
0.1106 0.2737
0 0 0 0
1 0 0 0
12.83067 -41.09761 -12.79315
-0.009332275 -0.9999135 0.009276273
255 255 255 255
0.1916 0.3069
0 0 0 0
1 0 0 0
31.94104 -41.39397 20.03213
-0.01488225 -0.9998856 -0.002692045
255 255 255 255
0.0195 0.2311
0 0 0 0
1 0 0 0
16.86959 -41.14648 6.989463
-0.01663406 -0.9998616 0.0002490009
255 255 255 255
0.0857 0.2369
0 0 0 0
1 0 0 0
12.83153 -41.09805 12.8779
-0.009307272 -0.9999132 -0.009321272
255 255 255 255
0.0775 0.1928
0 0 0 0
1 0 0 0
20.00902 -41.39397 -31.96443
-0.002717046 -0.9998859 0.01485725
255 255 255 255
0.23 0.3651
0 0 0 0
1 0 0 0
6.941144 -41.1456 -16.83077
0.0001890007 -0.9998627 0.01657206
255 255 255 255
0.2357 0.2986
0 0 0 0
1 0 0 0
-0.003878 -41.18688 -18.19402
-0.0002210007 -0.9998693 0.01616405
255 255 255 255
0.2725 0.2737
0 0 0 0
1 0 0 0
-0.003878 -41.39397 -31.96443
-0.0009970015 -0.9998795 0.01549402
255 255 255 255
0.297 0.2982
0 0 0 0
1 0 0 0
-6.948899 -41.1456 -16.83077
-0.0003470009 -0.9998815 0.01539104
255 255 255 255
0.2974 0.2369
0 0 0 0
1 0 0 0
-20.00874 -41.39397 -31.96443
0.004399064 -0.9998905 0.0141282
255 255 255 255
0.3639 0.2312
0 0 0 0
1 0 0 0
-12.83821 -41.09761 -12.79315
0.009335275 -0.9999134 0.009278273
255 255 255 255
0.3056 0.1928
0 0 0 0
1 0 0 0
-31.94104 -41.39397 -20.03243
0.01489425 -0.9998855 0.002677044
255 255 255 255
0.3639 0.1548
0 0 0 0
1 0 0 0
-16.87734 -41.14648 -6.902972
0.01666307 -0.9998611 -0.0002710011
255 255 255 255
0.2974 0.1487
0 0 0 0
1 0 0 0
-18.24081 -41.18841 0.043351
0.01617407 -0.9998692 0.000230001
255 255 255 255
0.2725 0.1118
0 0 0 0
1 0 0 0
-31.94104 -41.39397 0.043351
0.01547703 -0.9998797 0.001030002
255 255 255 255
0.2968 0.08759999
0 0 0 0
1 0 0 0
-16.87734 -41.14648 6.989674
0.01540104 -0.9998813 0.0003940009
255 255 255 255
0.2357 0.08710003
0 0 0 0
1 0 0 0
-31.94104 -41.39397 20.03213
0.0141572 -0.9998901 -0.004393062
255 255 255 255
0.2298 0.02079999
0 0 0 0
1 0 0 0
-12.83908 -41.09805 12.8779
0.009310272 -0.9999132 -0.009324272
255 255 255 255
0.1915 0.07889998
0 0 0 0
1 0 0 0
-20.00874 -41.39397 31.96443
0.002682044 -0.9998854 -0.01489724
255 255 255 255
0.1534 0.02090001
0 0 0 0
1 0 0 0
-6.950428 -41.14671 16.9166
-0.0002700011 -0.9998611 -0.01666407
255 255 255 255
0.1474 0.08710003
0 0 0 0
1 0 0 0
-0.003878 -41.18883 18.28029
0.000232001 -0.9998692 -0.01617107
255 255 255 255
0.1105 0.1119
0 0 0 0
1 0 0 0
-0.003878 -41.39397 31.96443
0.001040002 -0.9998798 -0.01546903
255 255 255 255
0.0863 0.08770001
0 0 0 0
1 0 0 0
6.942672 -41.14671 16.9166
0.0004120009 -0.9998813 -0.01540403
255 255 255 255
0.0857 0.1487
0 0 0 0
1 0 0 0
20.00902 -41.39397 31.96443
-0.004383062 -0.9998901 -0.0141632
255 255 255 255
0.0195 0.1547
0 0 0 0
1 0 0 0
17.34261 -40.02866 0.043351
-0.9398615 -0.335899 0.06190534
255 255 255 255
0.334 0.3207
0 0 0 0
1 0 0 0
5.082075 17.01613 -2.063297
-0.927486 -0.2028236 0.3140579
255 255 255 255
0.7874 0.8089
0 0 0 0
1 0 0 0
16.02215 -40.02866 -6.594799
-0.8436775 -0.3377332 0.4173064
255 255 255 255
0.2806 0.3781
0 0 0 0
1 0 0 0
5.501011 17.01613 0.043367
-0.97707 -0.2028223 -0.06478658
255 255 255 255
0.8036 0.7913
0 0 0 0
1 0 0 0
3.888659 17.01613 -3.849185
-0.7367011 -0.2028213 0.6450853
255 255 255 255
0.7726 0.8278
0 0 0 0
1 0 0 0
12.26188 -40.02866 -12.2224
-0.6209391 -0.3349384 0.7086967
255 255 255 255
0.2324 0.4396
0 0 0 0
1 0 0 0
2.102786 17.01613 -5.042586
-0.4337639 -0.2028236 0.8779017
255 255 255 255
0.7594 0.8478
0 0 0 0
1 0 0 0
6.634273 -40.02866 -15.98268
-0.3015931 -0.337947 0.8915343
255 255 255 255
0.1895 0.5048
0 0 0 0
1 0 0 0
-0.003878 17.01613 -5.461538
-0.06478564 -0.2028225 0.97707
255 255 255 255
0.7479 0.8689
0 0 0 0
1 0 0 0
-0.003878 -40.02866 -17.30314
0.06190629 -0.3361393 0.9397755
255 255 255 255
0.1521 0.5737
0 0 0 0
1 0 0 0
-2.110541 17.01613 -5.042586
0.3140597 -0.2028235 0.9274854
255 255 255 255
0.7382 0.8907
0 0 0 0
1 0 0 0
-6.642028 -40.02866 -15.98268
0.4172864 -0.3378575 0.8436376
255 255 255 255
0.1203 0.6454
0 0 0 0
1 0 0 0
-3.896414 17.01613 -3.849185
0.6450847 -0.2028214 0.7367015
255 255 255 255
0.7303 0.9134
0 0 0 0
1 0 0 0
-12.26963 -40.02866 -12.2224
0.7087075 -0.3349177 0.6209378
255 255 255 255
0.0955 0.7192
0 0 0 0
1 0 0 0
-5.08983 17.01613 -2.063297
0.8779025 -0.2028238 0.4337622
255 255 255 255
0.7243 0.9364
0 0 0 0
1 0 0 0
-16.02991 -40.02866 -6.594799
0.8915947 -0.3377797 0.3016019
255 255 255 255
0.0784 0.795
0 0 0 0
1 0 0 0
-5.508767 17.01613 0.043367
0.9610733 -0.1995001 0.1911491
255 255 255 255
0.7201 0.9601
0 0 0 0
1 0 0 0
-17.35037 -40.02866 0.043351
0.9265353 -0.3279684 0.184307
255 255 255 255
0.0721 0.8715
0 0 0 0
1 0 0 0
6.715927 -40.468 -16.2029
-0.3138961 -0.5865706 0.746595
255 255 255 255
0.1846 0.502
0 0 0 0
1 0 0 0
12.42346 -40.47366 -12.38464
-0.5809666 -0.5788378 0.5722103
255 255 255 255
0.2279 0.4363
0 0 0 0
1 0 0 0
6.941144 -41.1456 -16.83077
-0.3202697 -0.6932755 0.6455977
255 255 255 255
0.1753 0.4968
0 0 0 0
1 0 0 0
12.83067 -41.09761 -12.79315
-0.5482277 -0.6839561 0.4813008
255 255 255 255
0.2202 0.4308
0 0 0 0
1 0 0 0
16.24215 -40.46802 -6.676679
-0.75019 -0.586048 0.306207
255 255 255 255
0.2763 0.3744
0 0 0 0
1 0 0 0
16.86959 -41.14648 -6.90276
-0.6832936 -0.6930416 0.2297892
255 255 255 255
0.2684 0.3672
0 0 0 0
1 0 0 0
17.57152 -40.47343 0.043351
-0.813884 -0.5809904 -0.006557932
255 255 255 255
0.33 0.3166
0 0 0 0
1 0 0 0
18.23306 -41.18841 0.043351
-0.7257239 -0.6864036 -0.04663599
255 255 255 255
0.3222 0.3088
0 0 0 0
1 0 0 0
-0.003878 -41.18688 -18.19402
-0.04660515 -0.6871334 0.725035
255 255 255 255
0.1371 0.5664
0 0 0 0
1 0 0 0
-0.003878 -40.47322 -17.53227
-0.006562176 -0.5816063 0.813444
255 255 255 255
0.147 0.5712
0 0 0 0
1 0 0 0
-6.948899 -41.1456 -16.83077
0.2296664 -0.6936302 0.6827375
255 255 255 255
0.1053 0.6391
0 0 0 0
1 0 0 0
-6.723682 -40.468 -16.2029
0.3061298 -0.5864052 0.7499423
255 255 255 255
0.1151 0.6433
0 0 0 0
1 0 0 0
-12.83821 -41.09761 -12.79315
0.4812955 -0.6840261 0.5481449
255 255 255 255
0.0811 0.7151
0 0 0 0
1 0 0 0
-12.43121 -40.47366 -12.38464
0.5722682 -0.5787596 0.5809875
255 255 255 255
0.0901 0.7177
0 0 0 0
1 0 0 0
-16.87734 -41.14648 -6.902972
0.645969 -0.6928629 0.3204139
255 255 255 255
0.0622 0.7929
0 0 0 0
1 0 0 0
-16.2499 -40.46802 -6.676679
0.7468956 -0.5861472 0.3139721
255 255 255 255
0.0728 0.7942
0 0 0 0
1 0 0 0
-18.24081 -41.18841 0.043351
0.7157436 -0.6844561 0.1386759
255 255 255 255
0.0556 0.8721
0 0 0 0
1 0 0 0
-17.57928 -40.47343 0.043351
0.8295461 -0.5337781 0.1641168
255 255 255 255
0.0665 0.8715
0 0 0 0
1 0 0 0
16.24215 -40.46802 6.763381
-0.7469147 -0.586115 -0.3139866
255 255 255 255
0.3879 0.2632
0 0 0 0
1 0 0 0
16.86959 -41.14648 6.989463
-0.6460724 -0.6927234 -0.320507
255 255 255 255
0.3808 0.2553
0 0 0 0
1 0 0 0
12.42367 -40.47366 12.4709
-0.5724137 -0.5784327 -0.5811697
255 255 255 255
0.4499 0.2149
0 0 0 0
1 0 0 0
12.83153 -41.09805 12.8779
-0.4816049 -0.6835064 -0.5485213
255 255 255 255
0.4445 0.2073
0 0 0 0
1 0 0 0
6.716365 -40.46802 16.28917
-0.3062942 -0.5858522 -0.7503073
255 255 255 255
0.5157 0.1719
0 0 0 0
1 0 0 0
6.942672 -41.14671 16.9166
-0.2298489 -0.6929259 -0.6833909
255 255 255 255
0.5105 0.1627
0 0 0 0
1 0 0 0
-0.003878 -40.47345 17.61875
0.006559959 -0.5808518 -0.8139829
255 255 255 255
0.5851 0.1346
0 0 0 0
1 0 0 0
-0.003878 -41.18883 18.28029
0.04664736 -0.686233 -0.7258844
255 255 255 255
0.5803 0.1247
0 0 0 0
1 0 0 0
-6.724121 -40.46802 16.28917
0.3140121 -0.585995 -0.7469982
255 255 255 255
0.6572 0.103
0 0 0 0
1 0 0 0
-6.950428 -41.14671 16.9166
0.3205643 -0.6926031 -0.6461729
255 255 255 255
0.6531 0.09320003
0 0 0 0
1 0 0 0
-12.43143 -40.47366 12.4709
0.5811769 -0.5784031 -0.5724363
255 255 255 255
0.7317 0.07819998
0 0 0 0
1 0 0 0
-12.83908 -41.09805 12.8779
0.5485235 -0.6834825 -0.4816364
255 255 255 255
0.7292 0.06919998
0 0 0 0
1 0 0 0
-16.2499 -40.46802 6.763381
0.7502351 -0.5859592 -0.3062663
255 255 255 255
0.8083 0.06120002
0 0 0 0
1 0 0 0
-16.87734 -41.14648 6.989674
0.6832572 -0.6930709 -0.229809
255 255 255 255
0.807 0.05059999
0 0 0 0
1 0 0 0
-17.57928 -40.47343 0.043351
0.775916 -0.6123889 -0.1514407
255 255 255 255
0.8857 0.05510002
0 0 0 0
1 0 0 0
-18.24081 -41.18841 0.043351
0.7269171 -0.6725881 -0.138625
255 255 255 255
0.8863 0.0442
0 0 0 0
1 0 0 0
-17.35037 -40.02866 0.043351
0.9251429 -0.3322225 -0.1836812
255 255 255 255
0.8856 0.0607
0 0 0 0
1 0 0 0
-16.02991 -40.02866 6.681502
0.8436826 -0.337714 -0.4173115
255 255 255 255
0.809 0.0668
0 0 0 0
1 0 0 0
-5.08983 17.01613 2.150015
0.9274856 -0.2028236 -0.3140588
255 255 255 255
0.9488 0.712
0 0 0 0
1 0 0 0
-5.508767 17.01613 0.043367
0.9610774 -0.1995041 -0.1911241
255 255 255 255
0.9723 0.7079
0 0 0 0
1 0 0 0
-3.896414 17.01613 3.935903
0.736702 -0.2028213 -0.6450843
255 255 255 255
0.9257 0.718
0 0 0 0
1 0 0 0
-12.26963 -40.02866 12.30911
0.6209676 -0.3348128 -0.708731
255 255 255 255
0.7332 0.08359998
0 0 0 0
1 0 0 0
-2.110541 17.01613 5.129319
0.4337631 -0.2028228 -0.8779023
255 255 255 255
0.9031 0.7259
0 0 0 0
1 0 0 0
-6.642028 -40.02866 16.06938
0.3016113 -0.337715 -0.891616
255 255 255 255
0.6593 0.1082
0 0 0 0
1 0 0 0
-0.003878 17.01613 5.548256
0.06478557 -0.2028223 -0.9770701
255 255 255 255
0.8812 0.7356
0 0 0 0
1 0 0 0
-0.003878 -40.02866 17.38984
-0.0619131 -0.3358474 -0.9398794
255 255 255 255
0.5876 0.1397
0 0 0 0
1 0 0 0
2.102786 17.01613 5.129319
-0.3140591 -0.2028238 -0.9274855
255 255 255 255
0.8602 0.7471
0 0 0 0
1 0 0 0
6.634273 -40.02866 16.06938
-0.4173171 -0.3376515 -0.8437049
255 255 255 255
0.5185 0.1768
0 0 0 0
1 0 0 0
3.888659 17.01613 3.935903
-0.6450864 -0.2028213 -0.7367001
255 255 255 255
0.8401 0.7603
0 0 0 0
1 0 0 0
12.26188 -40.02866 12.30911
-0.7087255 -0.3348291 -0.6209651
255 255 255 255
0.4532 0.2195
0 0 0 0
1 0 0 0
5.082075 17.01613 2.150015
-0.8779027 -0.2028228 -0.4337623
255 255 255 255
0.8212 0.775
0 0 0 0
1 0 0 0
16.02215 -40.02866 6.681502
-0.8915947 -0.3377797 -0.3016019
255 255 255 255
0.3916 0.2674
0 0 0 0
1 0 0 0
4.742841 17.82753 0.043367
-0.4787733 -0.8778836 0.009826526
255 255 255 255
0.267 0.2001
0 0 0 0
1 0 0 0
4.845131 17.43117 -1.965137
-0.6864281 -0.6657323 0.2926036
255 255 255 255
0.2712 0.1759
0 0 0 0
1 0 0 0
5.244748 17.43117 0.043367
-0.7462236 -0.6656521 0.007598836
255 255 255 255
0.2748 0.2001
0 0 0 0
1 0 0 0
4.381443 17.82753 -1.773144
-0.4386254 -0.877849 0.1923249
255 255 255 255
0.2638 0.1782
0 0 0 0
1 0 0 0
3.707316 17.43117 -3.667828
-0.5222935 -0.6656492 0.5330297
255 255 255 255
0.2607 0.1539
0 0 0 0
1 0 0 0
3.352665 17.82753 -3.313177
-0.3316552 -0.8778419 0.3455408
255 255 255 255
0.2543 0.1582
0 0 0 0
1 0 0 0
2.004611 17.43117 -4.805643
-0.278547 -0.6656467 0.6923338
255 255 255 255
0.2445 0.1358
0 0 0 0
1 0 0 0
1.812632 17.82753 -4.341969
-0.1741328 -0.8778833 0.4460927
255 255 255 255
0.2396 0.1417
0 0 0 0
1 0 0 0
-0.003878 17.43117 -5.205259
0.00760087 -0.6656576 0.7462186
255 255 255 255
0.2236 0.1231
0 0 0 0
1 0 0 0
-0.003878 17.82753 -4.703352
0.009828568 -0.8778829 0.4787745
255 255 255 255
0.2206 0.1303
0 0 0 0
1 0 0 0
-2.012366 17.43117 -4.805643
0.2926023 -0.6657305 0.6864304
255 255 255 255
0.1999 0.1171
0 0 0 0
1 0 0 0
-1.820387 17.82753 -4.341969
0.1923252 -0.8778481 0.438627
255 255 255 255
0.1991 0.1248
0 0 0 0
1 0 0 0
-3.715072 17.43117 -3.667828
0.5330311 -0.6656446 0.522298
255 255 255 255
0.1756 0.1182
0 0 0 0
1 0 0 0
-3.360421 17.82753 -3.313177
0.3455385 -0.8778444 0.3316509
255 255 255 255
0.177 0.1258
0 0 0 0
1 0 0 0
-4.852887 17.43117 -1.965137
0.6923345 -0.6656464 0.2785457
255 255 255 255
0.1526 0.1262
0 0 0 0
1 0 0 0
-4.389198 17.82753 -1.773144
0.4460906 -0.8778844 0.1741324
255 255 255 255
0.1561 0.133
0 0 0 0
1 0 0 0
-5.252503 17.43117 0.043367
0.6991135 -0.7013506 0.1390953
255 255 255 255
0.1325 0.1407
0 0 0 0
1 0 0 0
-4.750597 17.82753 0.043367
0.4267639 -0.9003685 0.08490644
255 255 255 255
0.138 0.1464
0 0 0 0
1 0 0 0
3.888659 17.01613 -3.849185
-0.6403824 -0.5248407 0.5607607
255 255 255 255
0.2657 0.1506
0 0 0 0
1 0 0 0
2.102786 17.01613 -5.042586
-0.3770631 -0.5248517 0.7631212
255 255 255 255
0.2482 0.1312
0 0 0 0
1 0 0 0
-0.003878 17.01613 -5.461538
-0.05632832 -0.5246522 0.8494511
255 255 255 255
0.2259 0.1176
0 0 0 0
1 0 0 0
-2.110541 17.01613 -5.042586
0.2730219 -0.5247578 0.8062806
255 255 255 255
0.2005 0.1112
0 0 0 0
1 0 0 0
-3.896414 17.01613 -3.849185
0.5607587 -0.5248439 0.6403816
255 255 255 255
0.1745 0.1124
0 0 0 0
1 0 0 0
-5.08983 17.01613 -2.063297
0.7631256 -0.5248438 0.3770653
255 255 255 255
0.1498 0.121
0 0 0 0
1 0 0 0
-5.508767 17.01613 0.043367
0.8388542 -0.5181521 0.166859
255 255 255 255
0.1285 0.1362
0 0 0 0
1 0 0 0
-0.003878 17.98847 -4.235108
0.02154892 -0.9454826 0.324959
255 255 255 255
0.2183 0.1358
0 0 0 0
1 0 0 0
1.633454 17.98847 -3.90934
-0.1044544 -0.9454826 0.3084671
255 255 255 255
0.2358 0.1463
0 0 0 0
1 0 0 0
3.021466 17.98847 -2.981977
-0.2144972 -0.945502 0.2449837
255 255 255 255
0.2493 0.1615
0 0 0 0
1 0 0 0
3.948829 17.98847 -1.593965
-0.2919621 -0.945491 0.1442388
255 255 255 255
0.2581 0.1799
0 0 0 0
1 0 0 0
4.274598 17.98847 0.043367
-0.3249632 -0.9454811 0.02154993
255 255 255 255
0.261 0.2001
0 0 0 0
1 0 0 0
3.948829 17.98847 1.680698
-0.3084742 -0.9454797 -0.1044594
255 255 255 255
0.2581 0.2203
0 0 0 0
1 0 0 0
4.381443 17.82753 1.859861
-0.4460918 -0.8778836 -0.1741335
255 255 255 255
0.2638 0.222
0 0 0 0
1 0 0 0
4.845131 17.43117 2.051855
-0.6923343 -0.6656472 -0.2785446
255 255 255 255
0.2712 0.2242
0 0 0 0
1 0 0 0
3.352665 17.82753 3.399895
-0.3455372 -0.8778458 -0.3316486
255 255 255 255
0.2543 0.242
0 0 0 0
1 0 0 0
3.707316 17.43117 3.754561
-0.5330321 -0.6656447 -0.5222968
255 255 255 255
0.2607 0.2462
0 0 0 0
1 0 0 0
1.812632 17.82753 4.428687
-0.1923239 -0.8778502 -0.4386234
255 255 255 255
0.2396 0.2584
0 0 0 0
1 0 0 0
2.004611 17.43117 4.892375
-0.2926018 -0.6657317 -0.6864295
255 255 255 255
0.2445 0.2644
0 0 0 0
1 0 0 0
-0.003878 17.82753 4.79007
-0.009826525 -0.8778825 -0.4787753
255 255 255 255
0.2206 0.2699
0 0 0 0
1 0 0 0
-0.003878 17.43117 5.291977
-0.007599839 -0.6656592 -0.7462171
255 255 255 255
0.2236 0.277
0 0 0 0
1 0 0 0
-1.820387 17.82753 4.428687
0.1741307 -0.8778849 -0.4460904
255 255 255 255
0.1991 0.2754
0 0 0 0
1 0 0 0
-2.012366 17.43117 4.892375
0.2785422 -0.6656524 -0.6923302
255 255 255 255
0.1999 0.2831
0 0 0 0
1 0 0 0
-3.360421 17.82753 3.399895
0.3316528 -0.8778442 -0.3455374
255 255 255 255
0.177 0.2744
0 0 0 0
1 0 0 0
-3.715072 17.43117 3.754561
0.5222964 -0.6656471 -0.5330295
255 255 255 255
0.1756 0.2819
0 0 0 0
1 0 0 0
-4.389198 17.82753 1.859861
0.438625 -0.8778493 -0.1923247
255 255 255 255
0.1561 0.2671
0 0 0 0
1 0 0 0
-4.852887 17.43117 2.051855
0.68643 -0.6657301 -0.2926041
255 255 255 255
0.1526 0.2739
0 0 0 0
1 0 0 0
-4.750597 17.82753 0.043367
0.524948 -0.8447019 -0.1044428
255 255 255 255
0.138 0.2538
0 0 0 0
1 0 0 0
-5.252503 17.43117 0.043367
0.7746677 -0.6133043 -0.154103
255 255 255 255
0.1325 0.2594
0 0 0 0
1 0 0 0
-5.08983 17.01613 2.150015
0.8062885 -0.5247445 -0.2730239
255 255 255 255
0.1498 0.2792
0 0 0 0
1 0 0 0
-5.508767 17.01613 0.043367
0.8389477 -0.5180078 -0.1668369
255 255 255 255
0.1285 0.2639
0 0 0 0
1 0 0 0
-3.896414 17.01613 3.935903
0.6403889 -0.524829 -0.5607642
255 255 255 255
0.1745 0.2878
0 0 0 0
1 0 0 0
-2.110541 17.01613 5.129319
0.3770652 -0.5248457 -0.7631244
255 255 255 255
0.2005 0.2889
0 0 0 0
1 0 0 0
-0.003878 17.01613 5.548256
0.05632723 -0.5246525 -0.849451
255 255 255 255
0.2259 0.2825
0 0 0 0
1 0 0 0
2.102786 17.01613 5.129319
-0.2730199 -0.5247588 -0.8062806
255 255 255 255
0.2482 0.2689
0 0 0 0
1 0 0 0
3.888659 17.01613 3.935903
-0.5607638 -0.5248348 -0.6403846
255 255 255 255
0.2657 0.2495
0 0 0 0
1 0 0 0
5.082075 17.01613 2.150015
-0.7631274 -0.5248406 -0.3770662
255 255 255 255
0.2768 0.2259
0 0 0 0
1 0 0 0
5.501011 17.01613 0.043367
-0.8494614 -0.5246355 -0.05632927
255 255 255 255
0.2808 0.2001
0 0 0 0
1 0 0 0
5.082075 17.01613 -2.063297
-0.8062887 -0.5247446 0.273023
255 255 255 255
0.2768 0.1742
0 0 0 0
1 0 0 0
-1.641209 17.98847 -3.90934
0.1442368 -0.9454932 0.2919561
255 255 255 255
0.1985 0.1307
0 0 0 0
1 0 0 0
-3.029221 17.98847 -2.981977
0.2449857 -0.9455012 0.2144983
255 255 255 255
0.1782 0.1317
0 0 0 0
1 0 0 0
-3.956584 17.98847 -1.593965
0.3084722 -0.9454806 0.1044574
255 255 255 255
0.1589 0.1383
0 0 0 0
1 0 0 0
-4.282353 17.98847 0.043367
0.3243641 -0.9437282 0.06453702
255 255 255 255
0.1425 0.1505
0 0 0 0
1 0 0 0
-4.282353 17.98847 0.043367
0.324359 -0.9437301 -0.06453401
255 255 255 255
0.1425 0.2496
0 0 0 0
1 0 0 0
-3.956584 17.98847 1.680698
0.2919632 -0.9454905 -0.1442399
255 255 255 255
0.1589 0.2619
0 0 0 0
1 0 0 0
-3.029221 17.98847 3.068695
0.2144972 -0.945502 -0.2449837
255 255 255 255
0.1782 0.2685
0 0 0 0
1 0 0 0
-1.641209 17.98847 3.996058
0.1044564 -0.9454811 -0.308471
255 255 255 255
0.1985 0.2695
0 0 0 0
1 0 0 0
-0.003878 17.98847 4.321842
-0.02154893 -0.9454801 -0.3249662
255 255 255 255
0.2183 0.2643
0 0 0 0
1 0 0 0
1.633454 17.98847 3.996058
-0.1442388 -0.9454929 -0.291956
255 255 255 255
0.2358 0.2539
0 0 0 0
1 0 0 0
3.021466 17.98847 3.068695
-0.2449878 -0.9455002 -0.2145003
255 255 255 255
0.2493 0.2387
0 0 0 0
1 0 0 0
516 # faces
0 2 1
0 1 3
4 2 0
4 5 2
6 1 2
6 7 1
6 8 7
6 9 8
7 8 10
11 6 2
11 2 5
11 9 6
11 12 9
13 12 11
14 7 10
10 15 14
14 15 16
14 16 17
17 16 18
17 18 19
19 18 20
21 19 20
20 22 21
21 22 23
21 23 24
24 23 25
24 25 26
26 25 27
28 26 27
27 29 28
28 29 30
28 30 31
31 30 32
33 32 13
11 33 13
31 32 33
21 24 34
21 34 35
36 35 34
36 34 37
24 38 34
24 26 38
37 34 38
37 38 39
28 31 40
31 41 40
31 33 41
42 40 41
43 40 42
28 40 44
43 44 40
42 41 45
26 28 46
26 46 47
48 47 46
48 46 49
14 17 50
14 50 51
52 51 50
52 50 53
17 19 54
53 50 54
17 54 50
53 54 55
7 14 56
7 56 57
58 57 56
58 56 59
19 21 60
19 60 61
62 61 60
62 60 63
64 66 65
64 65 67
68 65 66
65 68 69
65 69 70
69 68 71
68 66 72
68 72 73
68 73 74
73 72 75
72 66 76
72 76 77
76 66 78
79 66 64
80 82 81
80 81 83
83 81 84
83 84 85
85 84 86
85 86 87
87 86 88
87 88 89
89 88 90
89 90 91
91 90 92
91 92 93
93 92 94
93 94 95
95 94 96
95 96 97
83 85 98
80 83 99
83 98 99
99 98 100
99 100 101
102 99 101
80 99 102
102 101 103
98 104 100
85 87 105
85 105 98
98 105 104
105 106 104
105 107 106
87 107 105
87 89 107
107 108 106
89 109 107
107 109 108
89 91 109
109 110 108
91 93 111
109 111 110
91 111 109
111 112 110
93 95 113
111 113 112
93 113 111
113 114 112
113 115 114
95 97 115
95 115 113
116 102 103
116 103 117
118 116 117
118 117 119
120 118 119
120 119 121
122 120 121
122 121 123
124 122 123
124 123 125
126 124 125
126 125 127
128 126 127
128 127 129
130 128 129
130 129 131
132 128 130
132 133 128
133 126 128
132 134 133
132 135 134
133 134 136
137 124 126
133 137 126
133 136 137
137 136 138
137 139 124
137 138 139
139 122 124
139 138 140
139 140 141
141 120 122
139 141 122
141 140 142
141 142 143
143 118 120
141 143 120
143 142 144
143 145 118
145 116 118
143 144 145
145 144 146
147 80 102
145 147 116
145 146 147
147 146 82
147 102 116
147 82 80
33 11 148
33 148 149
150 149 148
150 148 151
152 154 153
152 153 155
154 156 153
154 157 156
157 158 156
157 159 158
159 160 158
159 161 160
161 162 160
161 163 162
163 164 162
163 165 164
165 166 164
165 167 166
167 168 166
167 169 168
155 153 170
155 170 171
156 158 172
158 173 172
158 160 173
160 162 174
160 174 173
162 175 174
162 164 175
164 166 176
164 176 175
166 168 177
166 177 176
178 165 163
179 163 161
179 178 163
180 161 159
180 179 161
181 159 157
181 180 159
182 181 157
182 157 154
183 182 154
183 154 152
184 183 152
184 152 185
185 152 155
185 155 186
186 155 171
187 185 186
187 186 188
189 187 188
189 188 190
191 189 190
191 190 192
193 191 192
193 192 194
195 193 194
195 194 196
197 195 196
197 196 198
199 197 198
199 198 200
200 198 201
200 201 202
198 203 201
198 196 203
196 204 203
196 194 204
194 192 205
194 205 204
192 190 206
192 206 205
207 197 199
207 208 197
208 195 197
208 209 195
209 193 195
209 210 193
210 191 193
211 189 191
210 211 191
211 212 189
212 187 189
213 185 187
213 184 185
212 213 187
190 188 214
190 214 206
188 215 214
188 186 215
186 171 215
153 216 170
153 156 216
156 172 216
178 217 165
217 167 165
217 218 167
218 169 167
218 219 169
220 222 221
220 221 223
224 223 221
221 225 224
221 226 225
225 227 224
224 228 223
224 229 228
224 230 229
229 231 228
228 232 223
228 233 232
232 234 223
235 220 223
236 238 237
236 237 239
238 240 237
241 236 239
241 239 242
243 241 242
244 240 238
240 244 245
244 246 245
244 247 246
247 248 246
247 249 248
249 250 248
251 250 249
250 251 252
251 253 252
251 254 253
254 255 253
254 256 255
256 257 255
258 257 256
257 258 259
258 260 259
258 261 260
261 262 260
261 263 262
263 243 262
241 243 263
264 266 265
264 265 267
266 268 265
266 269 268
269 270 268
269 271 270
271 272 270
271 273 272
273 274 272
273 275 274
275 276 274
275 277 276
277 278 276
277 279 278
279 280 278
279 281 280
269 282 271
269 283 282
266 283 269
283 284 282
283 285 284
286 285 283
266 286 283
264 286 266
286 287 285
264 288 286
288 287 286
288 289 287
282 284 290
271 291 273
271 282 291
282 290 291
291 290 292
273 291 293
273 293 275
291 292 293
293 292 294
275 293 295
293 294 295
275 295 277
295 294 296
295 296 297
277 295 297
277 297 279
297 296 298
279 297 299
297 298 299
279 299 281
300 289 288
300 301 289
302 301 300
302 303 301
304 303 302
304 305 303
306 305 304
306 307 305
308 307 306
308 309 307
310 309 308
310 311 309
312 311 310
312 313 311
314 313 312
314 315 313
316 314 312
317 312 310
316 312 317
316 317 318
316 318 319
317 320 318
321 310 308
317 310 321
317 321 320
321 322 320
323 308 306
321 323 322
321 308 323
323 324 322
323 325 324
323 306 325
325 306 304
325 326 324
327 304 302
325 327 326
325 304 327
327 328 326
327 302 329
329 302 300
327 329 328
329 330 328
331 288 264
331 300 288
329 300 331
331 267 330
329 331 330
331 264 267
332 334 333
332 333 335
335 333 336
335 336 337
337 336 338
337 338 339
339 338 340
339 340 341
341 340 342
341 342 343
343 342 344
343 344 345
345 344 346
345 346 347
347 346 348
347 348 349
333 350 336
336 350 351
336 351 338
338 351 352
338 352 340
340 353 342
340 352 353
342 354 344
342 353 354
344 355 346
344 354 355
346 355 356
346 356 348
357 341 343
358 339 341
358 341 357
359 339 358
359 337 339
360 335 337
360 337 359
361 332 335
361 335 360
362 332 361
363 334 332
362 363 332
363 364 334
365 364 363
365 366 364
367 366 365
367 368 366
369 368 367
369 370 368
371 370 369
371 372 370
373 372 371
373 374 372
375 374 373
375 376 374
377 376 375
377 378 376
378 379 376
378 380 379
376 381 374
376 379 381
374 381 382
374 382 372
372 383 370
372 382 383
370 383 384
370 384 368
368 385 366
368 384 385
366 385 386
366 386 364
364 387 334
364 386 387
334 387 388
334 388 333
333 388 350
357 343 389
389 343 345
389 345 390
390 345 347
390 347 391
391 347 349
391 349 392
393 377 375
394 375 373
393 375 394
394 373 395
395 373 371
395 371 396
396 371 369
397 369 367
396 369 397
397 367 398
398 367 365
398 365 399
399 365 363
399 363 362
