1 # bones
root
-1
0 0 0
10 # meshes
5_0000-ID3_1_0_0
1 # uv layers
1 # textures
material_2.jpg
0 # uv layer index
68 # vertices
-0.4758456 0.3238145 0.4744314
0 0.9238563 0.3826716
255 255 255 255
2.320936 4.18
0 0 0 0
1 0 0 0
-0.4327266 0.3238145 0.4744314
0 0.9238563 0.3826716
255 255 255 255
2.320936 3.99343
0 0 0 0
1 0 0 0
-0.4327265 0.6887598 0.1094863
0 0.8628193 0.5054476
255 255 255 255
3.9 3.99343
0 0 0 0
1 0 0 0
-0.4758455 0.6887598 0.1094863
-3.051851E-05 0.9675283 0.2527238
255 255 255 255
3.9 4.18
0 0 0 0
1 0 0 0
0.397077 0.3238144 0.9677153
0 0.9999695 0
255 255 255 255
0.18657 0.402993
0 0 0 0
1 0 0 0
-0.4005684 0.3238145 1.010834
0 1 0
255 255 255 255
0 3.854287
0 0 0 0
1 0 0 0
0.4149375 0.3238144 1.010834
0 1 0
255 255 255 255
0 0.325713
0 0 0 0
1 0 0 0
0.4902146 0.3238144 0.9355571
0 1 0
255 255 255 255
0.325713 0
0 0 0 0
1 0 0 0
-0.382708 0.3238145 0.9677153
0 1 0
255 255 255 255
0.18657 3.777007
0 0 0 0
1 0 0 0
0.4470956 0.3238144 0.9176966
0 1 0
255 255 255 255
0.402993 0.18657
0 0 0 0
1 0 0 0
0.4902146 0.3238144 0.4744313
0 0.9675283 0.2527238
255 255 255 255
2.320936 0
0 0 0 0
1 0 0 0
0.4470956 0.3238144 0.4744313
0 0.8628193 0.5054476
255 255 255 255
2.320936 0.18657
0 0 0 0
1 0 0 0
-0.4758456 0.3238145 0.9355571
0 1 0
255 255 255 255
0.325713 4.18
0 0 0 0
1 0 0 0
-0.4327266 0.3238145 0.9176966
0 1 0
255 255 255 255
0.402993 3.99343
0 0 0 0
1 0 0 0
-0.4327265 0.6425368 0.05525156
1 0 0
255 255 255 255
4.134666 4.120936
0 0 0 0
1 0 0 0
-0.4327266 0.6425368 -0.6987244
1 0 0
255 255 255 255
7.397007 4.120936
0 0 0 0
1 0 0 0
-0.4327266 0.6887598 -0.6987244
1 0 0
255 255 255 255
7.397007 4.320936
0 0 0 0
1 0 0 0
-0.4327265 0.6887598 0.1094863
1 0 0
255 255 255 255
3.9 4.320936
0 0 0 0
1 0 0 0
-0.4327266 0.604187 0.147836
1 0 0
255 255 255 255
3.734066 3.955002
0 0 0 0
1 0 0 0
-0.4327266 0.3238145 0.4744314
1 0 0
255 255 255 255
2.320936 2.741872
0 0 0 0
1 0 0 0
-0.4327266 0.3099835 0.4420396
1 0 0
255 255 255 255
2.461091 2.682027
0 0 0 0
1 0 0 0
-0.4327266 0.2775915 0.9176966
1 0 0
255 255 255 255
0.402993 2.541872
0 0 0 0
1 0 0 0
-0.4327266 0.2775915 0.5202405
1 0 0
255 255 255 255
2.122727 2.541872
0 0 0 0
1 0 0 0
-0.4327266 0.3238145 0.9176966
1 0 0
255 255 255 255
0.402993 2.741872
0 0 0 0
1 0 0 0
0.4470956 0.6887597 0.1094862
0 0.9675283 0.2527238
255 255 255 255
3.9 0.18657
0 0 0 0
1 0 0 0
0.4902146 0.6887597 0.1094862
-6.103702E-05 0.8628193 0.5054476
255 255 255 255
3.9 0
0 0 0 0
1 0 0 0
0.4902146 0.6887597 -0.7165844
0 1 0
255 255 255 255
7.474287 0
0 0 0 0
1 0 0 0
0.4470956 0.6887597 -0.6987244
0 1 0
255 255 255 255
7.397007 0.18657
0 0 0 0
1 0 0 0
0.397077 0.6887597 -0.7487431
0 1 0
255 255 255 255
7.61343 0.402993
0 0 0 0
1 0 0 0
0.4149375 0.6887597 -0.7918618
0 1 0
255 255 255 255
7.8 0.325713
0 0 0 0
1 0 0 0
-0.382708 0.6887598 -0.7487431
0 0.9999695 0
255 255 255 255
7.61343 3.777007
0 0 0 0
1 0 0 0
-0.4327266 0.6887598 -0.6987244
0 1 0
255 255 255 255
7.397007 3.99343
0 0 0 0
1 0 0 0
-0.4758456 0.6887598 -0.7165844
0 1 0
255 255 255 255
7.474287 4.18
0 0 0 0
1 0 0 0
-0.4005684 0.6887598 -0.7918618
0 1 0
255 255 255 255
7.8 3.854287
0 0 0 0
1 0 0 0
0.4470956 0.2775914 0.5202405
-1 0 0
255 255 255 255
-2.122727 2.541872
0 0 0 0
1 0 0 0
0.4470956 0.2775914 0.9176966
-1 0 0
255 255 255 255
-0.402993 2.541872
0 0 0 0
1 0 0 0
0.4470956 0.3238144 0.9176966
-1 0 0
255 255 255 255
-0.402993 2.741872
0 0 0 0
1 0 0 0
0.4470956 0.3099834 0.4420395
-1 0 0
255 255 255 255
-2.461091 2.682027
0 0 0 0
1 0 0 0
0.4470956 0.3238144 0.4744313
-1 0 0
255 255 255 255
-2.320936 2.741872
0 0 0 0
1 0 0 0
0.4470956 0.6041869 0.147836
-1 0 0
255 255 255 255
-3.734066 3.955002
0 0 0 0
1 0 0 0
0.4470956 0.6887597 0.1094862
-1 0 0
255 255 255 255
-3.9 4.320936
0 0 0 0
1 0 0 0
0.4470956 0.6425366 0.05525152
-0.9999695 0 0
255 255 255 255
-4.134666 4.120936
0 0 0 0
1 0 0 0
0.4470956 0.6425366 -0.6987244
-0.9999695 0 0
255 255 255 255
-7.397007 4.120936
0 0 0 0
1 0 0 0
0.4470956 0.6887597 -0.6987244
-1 0 0
255 255 255 255
-7.397007 4.320936
0 0 0 0
1 0 0 0
0.4470956 0.3238144 0.9176966
-0.7070833 0 -0.7070833
255 255 255 255
-0.153034 2.741872
0 0 0 0
1 0 0 0
0.4470956 0.2775914 0.9176966
-0.7070833 0 -0.7070833
255 255 255 255
-0.153034 2.541872
0 0 0 0
1 0 0 0
0.397077 0.2775914 0.9677153
-0.7070833 0 -0.7070833
255 255 255 255
0.153034 2.541872
0 0 0 0
1 0 0 0
0.397077 0.3238144 0.9677153
-0.7070833 0 -0.7070833
255 255 255 255
0.153034 2.741872
0 0 0 0
1 0 0 0
0.397077 0.3238144 0.9677153
0 0 -1
255 255 255 255
0.402993 2.741872
0 0 0 0
1 0 0 0
0.397077 0.2775914 0.9677153
0 0 -1
255 255 255 255
0.402993 2.541872
0 0 0 0
1 0 0 0
-0.382708 0.2775915 0.9677153
0 0 -1
255 255 255 255
3.777007 2.541872
0 0 0 0
1 0 0 0
-0.382708 0.3238145 0.9677153
0 0 -1
255 255 255 255
3.777007 2.741872
0 0 0 0
1 0 0 0
-0.382708 0.3238145 0.9677153
0.7070833 0 -0.7070833
255 255 255 255
2.802672 2.741872
0 0 0 0
1 0 0 0
-0.382708 0.2775915 0.9677153
0.7070833 0 -0.7070833
255 255 255 255
2.802672 2.541872
0 0 0 0
1 0 0 0
-0.4327266 0.2775915 0.9176966
0.7070833 0 -0.7070833
255 255 255 255
3.108741 2.541872
0 0 0 0
1 0 0 0
-0.4327266 0.3238145 0.9176966
0.7070833 0 -0.7070833
255 255 255 255
3.108741 2.741872
0 0 0 0
1 0 0 0
-0.382708 0.6425368 -0.7487431
0.7070833 0 0.7070833
255 255 255 255
2.712761 4.120936
0 0 0 0
1 0 0 0
-0.382708 0.6887598 -0.7487431
0.7070833 0 0.7070833
255 255 255 255
2.712761 4.320936
0 0 0 0
1 0 0 0
-0.4327266 0.6887598 -0.6987244
0.7070833 0 0.7070833
255 255 255 255
2.406692 4.320936
0 0 0 0
1 0 0 0
-0.4327266 0.6425368 -0.6987244
0.7070833 0 0.7070833
255 255 255 255
2.406692 4.120936
0 0 0 0
1 0 0 0
0.397077 0.6425366 -0.7487431
0 0 1
255 255 255 255
-0.402993 4.120936
0 0 0 0
1 0 0 0
0.397077 0.6887597 -0.7487431
0 0 1
255 255 255 255
-0.402993 4.320936
0 0 0 0
1 0 0 0
-0.382708 0.6887598 -0.7487431
0 0 1
255 255 255 255
-3.777007 4.320936
0 0 0 0
1 0 0 0
-0.382708 0.6425368 -0.7487431
0 0 1
255 255 255 255
-3.777007 4.120936
0 0 0 0
1 0 0 0
0.4470956 0.6425366 -0.6987244
-0.7070833 0 0.7070833
255 255 255 255
-5.362399 4.120936
0 0 0 0
1 0 0 0
0.4470956 0.6887597 -0.6987244
-0.7070833 0 0.7070833
255 255 255 255
-5.362399 4.320936
0 0 0 0
1 0 0 0
0.397077 0.6887597 -0.7487431
-0.7070833 0 0.7070833
255 255 255 255
-5.668467 4.320936
0 0 0 0
1 0 0 0
0.397077 0.6425366 -0.7487431
-0.7070833 0 0.7070833
255 255 255 255
-5.668467 4.120936
0 0 0 0
1 0 0 0
52 # faces
0 2 1
2 0 3
4 6 5
6 4 7
4 5 8
7 4 9
7 9 10
10 9 11
12 8 5
8 12 13
13 12 0
13 0 1
14 16 15
16 14 17
18 17 14
18 19 17
19 18 20
21 20 22
20 23 19
20 21 23
24 26 25
26 24 27
26 27 28
26 28 29
29 28 30
3 31 2
31 3 32
31 32 30
30 32 33
30 33 29
11 25 10
25 11 24
34 36 35
36 34 37
36 37 38
39 38 37
38 39 40
40 39 41
40 41 42
40 42 43
44 46 45
46 44 47
48 50 49
50 48 51
52 54 53
54 52 55
56 58 57
58 56 59
60 62 61
62 60 63
64 66 65
66 64 67
5_0001-ID24_1_0_0
1 # uv layers
1 # textures
material_2.jpg
0 # uv layer index
52 # vertices
0.4149374 0.4252886 -0.7918618
0 0 -1
255 255 255 255
0.325713 3.180936
0 0 0 0
1 0 0 0
0.4149374 0.242816 -0.7918618
0 0 -1
255 255 255 255
0.325713 2.391404
0 0 0 0
1 0 0 0
-0.4005685 0.2428161 -0.7918618
0 0 -1
255 255 255 255
3.854287 2.391404
0 0 0 0
1 0 0 0
-0.4005685 0.4252888 -0.7918618
0 0 -1
255 255 255 255
3.854287 3.180936
0 0 0 0
1 0 0 0
0.4902146 0.242816 -0.7165844
0.7070833 0 -0.7070833
255 255 255 255
5.285119 2.391404
0 0 0 0
1 0 0 0
0.4149374 0.242816 -0.7918618
0.7070833 0 -0.7070833
255 255 255 255
5.745747 2.391404
0 0 0 0
1 0 0 0
0.4149374 0.4252886 -0.7918618
0.7070833 0 -0.7070833
255 255 255 255
5.745747 3.180936
0 0 0 0
1 0 0 0
0.4902146 0.4252886 -0.7165844
0.7070833 0 -0.7070833
255 255 255 255
5.285119 3.180936
0 0 0 0
1 0 0 0
-0.4327266 0.2428161 -0.07298635
0 -0.9675283 -0.2526933
255 255 255 255
4.689532 3.99343
0 0 0 0
1 0 0 0
-0.4758456 0.2428161 -0.07298635
0 -0.8628498 -0.5054476
255 255 255 255
4.689532 4.18
0 0 0 0
1 0 0 0
-0.4758456 0.2428161 -0.7165844
0 -1 0
255 255 255 255
7.474287 4.18
0 0 0 0
1 0 0 0
-0.4327266 0.2428161 -0.6987244
0 -1 0
255 255 255 255
7.397007 3.99343
0 0 0 0
1 0 0 0
-0.3827081 0.2428161 -0.7487431
0 -1 0
255 255 255 255
7.61343 3.777007
0 0 0 0
1 0 0 0
-0.4005685 0.2428161 -0.7918618
0 -1 0
255 255 255 255
7.8 3.854287
0 0 0 0
1 0 0 0
0.397077 0.242816 -0.7487431
0 -0.9999695 0
255 255 255 255
7.61343 0.402993
0 0 0 0
1 0 0 0
0.4902146 0.242816 -0.07298639
0 -0.9238563 -0.3826716
255 255 255 255
4.689532 0
0 0 0 0
1 0 0 0
0.4470956 0.242816 -0.07298639
0 -0.9238563 -0.3826716
255 255 255 255
4.689532 0.18657
0 0 0 0
1 0 0 0
0.4470955 0.242816 -0.6987244
0 -1 0
255 255 255 255
7.397007 0.18657
0 0 0 0
1 0 0 0
0.4902146 0.242816 -0.7165844
0 -1 0
255 255 255 255
7.474287 0
0 0 0 0
1 0 0 0
0.4149374 0.242816 -0.7918618
0 -1 0
255 255 255 255
7.8 0.325713
0 0 0 0
1 0 0 0
-0.4005685 0.4252888 -0.7918618
-0.7070833 0 -0.7070833
255 255 255 255
-2.79004 3.180936
0 0 0 0
1 0 0 0
-0.4005685 0.2428161 -0.7918618
-0.7070833 0 -0.7070833
255 255 255 255
-2.79004 2.391404
0 0 0 0
1 0 0 0
-0.4758456 0.2428161 -0.7165844
-0.7070833 0 -0.7070833
255 255 255 255
-2.329413 2.391404
0 0 0 0
1 0 0 0
-0.4758456 0.4252888 -0.7165844
-0.7070833 0 -0.7070833
255 255 255 255
-2.329413 3.180936
0 0 0 0
1 0 0 0
0.4902146 0.242816 -0.07298639
1 0 0
255 255 255 255
4.689532 2.391404
0 0 0 0
1 0 0 0
0.4902146 0.242816 -0.7165844
1 0 0
255 255 255 255
7.474287 2.391404
0 0 0 0
1 0 0 0
0.4902146 0.4252886 -0.7165844
1 0 0
255 255 255 255
7.474287 3.180936
0 0 0 0
1 0 0 0
0.4902146 0.06034338 0.4744313
1 0 0
255 255 255 255
2.320936 1.601872
0 0 0 0
1 0 0 0
0.4902146 0.06034338 0.1094862
1 0 0
255 255 255 255
3.9 1.601872
0 0 0 0
1 0 0 0
0.4902146 0.4252886 0.1094862
1 0 0
255 255 255 255
3.9 3.180936
0 0 0 0
1 0 0 0
-0.4327266 0.06034349 0.1094863
3.051851E-05 -0.8628498 -0.5054476
255 255 255 255
3.9 3.99343
0 0 0 0
1 0 0 0
-0.4758456 0.0603435 0.1094863
9.155553E-05 -0.9675283 -0.2527238
255 255 255 255
3.9 4.18
0 0 0 0
1 0 0 0
-0.4758456 0.0603435 0.1094863
-1 0 0
255 255 255 255
-3.9 1.601872
0 0 0 0
1 0 0 0
-0.4758456 0.0603435 0.4744314
-1 0 0
255 255 255 255
-2.320936 1.601872
0 0 0 0
1 0 0 0
-0.4758456 0.4252888 0.1094863
-1 0 0
255 255 255 255
-3.9 3.180936
0 0 0 0
1 0 0 0
-0.4758456 0.2428161 -0.07298635
-1 0 0
255 255 255 255
-4.689532 2.391404
0 0 0 0
1 0 0 0
-0.4758456 0.2428161 -0.7165844
-1 0 0
255 255 255 255
-7.474287 2.391404
0 0 0 0
1 0 0 0
-0.4758456 0.4252888 -0.7165844
-1 0 0
255 255 255 255
-7.474287 3.180936
0 0 0 0
1 0 0 0
0.4902146 0.06034338 0.1094862
0 -0.9238563 -0.3826716
255 255 255 255
3.9 0
0 0 0 0
1 0 0 0
0.4470955 0.06034339 0.1094862
0 -0.9238563 -0.3826716
255 255 255 255
3.9 0.18657
0 0 0 0
1 0 0 0
-0.382708 0.06034349 0.9677153
0 -0.9999695 0
255 255 255 255
0.18657 3.777007
0 0 0 0
1 0 0 0
0.4149374 0.06034339 1.010834
0 -1 0
255 255 255 255
0 0.325713
0 0 0 0
1 0 0 0
-0.4005685 0.06034349 1.010834
0 -1 0
255 255 255 255
0 3.854287
0 0 0 0
1 0 0 0
-0.4758456 0.0603435 0.9355571
0 -1 0
255 255 255 255
0.325713 4.18
0 0 0 0
1 0 0 0
-0.4327266 0.06034349 0.9176966
0 -1 0
255 255 255 255
0.402993 3.99343
0 0 0 0
1 0 0 0
-0.4758456 0.0603435 0.4744314
0 -1 0
255 255 255 255
2.320936 4.18
0 0 0 0
1 0 0 0
-0.4327266 0.06034349 0.4744314
0 -1 0
255 255 255 255
2.320936 3.99343
0 0 0 0
1 0 0 0
0.397077 0.06034339 0.9677153
0 -1 0
255 255 255 255
0.18657 0.402993
0 0 0 0
1 0 0 0
0.4902146 0.06034338 0.9355571
0 -1 0
255 255 255 255
0.325713 0
0 0 0 0
1 0 0 0
0.4470956 0.06034339 0.9176966
0 -1 0
255 255 255 255
0.402993 0.18657
0 0 0 0
1 0 0 0
0.4902146 0.06034338 0.4744313
0 -1 0
255 255 255 255
2.320936 0
0 0 0 0
1 0 0 0
0.4470956 0.06034339 0.4744313
0 -1 0
255 255 255 255
2.320936 0.18657
0 0 0 0
1 0 0 0
42 # faces
0 2 1
2 0 3
4 6 5
6 4 7
8 10 9
10 8 11
10 11 12
10 12 13
13 12 14
15 17 16
17 18 14
17 15 18
14 18 19
14 19 13
20 22 21
22 20 23
24 26 25
27 24 28
24 27 29
24 29 26
30 9 31
9 30 8
32 34 33
34 32 35
34 35 36
34 36 37
15 39 38
39 15 16
40 42 41
42 40 43
43 40 44
43 44 45
45 44 46
45 46 31
31 46 30
41 47 40
47 41 48
47 48 49
49 48 50
49 50 51
51 50 39
39 50 38
5_0002-ID34_1_0_0
1 # uv layers
1 # textures
material_2.jpg
0 # uv layer index
24 # vertices
-0.4327266 0.06034349 0.9176966
0.9522996 0 -0.305063
255 255 255 255
0 0
0 0 0 0
1 0 0 0
-0.382708 0.0002536369 0.9677153
0.3826716 0 -0.9238563
255 255 255 255
0 0
0 0 0 0
1 0 0 0
-0.4327266 0.0002536428 0.9176966
0.9238563 0 -0.3826716
255 255 255 255
0 0
0 0 0 0
1 0 0 0
-0.382708 0.06034349 0.9677153
0.3826716 0 -0.9238563
255 255 255 255
0 0
0 0 0 0
1 0 0 0
0.397077 0.06034339 0.9677153
-0.2526933 0 -0.9675283
255 255 255 255
0 0
0 0 0 0
1 0 0 0
0.397077 0.0002535439 0.9677153
-0.5054476 0 -0.8628498
255 255 255 255
0 0
0 0 0 0
1 0 0 0
-0.4327266 0.06034349 0.1094863
1 0 0
255 255 255 255
0 0
0 0 0 0
1 0 0 0
-0.4327266 0.2428161 -0.6987244
0.9675283 3.051851E-05 0.2526933
255 255 255 255
0 0
0 0 0 0
1 0 0 0
-0.4327266 0.2428161 -0.07298635
0.9999695 0 0
255 255 255 255
0 0
0 0 0 0
1 0 0 0
-0.4327267 0.0002536428 -0.6987244
0.9675283 0 0.2527238
255 255 255 255
0 0
0 0 0 0
1 0 0 0
-0.4327266 0.06034349 0.4744314
1 0 0
255 255 255 255
0 0
0 0 0 0
1 0 0 0
-0.4327266 0.0002536428 -0.07298635
1 0 0
255 255 255 255
0 0
0 0 0 0
1 0 0 0
0.4470956 0.06034339 0.9176966
-0.9522996 0 -0.305063
255 255 255 255
0 0
0 0 0 0
1 0 0 0
0.4470956 0.000253538 0.9176966
-0.9238563 0 -0.3826716
255 255 255 255
0 0
0 0 0 0
1 0 0 0
-0.3827081 0.2428161 -0.7487431
0.505417 -3.051851E-05 0.8628498
255 255 255 255
0 0
0 0 0 0
1 0 0 0
-0.3827081 0.0002536369 -0.7487431
0.2526933 0 0.9675283
255 255 255 255
0 0
0 0 0 0
1 0 0 0
0.4470955 0.000253538 0.1094862
-1 0 0
255 255 255 255
0 0
0 0 0 0
1 0 0 0
0.4470955 0.000253538 -0.6987244
-0.9522996 3.051851E-05 0.3050935
255 255 255 255
0 0
0 0 0 0
1 0 0 0
0.4470955 0.06034339 0.1094862
-1 0 0
255 255 255 255
0 0
0 0 0 0
1 0 0 0
0.4470955 0.242816 -0.6987244
-0.9675283 0 0.2526933
255 255 255 255
0 0
0 0 0 0
1 0 0 0
0.4470956 0.06034339 0.4744313
-0.2714011 0.9624622 0
255 255 255 255
0 0
0 0 0 0
1 0 0 0
0.4470956 0.242816 -0.07298639
-0.9999695 0 0
255 255 255 255
0 0
0 0 0 0
1 0 0 0
0.397077 0.242816 -0.7487431
-0.3826716 0 0.9238563
255 255 255 255
0 0
0 0 0 0
1 0 0 0
0.3970769 0.0002535439 -0.7487431
-0.3826716 0 0.9238563
255 255 255 255
0 0
0 0 0 0
1 0 0 0
24 # faces
0 2 1
1 3 0
4 1 5
1 4 3
6 8 7
6 7 9
9 10 6
0 10 9
0 9 11
11 2 0
12 5 13
5 12 4
9 7 14
14 15 9
16 12 13
12 16 17
12 17 18
18 17 19
12 18 20
18 19 21
15 14 22
22 23 15
17 22 19
22 17 23
5_0003-ID49_1_0_0
1 # uv layers
1 # textures
material_2.jpg
0 # uv layer index
24 # vertices
0.4902146 0.4252886 0.1094862
-1 0 0
255 255 255 255
0 0
0 0 0 0
1 0 0 0
0.4902146 0.3238144 0.4744313
-1 0 0
255 255 255 255
0 0
0 0 0 0
1 0 0 0
0.4902146 0.6887597 0.1094862
-1 0 0
255 255 255 255
0 0
0 0 0 0
1 0 0 0
0.4902146 0.06034338 0.4744313
-1 0 0
255 255 255 255
0 0
0 0 0 0
1 0 0 0
0.4902146 0.6887597 -0.7165844
-0.9675283 0 0.2527238
255 255 255 255
0 0
0 0 0 0
1 0 0 0
0.4902146 0.4252886 -0.7165844
-0.8628498 0 0.5054476
255 255 255 255
0 0
0 0 0 0
1 0 0 0
0.4902146 0.3238144 0.9355571
-0.9238563 0 -0.3826716
255 255 255 255
0 0
0 0 0 0
1 0 0 0
0.4902146 0.06034338 0.9355571
-0.9238563 0 -0.3826716
255 255 255 255
0 0
0 0 0 0
1 0 0 0
0.4149375 0.6887597 -0.7918618
-0.3826716 0 0.9238563
255 255 255 255
0 0
0 0 0 0
1 0 0 0
0.4149374 0.4252886 -0.7918618
-0.3826716 0 0.9238563
255 255 255 255
0 0
0 0 0 0
1 0 0 0
0.4149374 0.06034339 1.010834
-0.3826716 0 -0.9238563
255 255 255 255
0 0
0 0 0 0
1 0 0 0
0.4149375 0.3238144 1.010834
-0.3826716 0 -0.9238563
255 255 255 255
0 0
0 0 0 0
1 0 0 0
-0.4005685 0.4252888 -0.7918618
0.2526933 0 0.9675283
255 255 255 255
0 0
0 0 0 0
1 0 0 0
-0.4005684 0.6887598 -0.7918618
0.5054476 3.051851E-05 0.8628498
255 255 255 255
0 0
0 0 0 0
1 0 0 0
-0.4005684 0.3238145 1.010834
0.2526933 0 -0.9675283
255 255 255 255
0 0
0 0 0 0
1 0 0 0
-0.4005685 0.06034349 1.010834
0.5054476 -3.051851E-05 -0.8628498
255 255 255 255
0 0
0 0 0 0
1 0 0 0
-0.4758456 0.4252888 -0.7165844
0.9238563 0 0.3826716
255 255 255 255
0 0
0 0 0 0
1 0 0 0
-0.4758456 0.6887598 -0.7165844
0.9238563 0 0.3826716
255 255 255 255
0 0
0 0 0 0
1 0 0 0
-0.4758456 0.3238145 0.9355571
0.8628498 0 -0.5054476
255 255 255 255
0 0
0 0 0 0
1 0 0 0
-0.4758456 0.0603435 0.9355571
0.9675283 -9.155553E-05 -0.2526933
255 255 255 255
0 0
0 0 0 0
1 0 0 0
-0.4758455 0.6887598 0.1094863
1 0 0
255 255 255 255
0 0
0 0 0 0
1 0 0 0
-0.4758456 0.4252888 0.1094863
1 0 0
255 255 255 255
0 0
0 0 0 0
1 0 0 0
-0.4758456 0.3238145 0.4744314
1 0 0
255 255 255 255
0 0
0 0 0 0
1 0 0 0
-0.4758456 0.0603435 0.4744314
1 0 0
255 255 255 255
0 0
0 0 0 0
1 0 0 0
24 # faces
0 2 1
1 3 0
4 2 0
0 5 4
3 1 6
6 7 3
8 4 5
5 9 8
6 11 10
10 7 6
12 13 8
8 9 12
14 15 10
10 11 14
16 17 13
13 12 16
18 19 15
15 14 18
20 17 16
16 21 20
22 20 21
19 18 22
22 23 19
21 23 22
5_0004-ID64_1_0_0
1 # uv layers
1 # textures
material_2.jpg
0 # uv layer index
16 # vertices
0.4470956 0.6041869 0.147836
3.051851E-05 -0.7929014 -0.6093326
255 255 255 255
0 0
0 0 0 0
1 0 0 0
-0.4327266 0.3099835 0.4420396
0 -0.7928709 -0.6093631
255 255 255 255
0 0
0 0 0 0
1 0 0 0
-0.4327266 0.604187 0.147836
3.051851E-05 -0.86639 -0.4993133
255 255 255 255
0 0
0 0 0 0
1 0 0 0
0.4470956 0.3099834 0.4420395
0 -0.86639 -0.4993438
255 255 255 255
0 0
0 0 0 0
1 0 0 0
-0.4327266 0.2775915 0.5202405
0 -0.9657277 -0.2595294
255 255 255 255
0 0
0 0 0 0
1 0 0 0
0.4470956 0.2775914 0.5202405
0 -0.9915159 -0.1297647
255 255 255 255
0 0
0 0 0 0
1 0 0 0
0.4470956 0.6425366 0.05525152
0 -0.9656972 -0.2595599
255 255 255 255
0 0
0 0 0 0
1 0 0 0
-0.4327265 0.6425368 0.05525156
0 -0.9915159 -0.1297342
255 255 255 255
0 0
0 0 0 0
1 0 0 0
-0.4327266 0.2775915 0.9176966
0 -1 0
255 255 255 255
0 0
0 0 0 0
1 0 0 0
0.4470956 0.2775914 0.9176966
0 -0.9999695 0
255 255 255 255
0 0
0 0 0 0
1 0 0 0
0.397077 0.2775914 0.9677153
0 -1 0
255 255 255 255
0 0
0 0 0 0
1 0 0 0
-0.382708 0.2775915 0.9677153
0 -1 0
255 255 255 255
0 0
0 0 0 0
1 0 0 0
0.397077 0.6425366 -0.7487431
0 -1 0
255 255 255 255
0 0
0 0 0 0
1 0 0 0
-0.4327266 0.6425368 -0.6987244
0 -0.9999695 0
255 255 255 255
0 0
0 0 0 0
1 0 0 0
-0.382708 0.6425368 -0.7487431
0 -0.9999695 0
255 255 255 255
0 0
0 0 0 0
1 0 0 0
0.4470956 0.6425366 -0.6987244
0 -1 0
255 255 255 255
0 0
0 0 0 0
1 0 0 0
14 # faces
0 2 1
1 3 0
3 1 4
4 5 3
2 0 6
6 7 2
5 4 8
9 5 8
10 9 8
8 11 10
12 14 13
15 13 7
7 6 15
15 12 13
7_0005-ID3_1_0_0
1 # uv layers
1 # textures
blankTex.png
0 # uv layer index
40 # vertices
-0.4327265 0.6887598 0.1094863
-0.731315 -0.5884884 -0.3447066
255 255 255 255
0 0
0 0 0 0
1 0 0 0
-0.4758456 0.3238145 0.4744314
0 -0.9238563 -0.3826716
255 255 255 255
0 0
0 0 0 0
1 0 0 0
-0.4758455 0.6887598 0.1094863
-3.051851E-05 -0.9675283 -0.2527238
255 255 255 255
0 0
0 0 0 0
1 0 0 0
-0.4327266 0.3238145 0.4744314
-0.8514359 -0.4844813 -0.2006592
255 255 255 255
0 0
0 0 0 0
1 0 0 0
-0.4327266 0.3238145 0.9176966
-0.6598712 -0.731315 0.1723685
255 255 255 255
0 0
0 0 0 0
1 0 0 0
-0.4758456 0.3238145 0.9355571
0 -1 0
255 255 255 255
0 0
0 0 0 0
1 0 0 0
-0.382708 0.3238145 0.9677153
-0.3447371 -0.7312845 0.5885189
255 255 255 255
0 0
0 0 0 0
1 0 0 0
-0.4005684 0.3238145 1.010834
0 -1 0
255 255 255 255
0 0
0 0 0 0
1 0 0 0
0.4902146 0.3238144 0.4744313
0 -0.9675283 -0.2526933
255 255 255 255
0 0
0 0 0 0
1 0 0 0
0.4470956 0.3238144 0.9176966
0.7994629 -0.543321 0.2561418
255 255 255 255
0 0
0 0 0 0
1 0 0 0
0.4470956 0.3238144 0.4744313
0.7312845 -0.5884884 -0.3447371
255 255 255 255
0 0
0 0 0 0
1 0 0 0
0.4902146 0.3238144 0.9355571
0 -1 0
255 255 255 255
0 0
0 0 0 0
1 0 0 0
0.397077 0.3238144 0.9677153
0.1448714 -0.819422 0.5545518
255 255 255 255
0 0
0 0 0 0
1 0 0 0
0.4149375 0.3238144 1.010834
0 -1 0
255 255 255 255
0 0
0 0 0 0
1 0 0 0
-0.4327266 0.3099835 0.4420396
-1 0 0
255 255 255 255
0 0
0 0 0 0
1 0 0 0
-0.4327266 0.2775915 0.9176966
-0.9238563 0 0.3826716
255 255 255 255
0 0
0 0 0 0
1 0 0 0
-0.4327266 0.2775915 0.5202405
-1 0 0
255 255 255 255
0 0
0 0 0 0
1 0 0 0
-0.4327266 0.604187 0.147836
-1 0 0
255 255 255 255
0 0
0 0 0 0
1 0 0 0
-0.4327265 0.6425368 0.05525156
-1 0 0
255 255 255 255
0 0
0 0 0 0
1 0 0 0
-0.4327266 0.6887598 -0.6987244
-0.717246 -0.6302378 -0.2971282
255 255 255 255
0 0
0 0 0 0
1 0 0 0
-0.4327266 0.6425368 -0.6987244
-0.9238563 0 -0.3826716
255 255 255 255
0 0
0 0 0 0
1 0 0 0
-0.382708 0.6887598 -0.7487431
-0.1448409 -0.819422 -0.5545518
255 255 255 255
0 0
0 0 0 0
1 0 0 0
-0.4005684 0.6887598 -0.7918618
0 -1 0
255 255 255 255
0 0
0 0 0 0
1 0 0 0
0.4149375 0.6887597 -0.7918618
0 -1 0
255 255 255 255
0 0
0 0 0 0
1 0 0 0
-0.4758456 0.6887598 -0.7165844
0 -1 0
255 255 255 255
0 0
0 0 0 0
1 0 0 0
0.397077 0.6887597 -0.7487431
0.3447371 -0.7312845 -0.5884884
255 255 255 255
0 0
0 0 0 0
1 0 0 0
0.4902146 0.6887597 -0.7165844
0 -1 0
255 255 255 255
0 0
0 0 0 0
1 0 0 0
0.4470956 0.6887597 -0.6987244
0.6269417 -0.734489 -0.259682
255 255 255 255
0 0
0 0 0 0
1 0 0 0
0.4470956 0.6887597 0.1094862
0.819422 -0.5545518 -0.1448409
255 255 255 255
0 0
0 0 0 0
1 0 0 0
0.4902146 0.6887597 0.1094862
-6.103702E-05 -0.8628193 -0.5054476
255 255 255 255
0 0
0 0 0 0
1 0 0 0
0.4470956 0.6425366 -0.6987244
0.9238563 0 -0.3826716
255 255 255 255
0 0
0 0 0 0
1 0 0 0
0.4470956 0.6425366 0.05525152
0.9999695 0 0
255 255 255 255
0 0
0 0 0 0
1 0 0 0
0.4470956 0.6041869 0.147836
1 0 0
255 255 255 255
0 0
0 0 0 0
1 0 0 0
0.4470956 0.3099834 0.4420395
1 0 0
255 255 255 255
0 0
0 0 0 0
1 0 0 0
0.4470956 0.2775914 0.5202405
1 0 0
255 255 255 255
0 0
0 0 0 0
1 0 0 0
0.4470956 0.2775914 0.9176966
0.9238563 0 0.3826716
255 255 255 255
0 0
0 0 0 0
1 0 0 0
0.397077 0.2775914 0.9677153
0.5054476 0 0.8628498
255 255 255 255
0 0
0 0 0 0
1 0 0 0
-0.382708 0.2775915 0.9677153
-0.2527238 0 0.9675283
255 255 255 255
0 0
0 0 0 0
1 0 0 0
-0.382708 0.6425368 -0.7487431
-0.5054476 0 -0.8628498
255 255 255 255
0 0
0 0 0 0
1 0 0 0
0.397077 0.6425366 -0.7487431
0.2527238 0 -0.9675283
255 255 255 255
0 0
0 0 0 0
1 0 0 0
52 # faces
0 2 1
1 3 0
4 3 1
4 1 5
6 4 5
5 7 6
8 10 9
11 8 9
12 6 7
11 9 12
13 11 12
12 7 13
14 3 4
14 4 15
15 16 14
3 14 17
17 0 3
17 18 0
19 0 18
18 20 19
21 23 22
21 22 24
19 21 24
19 24 2
2 0 19
23 21 25
26 23 25
26 25 27
26 27 28
28 29 26
29 28 10
10 8 29
28 27 30
28 30 31
28 31 32
10 28 32
32 33 10
9 10 33
9 33 34
34 35 9
36 12 9
9 35 36
37 6 12
12 36 37
15 4 6
6 37 15
19 20 38
38 21 19
21 38 39
39 25 21
25 39 30
30 27 25
7_0006-ID24_1_0_0
1 # uv layers
1 # textures
blankTex.png
0 # uv layer index
34 # vertices
-0.4005685 0.2428161 -0.7918618
0.1723685 0.7312845 0.6599017
255 255 255 255
0 0
0 0 0 0
1 0 0 0
0.4149374 0.4252886 -0.7918618
-0.3826716 0 0.9238563
255 255 255 255
0 0
0 0 0 0
1 0 0 0
-0.4005685 0.4252888 -0.7918618
0.5054476 3.051851E-05 0.8628193
255 255 255 255
0 0
0 0 0 0
1 0 0 0
0.4149374 0.242816 -0.7918618
-0.259682 0.734489 0.6269417
255 255 255 255
0 0
0 0 0 0
1 0 0 0
0.4902146 0.242816 -0.7165844
-0.5884884 0.7312845 0.3447066
255 255 255 255
0 0
0 0 0 0
1 0 0 0
0.4902146 0.4252886 -0.7165844
-0.9675283 0 0.2526933
255 255 255 255
0 0
0 0 0 0
1 0 0 0
0.397077 0.242816 -0.7487431
0 1 0
255 255 255 255
0 0
0 0 0 0
1 0 0 0
0.4470955 0.242816 -0.6987244
0 1 0
255 255 255 255
0 0
0 0 0 0
1 0 0 0
0.4902146 0.242816 -0.07298639
-0.734489 0.6269112 0.259682
255 255 255 255
0 0
0 0 0 0
1 0 0 0
0.4470956 0.242816 -0.07298639
0 0.9238563 0.3826716
255 255 255 255
0 0
0 0 0 0
1 0 0 0
-0.3827081 0.2428161 -0.7487431
0 1 0
255 255 255 255
0 0
0 0 0 0
1 0 0 0
-0.4758456 0.2428161 -0.7165844
0.6269112 0.734489 0.259682
255 255 255 255
0 0
0 0 0 0
1 0 0 0
-0.4327266 0.2428161 -0.6987244
0 1 0
255 255 255 255
0 0
0 0 0 0
1 0 0 0
-0.4327266 0.2428161 -0.07298635
0 0.9675283 0.2527238
255 255 255 255
0 0
0 0 0 0
1 0 0 0
-0.4758456 0.2428161 -0.07298635
0.5814997 0.7019562 0.4111759
255 255 255 255
0 0
0 0 0 0
1 0 0 0
-0.4758456 0.4252888 -0.7165844
0.9238563 0 0.3826716
255 255 255 255
0 0
0 0 0 0
1 0 0 0
0.4902146 0.4252886 0.1094862
-1 0 0
255 255 255 255
0 0
0 0 0 0
1 0 0 0
0.4902146 0.06034338 0.4744313
-0.4472182 0.894406 0
255 255 255 255
0 0
0 0 0 0
1 0 0 0
0.4902146 0.06034338 0.1094862
-0.4759667 0.8124943 0.3365276
255 255 255 255
0 0
0 0 0 0
1 0 0 0
-0.4327266 0.06034349 0.1094863
0 0.8628193 0.5054476
255 255 255 255
0 0
0 0 0 0
1 0 0 0
-0.4758456 0.0603435 0.1094863
0.5814997 0.7871029 0.2055727
255 255 255 255
0 0
0 0 0 0
1 0 0 0
-0.4758456 0.4252888 0.1094863
1 0 0
255 255 255 255
0 0
0 0 0 0
1 0 0 0
-0.4758456 0.0603435 0.4744314
0.3162328 0.9486679 0
255 255 255 255
0 0
0 0 0 0
1 0 0 0
0.4470955 0.06034339 0.1094862
0 0.9238563 0.3826716
255 255 255 255
0 0
0 0 0 0
1 0 0 0
0.4470956 0.06034339 0.4744313
0 1 0
255 255 255 255
0 0
0 0 0 0
1 0 0 0
0.4470956 0.06034339 0.9176966
0 1 0
255 255 255 255
0 0
0 0 0 0
1 0 0 0
0.4902146 0.06034338 0.9355571
0 1 0
255 255 255 255
0 0
0 0 0 0
1 0 0 0
0.397077 0.06034339 0.9677153
0 1 0
255 255 255 255
0 0
0 0 0 0
1 0 0 0
0.4149374 0.06034339 1.010834
0 1 0
255 255 255 255
0 0
0 0 0 0
1 0 0 0
-0.382708 0.06034349 0.9677153
0 1 0
255 255 255 255
0 0
0 0 0 0
1 0 0 0
-0.4327266 0.06034349 0.4744314
0 1 0
255 255 255 255
0 0
0 0 0 0
1 0 0 0
-0.4327266 0.06034349 0.9176966
0 1 0
255 255 255 255
0 0
0 0 0 0
1 0 0 0
-0.4758456 0.0603435 0.9355571
0 1 0
255 255 255 255
0 0
0 0 0 0
1 0 0 0
-0.4005685 0.06034349 1.010834
0 1 0
255 255 255 255
0 0
0 0 0 0
1 0 0 0
42 # faces
0 2 1
1 3 0
1 5 4
4 3 1
6 0 3
6 3 4
7 6 4
7 4 8
8 9 7
0 6 10
11 0 10
11 10 12
11 12 13
13 14 11
11 15 2
2 0 11
8 5 16
8 16 17
17 18 8
8 4 5
14 13 19
19 20 14
21 15 11
21 11 14
21 14 20
20 22 21
23 9 8
8 18 23
23 18 17
24 23 17
25 24 17
25 17 26
27 25 26
27 26 28
28 29 27
20 19 30
22 20 30
22 30 31
32 22 31
32 31 29
29 28 33
33 32 29
5_0007-ID34_1_0_0
1 # uv layers
1 # textures
material_3.jpg
0 # uv layer index
24 # vertices
-0.382708 0.0002536369 0.9677153
-0.3826716 0 0.9238563
255 255 255 255
-7 -10.91112
0 0 0 0
1 0 0 0
-0.382708 0.06034349 0.9677153
-0.3826716 0 0.9238563
255 255 255 255
-6.752271 -10.91112
0 0 0 0
1 0 0 0
-0.4327266 0.06034349 0.9176966
-0.9522996 0 0.3050935
255 255 255 255
-6.752271 -10.32787
0 0 0 0
1 0 0 0
-0.4327266 0.0002536428 0.9176966
-0.9238563 0 0.3826716
255 255 255 255
-7 -10.32787
0 0 0 0
1 0 0 0
0.397077 0.06034339 0.9677153
0.2526933 0 0.9675283
255 255 255 255
-6.752271 -4.48156
0 0 0 0
1 0 0 0
0.397077 0.0002535439 0.9677153
0.5054476 0 0.8628498
255 255 255 255
-7 -4.48156
0 0 0 0
1 0 0 0
-0.4327266 0.0002536428 -0.07298635
-1 0 0
255 255 255 255
-7 -2.159395
0 0 0 0
1 0 0 0
-0.4327267 0.0002536428 -0.6987244
-0.9675283 0 -0.2526933
255 255 255 255
-7 3
0 0 0 0
1 0 0 0
-0.4327266 0.06034349 0.4744314
-1 0 0
255 255 255 255
-6.752271 -6.673019
0 0 0 0
1 0 0 0
-0.4327266 0.06034349 0.1094863
-1 0 0
255 255 255 255
-6.752271 -3.663937
0 0 0 0
1 0 0 0
-0.4327266 0.2428161 -0.6987244
-0.9675283 3.051851E-05 -0.2527238
255 255 255 255
-6 3
0 0 0 0
1 0 0 0
-0.4327266 0.2428161 -0.07298635
-0.9999695 0 0
255 255 255 255
-6 -2.159395
0 0 0 0
1 0 0 0
0.4470956 0.06034339 0.9176966
0.9522996 0 0.305124
255 255 255 255
-6.752271 -3.898313
0 0 0 0
1 0 0 0
0.4470956 0.000253538 0.9176966
0.9238563 0 0.3826716
255 255 255 255
-7 -3.898313
0 0 0 0
1 0 0 0
-0.3827081 0.2428161 -0.7487431
-0.5054476 0 -0.8628498
255 255 255 255
-6 3.583248
0 0 0 0
1 0 0 0
-0.3827081 0.0002536369 -0.7487431
-0.2527238 0 -0.9675283
255 255 255 255
-7 3.583248
0 0 0 0
1 0 0 0
0.4470955 0.06034339 0.1094862
1 0 0
255 255 255 255
-6.752271 2.765624
0 0 0 0
1 0 0 0
0.4470955 0.242816 -0.6987244
0.9675283 0 -0.2527238
255 255 255 255
-6 9.42956
0 0 0 0
1 0 0 0
0.4470956 0.242816 -0.07298639
0.9999695 0 0
255 255 255 255
-6 4.270165
0 0 0 0
1 0 0 0
0.4470956 0.06034339 0.4744313
0.2714011 -0.9624622 0
255 255 255 255
-6.752271 -0.243459
0 0 0 0
1 0 0 0
0.4470955 0.000253538 -0.6987244
0.9522996 0 -0.305063
255 255 255 255
-7 9.42956
0 0 0 0
1 0 0 0
0.4470955 0.000253538 0.1094862
1 0 0
255 255 255 255
-7 2.765624
0 0 0 0
1 0 0 0
0.397077 0.242816 -0.7487431
0.3826716 0 -0.9238563
255 255 255 255
-6 10.01281
0 0 0 0
1 0 0 0
0.3970769 0.0002535439 -0.7487431
0.3826716 0 -0.9238563
255 255 255 255
-7 10.01281
0 0 0 0
1 0 0 0
24 # faces
0 2 1
2 0 3
0 1 4
4 5 0
6 2 3
2 6 7
2 7 8
7 9 8
9 7 10
9 10 11
5 4 12
12 13 5
14 7 15
7 14 10
16 18 17
12 19 16
12 16 20
16 17 20
12 20 21
21 13 12
22 15 23
15 22 14
22 23 20
20 17 22
5_0008-ID49_1_0_0
1 # uv layers
1 # textures
material_1.jpg
0 # uv layer index
32 # vertices
0.4902146 0.3238144 0.4744313
1 0 0
255 255 255 255
0.473645 0.59116
0 0 0 0
1 0 0 0
0.4902146 0.06034338 0.4744313
1 0 0
255 255 255 255
0.473645 0.21116
0 0 0 0
1 0 0 0
0.4902146 0.4252886 0.1094862
1 0 0
255 255 255 255
1 0.217915
0 0 0 0
1 0 0 0
0.4902146 0.6887597 0.1094862
1 0 0
255 255 255 255
1 0.597915
0 0 0 0
1 0 0 0
0.4902146 0.6887597 -0.7165844
0.9675283 0 -0.2527238
255 255 255 255
2.191429 0.597915
0 0 0 0
1 0 0 0
0.4902146 0.4252886 -0.7165844
0.8628498 0 -0.505417
255 255 255 255
2.191429 0.217915
0 0 0 0
1 0 0 0
0.4902146 0.3238144 0.9355571
0.9238563 0 0.3826716
255 255 255 255
0.052447 0.590938
0 0 0 0
1 0 0 0
0.4902146 0.06034338 0.9355571
0.9238563 0 0.3826716
255 255 255 255
0.052447 0.210938
0 0 0 0
1 0 0 0
0.4902146 0.06034338 0.4744313
1 0 0
255 255 255 255
0.717521 0.210938
0 0 0 0
1 0 0 0
0.4902146 0.3238144 0.4744313
0.9999695 0 0
255 255 255 255
0.717521 0.590938
0 0 0 0
1 0 0 0
0.4149374 0.4252886 -0.7918618
0.3826716 0 -0.9238563
255 255 255 255
2.344972 0.217915
0 0 0 0
1 0 0 0
0.4149375 0.6887597 -0.7918618
0.3826716 0 -0.9238563
255 255 255 255
2.344972 0.597915
0 0 0 0
1 0 0 0
0.4149374 0.06034339 1.010834
0.3826716 0 0.9238563
255 255 255 255
-0.101096 0.210938
0 0 0 0
1 0 0 0
0.4149375 0.3238144 1.010834
0.3826716 0 0.9238563
255 255 255 255
-0.101096 0.590938
0 0 0 0
1 0 0 0
-0.4005685 0.4252888 -0.7918618
-0.2526933 3.051851E-05 -0.9675283
255 255 255 255
3.521163 0.217915
0 0 0 0
1 0 0 0
-0.4005684 0.6887598 -0.7918618
-0.505417 3.051851E-05 -0.8628498
255 255 255 255
3.521163 0.597915
0 0 0 0
1 0 0 0
-0.4005684 0.3238145 1.010834
-0.2526933 0 0.9675283
255 255 255 255
-1.277287 0.590938
0 0 0 0
1 0 0 0
-0.4005685 0.06034349 1.010834
-0.505417 -3.051851E-05 0.8628498
255 255 255 255
-1.277287 0.210938
0 0 0 0
1 0 0 0
-0.4758456 0.4252888 -0.7165844
-0.7070833 0 -0.7070833
255 255 255 255
3.674705 0.217915
0 0 0 0
1 0 0 0
-0.4758456 0.6887598 -0.7165844
-0.7070833 0 -0.7070833
255 255 255 255
3.674705 0.597915
0 0 0 0
1 0 0 0
-0.4758456 0.3238145 0.9355571
-0.8628498 -3.051851E-05 0.505417
255 255 255 255
-1.43083 0.590938
0 0 0 0
1 0 0 0
-0.4758456 0.0603435 0.9355571
-0.9675283 0 0.2526933
255 255 255 255
-1.43083 0.210938
0 0 0 0
1 0 0 0
-0.4758456 0.4252888 -0.7165844
-1 0 0
255 255 255 255
3.30465 0.217915
0 0 0 0
1 0 0 0
-0.4758456 0.4252888 0.1094863
-1 0 0
255 255 255 255
4.496079 0.217915
0 0 0 0
1 0 0 0
-0.4758455 0.6887598 0.1094863
-1 0 0
255 255 255 255
4.496079 0.597915
0 0 0 0
1 0 0 0
-0.4758456 0.6887598 -0.7165844
-1 0 0
255 255 255 255
3.30465 0.597915
0 0 0 0
1 0 0 0
-0.4758456 0.3238145 0.4744314
-0.9999695 0 0
255 255 255 255
-2.095904 0.590938
0 0 0 0
1 0 0 0
-0.4758456 0.0603435 0.4744314
-1 0 0
255 255 255 255
-2.095904 0.210938
0 0 0 0
1 0 0 0
-0.4758456 0.4252888 0.1094863
-1 0 0
255 255 255 255
1 0.217915
0 0 0 0
1 0 0 0
-0.4758456 0.0603435 0.4744314
-1 0 0
255 255 255 255
0.473645 0.21116
0 0 0 0
1 0 0 0
-0.4758456 0.3238145 0.4744314
-1 0 0
255 255 255 255
0.473645 0.59116
0 0 0 0
1 0 0 0
-0.4758455 0.6887598 0.1094863
-1 0 0
255 255 255 255
1 0.597915
0 0 0 0
1 0 0 0
24 # faces
0 2 1
2 0 3
4 2 3
2 4 5
6 8 7
8 6 9
5 11 10
11 5 4
12 6 7
6 12 13
11 14 10
14 11 15
12 16 13
16 12 17
15 18 14
18 15 19
17 20 16
20 17 21
22 24 23
24 22 25
26 21 27
21 26 20
28 30 29
30 28 31
5_0009-ID64_1_0_0
1 # uv layers
1 # textures
material_8.jpg
0 # uv layer index
16 # vertices
-0.4327266 0.3099835 0.4420396
0 0.7928709 0.6093326
255 255 255 255
3.104187 2.807037
0 0 0 0
1 0 0 0
0.4470956 0.3099834 0.4420395
0 0.86639 0.4993133
255 255 255 255
4.450861 1.460363
0 0 0 0
1 0 0 0
0.4470956 0.6041869 0.147836
3.051851E-05 0.7928709 0.6093631
255 255 255 255
4.901175 1.910677
0 0 0 0
1 0 0 0
-0.4327266 0.604187 0.147836
0 0.86639 0.4993133
255 255 255 255
3.554501 3.257351
0 0 0 0
1 0 0 0
-0.4327266 0.2775915 0.5202405
0 0.9656972 0.2595294
255 255 255 255
2.984491 2.687341
0 0 0 0
1 0 0 0
0.4470956 0.2775914 0.5202405
0 0.9915159 0.1297342
255 255 255 255
4.331165 1.340667
0 0 0 0
1 0 0 0
0.4470956 0.6425366 0.05525152
0 0.9656972 0.2595599
255 255 255 255
5.042887 2.052389
0 0 0 0
1 0 0 0
-0.4327265 0.6425368 0.05525156
0 0.9915464 0.1297342
255 255 255 255
3.696213 3.399063
0 0 0 0
1 0 0 0
-0.4327266 0.2775915 0.9176966
0 1 0
255 255 255 255
2.376136 2.078987
0 0 0 0
1 0 0 0
-0.382708 0.2775915 0.9677153
0 1 0
255 255 255 255
2.376136 1.925868
0 0 0 0
1 0 0 0
0.397077 0.2775914 0.9677153
0 1 0
255 255 255 255
3.569691 0.732313
0 0 0 0
1 0 0 0
0.4470956 0.2775914 0.9176966
0 0.9999695 0
255 255 255 255
3.72281 0.732313
0 0 0 0
1 0 0 0
0.4470956 0.6425366 -0.6987244
0 1 0
255 255 255 255
6.196937 3.20644
0 0 0 0
1 0 0 0
-0.4327266 0.6425368 -0.6987244
0 0.9999695 0
255 255 255 255
4.850263 4.553114
0 0 0 0
1 0 0 0
0.397077 0.6425366 -0.7487431
0 1 0
255 255 255 255
6.196937 3.359559
0 0 0 0
1 0 0 0
-0.382708 0.6425368 -0.7487431
0 0.9999695 0
255 255 255 255
5.003382 4.553114
0 0 0 0
1 0 0 0
14 # faces
0 2 1
2 0 3
1 4 0
4 1 5
3 6 2
6 3 7
5 8 4
8 10 9
10 8 11
11 8 5
7 12 6
12 7 13
12 13 14
14 13 15
